,0,1,2,3,4,5,6,7,8,9,10,11,12,13,14,15,16,17,18,19,20,21,22,23,24,25,26,27,28,29,30,31,32,33,34,35,36,37,38,39
0,0.4422259,0.46141404,0.659646,0.3602357,0.1387726,0.63779515,0.32995576,0.5149346,0.51317424,0.48386854,0.45718032,0.25447917,0.23462543,0.40803954,0.033114187,0.22891858,0.19088694,0.36744946,0.13567895,0.5173712,0.20257081,0.122457884,0.36669055,0.03356381,0.04555301,0.42201465,0.27596787,0.23926905,0.7314074,0.3190777,0.124521516,0.07707978,0.20178543,0.26136976,0.59607345,0.89232934,0.6289413,0.18785252,0.34738234,0.38032797
1,0.38989225,0.41552246,0.677919,0.33260882,0.13296165,0.6869841,0.31497398,0.5534946,0.5939065,0.47786868,0.4946496,0.2554907,0.20298417,0.41413215,0.028921084,0.2101503,0.1788281,0.3374325,0.13966939,0.5151413,0.18278435,0.0926603,0.3554593,0.026389945,0.031422764,0.44252798,0.29437512,0.22697836,0.67318916,0.34614098,0.13151747,0.06928197,0.17728251,0.23719333,0.6401405,0.88299114,0.6408205,0.17043899,0.29350674,0.31841388
2,0.333729,0.38353765,0.68900406,0.289019,0.13125943,0.73851407,0.2902117,0.57181716,0.65313363,0.45099849,0.50093937,0.26399782,0.18747455,0.4261264,0.024066636,0.17425095,0.16222416,0.3173423,0.15429567,0.52405417,0.14924619,0.067033485,0.33409008,0.018686969,0.020496733,0.45917675,0.31232083,0.21807607,0.5962973,0.38441032,0.12853897,0.054004107,0.15256451,0.22104104,0.6586877,0.86778295,0.6596161,0.16202684,0.24028239,0.26188484
3,0.28365466,0.3714671,0.6848263,0.24498428,0.13713177,0.775379,0.2699225,0.5756616,0.68795377,0.40387204,0.48092312,0.28529102,0.18896452,0.4341802,0.020011496,0.1379623,0.1424996,0.31620824,0.1768805,0.5356596,0.11562089,0.049945083,0.3088831,0.013163964,0.014386724,0.4733283,0.32035306,0.2113325,0.5213185,0.42333397,0.11806393,0.039616846,0.12845907,0.21656081,0.6495726,0.84606206,0.6761639,0.16512229,0.19991471,0.22338217
4,0.24838884,0.38716206,0.65421087,0.21423662,0.15539825,0.7870086,0.2652784,0.57380337,0.69436854,0.3481835,0.44916916,0.32437384,0.20737295,0.4232068,0.017669326,0.11344133,0.12322451,0.33701628,0.19903532,0.5431798,0.09149833,0.041806888,0.29605272,0.010407097,0.0122464085,0.48187858,0.3037729,0.20212917,0.47570372,0.4517554,0.105250984,0.031143952,0.10573873,0.22626378,0.6088509,0.8224238,0.6883677,0.18301858,0.1847701,0.208521
5,0.23788929,0.43786705,0.59085405,0.2022053,0.18968414,0.77057344,0.27784073,0.56461674,0.6673966,0.30057555,0.41702458,0.3813975,0.24363825,0.38947842,0.01736265,0.100997485,0.11163223,0.37174246,0.21185003,0.54607856,0.080244936,0.041822396,0.3071008,0.0098801125,0.01333589,0.48512664,0.2586178,0.1897585,0.47919858,0.45964485,0.09264911,0.028507505,0.0874398,0.24882136,0.53702325,0.8063633,0.7012024,0.21981835,0.20570849,0.21930858
6,0.25578287,0.5158294,0.4978576,0.20630206,0.23830628,0.7269652,0.30405045,0.5438896,0.6067674,0.26832923,0.38831863,0.44388208,0.30036587,0.3457991,0.018985713,0.098049924,0.11302253,0.40955713,0.21324912,0.5434993,0.08076756,0.049707584,0.33759668,0.011392542,0.018177282,0.4868936,0.20259972,0.17876063,0.5263982,0.4455853,0.08144031,0.030268377,0.07591467,0.2787564,0.4412902,0.80457085,0.7115504,0.27255696,0.26447377,0.2538739
7,0.2910572,0.5906613,0.38661912,0.21895371,0.29438525,0.6670747,0.34190965,0.51226455,0.5218922,0.24791414,0.3666665,0.49118724,0.37266994,0.31076434,0.022080997,0.10313515,0.12765008,0.44217718,0.20905,0.53435326,0.088699654,0.06458109,0.3761436,0.015149521,0.028080525,0.49445373,0.15803899,0.1737534,0.59046406,0.41654715,0.07354583,0.034648683,0.06911943,0.3070046,0.34031814,0.81265324,0.7109178,0.32502443,0.3456159,0.29947615
8,0.3275604,0.6386328,0.28336057,0.23367476,0.3463282,0.61285096,0.3868399,0.47663397,0.43617517,0.23846212,0.3583633,0.5160265,0.44083172,0.29183322,0.025725884,0.11419718,0.1516115,0.46142745,0.20348613,0.5242143,0.09955845,0.08387745,0.41907305,0.020775048,0.042819537,0.51035017,0.13082686,0.17546898,0.65124565,0.38266683,0.06959755,0.03992843,0.06382581,0.32223213,0.2606033,0.82049716,0.69989544,0.3617158,0.42885563,0.3392876
9,0.35921338,0.6576721,0.21566871,0.2460209,0.38028848,0.58165836,0.42365503,0.44933647,0.3752867,0.24033369,0.36680868,0.5268967,0.484483,0.28533155,0.02837739,0.12682824,0.17816213,0.46417183,0.19603658,0.5156757,0.110152856,0.10367748,0.46284875,0.026088046,0.056839358,0.5246136,0.11766668,0.18226033,0.700013,0.35706007,0.06797447,0.04508559,0.059616365,0.32042295,0.21592388,0.8215385,0.68970066,0.37731284,0.49893373,0.35955727
10,0.386347,0.65464264,0.18886414,0.25240833,0.38648817,0.58177316,0.4387045,0.43626,0.3489102,0.2504834,0.38519707,0.5368486,0.4966925,0.2880809,0.028351009,0.13452826,0.19842523,0.4529461,0.1891287,0.5107835,0.116775624,0.11996493,0.5004839,0.027451804,0.06167305,0.52600414,0.11464719,0.19342299,0.7350088,0.34947565,0.066191226,0.048651606,0.05748513,0.30625537,0.20401081,0.8126296,0.6927635,0.37730172,0.54516894,0.35348228
11,0.40660605,0.6362383,0.19655743,0.24973412,0.36471835,0.6130011,0.42881906,0.43456012,0.35346037,0.2640639,0.40199438,0.5513234,0.48141876,0.30111176,0.025160393,0.13381666,0.20492607,0.43252805,0.1867131,0.51112795,0.11619995,0.1290454,0.52753735,0.023505572,0.054783363,0.5100712,0.11963189,0.20980401,0.75582904,0.3644695,0.06285841,0.048846688,0.057749547,0.28662965,0.2186616,0.79161143,0.7135048,0.36997265,0.56346136,0.32267192
12,0.41674966,0.60811627,0.23290199,0.23693648,0.3244409,0.66535497,0.3993893,0.43697003,0.38004884,0.27581444,0.4083208,0.5665783,0.44785458,0.3269877,0.020218736,0.1263725,0.19706452,0.4076506,0.19143988,0.51498,0.108135946,0.12857458,0.54350084,0.017016716,0.04188645,0.4800987,0.13212378,0.23306392,0.76195157,0.40071753,0.058080684,0.04496022,0.060009446,0.26683515,0.253968,0.75768733,0.7462991,0.36222807,0.55559975,0.2775229
13,0.4180059,0.57559615,0.28877074,0.21766484,0.27939168,0.72232467,0.36117074,0.4355955,0.41614684,0.28152612,0.4010734,0.57663643,0.4079248,0.3656391,0.015668238,0.11570352,0.18183064,0.382325,0.20446132,0.5200761,0.09552011,0.11994079,0.54905504,0.011432503,0.0301564,0.44529265,0.15176807,0.2639804,0.7554475,0.44901034,0.052688576,0.03802189,0.06400586,0.2500019,0.300165,0.7153093,0.7799119,0.3594553,0.52628094,0.23418953
14,0.414193,0.54504323,0.34813926,0.19891948,0.2384616,0.77070415,0.3262507,0.42663786,0.44945344,0.27967605,0.38188812,0.5805402,0.37317765,0.41063023,0.012609825,0.10401125,0.16781849,0.36006108,0.22514488,0.5270301,0.082370974,0.10756975,0.5439368,0.007885133,0.022436379,0.41711926,0.17524509,0.300425,0.7412969,0.49513483,0.047561068,0.03025229,0.069612294,0.23721845,0.34445116,0.67579573,0.80533665,0.3642449,0.48194796,0.20432955
15,0.4078859,0.52494836,0.3955204,0.1862145,0.20338267,0.80455893,0.30339947,0.41259313,0.47320643,0.2724311,0.35580078,0.5807244,0.35010615,0.4501642,0.011060336,0.092968665,0.16034648,0.34423712,0.24890132,0.5371978,0.072172806,0.095738746,0.52928084,0.00601362,0.01840184,0.4058679,0.19378991,0.33728695,0.7250121,0.5266064,0.04354911,0.023919549,0.07582394,0.22826736,0.37830502,0.6524635,0.81932336,0.37547347,0.43309677,0.19041726
16,0.40151373,0.5215525,0.42341763,0.18137184,0.17356451,0.8226612,0.29434294,0.3991338,0.4869278,0.2646499,0.3311283,0.57766104,0.33927137,0.47312626,0.010730868,0.08441282,0.16192256,0.3361756,0.2666178,0.550158,0.066737965,0.08648362,0.50986034,0.0052481936,0.017053828,0.41828462,0.19740625,0.36865562,0.71130997,0.53598124,0.04128102,0.020042626,0.080189,0.2216624,0.39977378,0.6531681,0.8230439,0.3892575,0.39234686,0.18963794
17,0.3975208,0.5337956,0.43090373,0.18284228,0.14873977,0.82658386,0.29495466,0.39126912,0.49419248,0.2608318,0.31605065,0.5700877,0.33802766,0.47523555,0.011347871,0.079188,0.17315674,0.33354166,0.27052605,0.5656503,0.06567725,0.079509,0.49255306,0.0051684394,0.017496888,0.45514765,0.1836746,0.39057657,0.70181483,0.5226595,0.040928982,0.018328773,0.07985826,0.21448138,0.4095325,0.67586464,0.8191225,0.40232104,0.36620858,0.19738305
18,0.39654744,0.5548725,0.42040607,0.18692268,0.12891294,0.81925744,0.2994669,0.39236087,0.500852,0.26261532,0.31501496,0.5571841,0.34182113,0.45987937,0.012664086,0.076804146,0.19254538,0.3316319,0.25978994,0.58396566,0.067292646,0.073437,0.4838107,0.0054942905,0.018929651,0.50936645,0.15914911,0.4017147,0.693449,0.4938354,0.04229018,0.01801761,0.07398878,0.203666,0.40860125,0.7113535,0.8096372,0.41436797,0.3518996,0.20906082
19,0.39748406,0.5767659,0.399065,0.18963231,0.11415973,0.80423474,0.3027663,0.40357003,0.51391786,0.26920024,0.3280964,0.5388735,0.34415096,0.43507057,0.014362275,0.07617289,0.21582335,0.32587737,0.2392709,0.60349107,0.06972167,0.06701454,0.4873169,0.0059863,0.020441096,0.56627107,0.13331331,0.40211856,0.6811148,0.4619583,0.04484436,0.018348387,0.06486769,0.18834317,0.39982453,0.7491783,0.797309,0.4269466,0.3419849,0.22130735
20,0.39739656,0.5936676,0.37952572,0.18846183,0.10478294,0.7855023,0.301795,0.42338184,0.5386133,0.27896807,0.35010684,0.515572,0.33835742,0.41081136,0.015959114,0.076665506,0.23456796,0.31480604,0.21576712,0.6201682,0.07173753,0.059909213,0.5023014,0.0063973134,0.021119311,0.60841346,0.113481246,0.3916583,0.6611094,0.43992853,0.047978822,0.018757047,0.056064095,0.17167024,0.38809326,0.7813146,0.78707516,0.44116122,0.3308113,0.23277415
21,0.39077038,0.60376906,0.3750943,0.1830461,0.10169928,0.7669952,0.29670593,0.4484921,0.5744761,0.2902134,0.37079814,0.48817575,0.3216137,0.39736378,0.016863838,0.07882719,0.23686537,0.30173552,0.19562955,0.62975895,0.07301462,0.052784827,0.52446854,0.0065431325,0.02056945,0.62197715,0.10359487,0.3694731,0.6320496,0.43775362,0.051503148,0.019040326,0.04996064,0.15968217,0.3783264,0.8027217,0.78454494,0.45616555,0.31801403,0.24348184
22,0.37226576,0.6083587,0.39130542,0.17540108,0.1066653,0.7510979,0.29081163,0.47548866,0.61398536,0.3018052,0.38023686,0.45858693,0.2977014,0.40191633,0.016777819,0.084470734,0.21477486,0.2928982,0.18291397,0.6305043,0.07396557,0.046866126,0.5492683,0.0064756577,0.019236073,0.5994892,0.10555255,0.33545467,0.5953764,0.4609446,0.055958573,0.019368611,0.04740217,0.15774654,0.37330332,0.8114632,0.791143,0.46899256,0.30752075,0.25388345
23,0.3427947,0.60849524,0.41925633,0.16953294,0.121741176,0.7371777,0.29001924,0.5016508,0.6447699,0.31419423,0.37460142,0.43078282,0.27632436,0.42436707,0.016072992,0.09638884,0.17413473,0.2934165,0.17927898,0.6253707,0.0753735,0.043626178,0.57356113,0.0065599442,0.018157743,0.54223365,0.1206715,0.29372346,0.5569376,0.50772804,0.062401332,0.020143718,0.04870776,0.16793412,0.3720327,0.80875087,0.80030614,0.47621343,0.30381376,0.26528165
24,0.3107386,0.6032389,0.4398058,0.16905649,0.14887352,0.7229331,0.30069143,0.52482134,0.65518844,0.32922545,0.3563811,0.4105012,0.26850298,0.4572603,0.015433999,0.11781792,0.13120855,0.30484995,0.18547292,0.6208948,0.07788855,0.044498004,0.5947412,0.0073172837,0.018380832,0.46232888,0.14975785,0.25263348,0.52569056,0.56784266,0.071894825,0.021906398,0.054459818,0.18913274,0.36999238,0.79737073,0.8012307,0.47548914,0.30958,0.27959737
25,0.2860788,0.5915739,0.441084,0.17528252,0.19031045,0.706188,0.32516697,0.54282093,0.63956594,0.34738573,0.33114803,0.40225738,0.2813494,0.49054742,0.015255776,0.15117465,0.09807604,0.3253929,0.20108771,0.61994934,0.082031734,0.050619528,0.60993963,0.009312239,0.020555908,0.37776333,0.19253261,0.21946213,0.50906295,0.62706804,0.08480714,0.025288912,0.06576271,0.2200812,0.36400202,0.7797848,0.7865218,0.46500814,0.32703277,0.2977061
26,0.27526584,0.57391024,0.4257123,0.18881094,0.24591145,0.68631846,0.35950884,0.5527147,0.59961176,0.36522195,0.30579066,0.4071742,0.31633073,0.5129645,0.015661143,0.19446269,0.07867153,0.3496029,0.22284758,0.6186342,0.08876618,0.06263836,0.616605,0.013191345,0.024818724,0.30797118,0.2455823,0.19764422,0.51165885,0.6707861,0.10017531,0.030877197,0.0829821,0.2589776,0.35867435,0.7589898,0.7550691,0.4427644,0.35995576,0.3173015
27,0.27888596,0.55095106,0.4022513,0.2104101,0.3089904,0.6654054,0.39546737,0.5529409,0.54345745,0.3790958,0.28690767,0.42204693,0.36811537,0.5145187,0.016673535,0.24015026,0.07212109,0.37001002,0.24459328,0.6126037,0.09876255,0.080050476,0.6136612,0.019446546,0.03064975,0.26591834,0.30042264,0.18680248,0.5332883,0.68918467,0.11606242,0.038961045,0.10362346,0.29861882,0.36177883,0.73951924,0.71160465,0.40709913,0.40927297,0.33308285
28,0.29360908,0.5230838,0.3771846,0.23972821,0.36879104,0.6466832,0.4240409,0.5475548,0.48181698,0.38989562,0.2786942,0.44195014,0.4269387,0.49012333,0.018091105,0.2806881,0.0761494,0.38131505,0.2605355,0.6028492,0.110738926,0.100470535,0.6037138,0.027703864,0.036722343,0.2528157,0.3465575,0.18419155,0.56716764,0.6817022,0.13069975,0.049201433,0.12262887,0.3271636,0.37705797,0.72506326,0.6636684,0.35952863,0.46704748,0.3386148
29,0.31639135,0.48970994,0.3561364,0.27411926,0.4146021,0.6323189,0.43795082,0.5443547,0.4249568,0.40152296,0.28374568,0.46315932,0.48197395,0.43989608,0.019331912,0.31137216,0.08896336,0.38149846,0.2670985,0.5939755,0.1216597,0.11966182,0.59184414,0.035901856,0.040813893,0.26559335,0.37631226,0.187105,0.60485667,0.6509568,0.14267772,0.060377304,0.13431752,0.3360629,0.4065817,0.71593934,0.61974186,0.3058664,0.5210437,0.32695147
30,0.3449494,0.45053905,0.3451083,0.30717972,0.43844295,0.6212633,0.43365607,0.5477344,0.37993258,0.41622752,0.30133694,0.48066095,0.5233421,0.37291327,0.01959544,0.3304894,0.107776985,0.37209436,0.2626461,0.5890924,0.12854087,0.13405856,0.58118534,0.040767632,0.040993627,0.29886,0.38755795,0.19359171,0.6415407,0.60086405,0.14991264,0.07026288,0.13619173,0.3254359,0.4488262,0.7098896,0.5883323,0.25427246,0.56169915,0.2969247
31,0.37972993,0.40934175,0.34822923,0.3312147,0.43745247,0.61021143,0.41146398,0.55698764,0.35042056,0.432588,0.32619435,0.49134073,0.5465131,0.30411398,0.018631594,0.33599353,0.12880024,0.35628942,0.24867062,0.58781636,0.13023496,0.14312418,0.5717611,0.040325567,0.0373894,0.3429421,0.38374993,0.20274268,0.67594314,0.5408237,0.14983392,0.076367244,0.13136126,0.3014426,0.49690554,0.7057252,0.57375765,0.2125084,0.58497393,0.25763378
32,0.42291257,0.3738114,0.36970878,0.3409071,0.4147188,0.5966742,0.3748403,0.5691828,0.33818793,0.44663873,0.34967417,0.49590594,0.5529859,0.24624547,0.016931327,0.3247777,0.14874135,0.33677265,0.2310055,0.58854896,0.12749632,0.14713931,0.5619861,0.035382718,0.03178644,0.3853744,0.37252852,0.21455179,0.70507634,0.48422733,0.14181629,0.077231534,0.12527046,0.2728026,0.5429285,0.7034977,0.5747886,0.18554728,0.591038,0.22200547
33,0.46993402,0.34978977,0.41429767,0.33432138,0.3782525,0.58083916,0.33039588,0.57931966,0.34219125,0.45437345,0.36164927,0.49352336,0.546892,0.20647791,0.01505048,0.29926562,0.16347627,0.3160433,0.2163427,0.591205,0.12181782,0.14455274,0.54889554,0.028391205,0.025931593,0.41416758,0.3624495,0.2277879,0.7233877,0.44015408,0.12881993,0.07292063,0.12148377,0.24861364,0.57954746,0.70347756,0.5884943,0.17426005,0.58280385,0.19887495
34,0.50844514,0.33866423,0.47796208,0.31573087,0.33800888,0.5657008,0.28792158,0.58181053,0.3575979,0.4556379,0.3556561,0.48312715,0.53420514,0.18635477,0.013419545,0.2691209,0.1689032,0.29691577,0.20817876,0.59808314,0.11497841,0.13443983,0.5305735,0.021919433,0.021030871,0.42396033,0.35877594,0.23921369,0.7278341,0.41055703,0.11594034,0.065101594,0.12092687,0.23453484,0.60049504,0.70774,0.6099186,0.17651536,0.56624925,0.19191293
35,0.52834624,0.33936736,0.5427004,0.29549423,0.30206588,0.55456144,0.2580268,0.5738666,0.37688842,0.4541491,0.33229864,0.4686046,0.52191645,0.18415342,0.012421439,0.24459122,0.16458683,0.2829543,0.20714663,0.6118522,0.1091382,0.120355904,0.50737375,0.017576165,0.017858012,0.41942,0.36226842,0.24618731,0.72104955,0.39373463,0.10729987,0.05658054,0.12345843,0.23173936,0.60367507,0.7190688,0.6298585,0.18915273,0.54870325,0.20188881
36,0.52836883,0.34954274,0.5865926,0.28467667,0.27486587,0.54958475,0.24796745,0.5566321,0.3925003,0.4534066,0.29894927,0.45827794,0.5154118,0.19676684,0.012364595,0.23029768,0.15509988,0.27716267,0.21286954,0.6324754,0.1062845,0.10838192,0.4806768,0.015793474,0.016754929,0.41178167,0.37039042,0.24858676,0.71021533,0.38617384,0.10471504,0.049880523,0.12879059,0.23811585,0.59249437,0.7377387,0.63796747,0.20828494,0.5361063,0.22758803
37,0.5148848,0.36576173,0.59731644,0.28980786,0.2576674,0.55148053,0.26006967,0.53403574,0.3997939,0.4550923,0.2663657,0.45985496,0.51698667,0.21979885,0.013521472,0.22472914,0.14722967,0.27987048,0.2248227,0.6572643,0.10736578,0.102354966,0.45256796,0.016491044,0.017873323,0.41178584,0.37951165,0.24821392,0.7028053,0.3830905,0.10831356,0.046193447,0.13637161,0.24947569,0.5730833,0.7608124,0.6273344,0.22933404,0.5314734,0.265721
38,0.49774808,0.38470048,0.5750362,0.31164667,0.24898998,0.55948836,0.2924866,0.5108942,0.39849827,0.4595819,0.24298316,0.47604543,0.52615327,0.24799724,0.016180858,0.2231121,0.14628316,0.2885104,0.24237129,0.6829075,0.11221567,0.10281282,0.42608637,0.019641304,0.021494774,0.4248682,0.38678452,0.24773324,0.7025935,0.3802123,0.11710911,0.045495618,0.14538665,0.26089016,0.5513455,0.7844003,0.59630144,0.24861912,0.53427964,0.31147203
39,0.4852721,0.40437004,0.5282115,0.34628564,0.24511719,0.57271457,0.33996356,0.4914262,0.39195043,0.46610317,0.23220998,0.504631,0.5397427,0.27699167,0.020585526,0.22031435,0.15471846,0.2994914,0.26448026,0.70714515,0.11985783,0.10859238,0.40437496,0.025230953,0.028101774,0.45135865,0.38989368,0.24987614,0.709151,0.3756545,0.1290561,0.047119692,0.15485321,0.2681667,0.5319632,0.80573356,0.54884326,0.26516083,0.5403685,0.3589904
40,0.48084062,0.42429322,0.46932563,0.3862823,0.24158488,0.59120077,0.39453655,0.4785364,0.3857044,0.47323874,0.2339764,0.5414339,0.5521014,0.30436984,0.026710492,0.21253511,0.17222324,0.3100159,0.28921482,0.72898954,0.12861152,0.11792944,0.389368,0.03271256,0.037952896,0.48780188,0.38638335,0.25615868,0.71970326,0.37037805,0.14111643,0.05008648,0.16348718,0.26897398,0.5175573,0.82353055,0.49461773,0.28079614,0.54377335,0.40185633
41,0.483673,0.4448726,0.41154414,0.42256624,0.23542286,0.6151094,0.4467238,0.473122,0.38539156,0.47959635,0.24681349,0.5816314,0.5564904,0.32960206,0.03401129,0.1981586,0.19589095,0.3186004,0.31355372,0.74727714,0.13644397,0.12883075,0.38156372,0.04048689,0.05024293,0.5265913,0.37471002,0.26587898,0.7312206,0.3674304,0.14977133,0.053249724,0.17014177,0.26346081,0.50784516,0.83757794,0.44655618,0.29839626,0.5396594,0.43505847
42,0.49093693,0.46685374,0.3658978,0.4477344,0.22606228,0.6434052,0.48821518,0.4732201,0.39375284,0.48372048,0.26755044,0.6190909,0.5471765,0.3541304,0.041377503,0.17826843,0.22052349,0.32509834,0.33464083,0.76018196,0.14168665,0.13939369,0.3805149,0.046242706,0.06281118,0.55750537,0.3555394,0.2766681,0.74137425,0.37027413,0.15226664,0.055461895,0.1747495,0.25433168,0.50048506,0.8482223,0.41585433,0.32016954,0.5256636,0.45717973
43,0.498207,0.49107626,0.33873641,0.45827037,0.21474184,0.6736771,0.51476413,0.4746863,0.4094034,0.48404324,0.29013833,0.6470697,0.52164114,0.38113022,0.047378663,0.15643315,0.23941644,0.33056387,0.35115027,0.76624286,0.14345413,0.14798994,0.38566497,0.04823213,0.07314167,0.57161975,0.33167788,0.28572792,0.74799097,0.38182372,0.14802927,0.05584159,0.17841667,0.24591632,0.49273974,0.85590917,0.40864897,0.34696352,0.5018067,0.4700744
44,0.50022215,0.51751345,0.33120665,0.4540109,0.20409246,0.70262104,0.5258663,0.473826,0.42855686,0.4797529,0.30767614,0.66054183,0.48172623,0.41332337,0.050752033,0.13710709,0.24617012,0.3363866,0.36223102,0.76485455,0.14156628,0.15298922,0.3972191,0.046322625,0.07945675,0.56355333,0.30696198,0.29022008,0.74872416,0.40419787,0.13887091,0.05413542,0.18225048,0.24238841,0.48224953,0.86090565,0.4265586,0.37753764,0.47058564,0.47627324
45,0.4929212,0.54418755,0.34077066,0.4368359,0.19758378,0.7268712,0.522732,0.46960497,0.44761625,0.47118562,0.3167762,0.65775317,0.43338558,0.45005035,0.050923117,0.1234247,0.23768122,0.34326744,0.36609003,0.75609106,0.1363955,0.15254077,0.41547853,0.041823752,0.08083486,0.5327729,0.28509912,0.28769392,0.7414318,0.43749744,0.12775916,0.050829727,0.18611662,0.24640442,0.46796083,0.8631886,0.4672907,0.40796003,0.43666068,0.4766345
46,0.47482136,0.5672456,0.3623013,0.41018057,0.19833107,0.7440804,0.5077073,0.46370617,0.46434212,0.45893306,0.31913325,0.64019173,0.3855215,0.4861296,0.04820086,0.11646748,0.21647213,0.35101447,0.36088854,0.7407183,0.12889771,0.14530577,0.4388767,0.036504548,0.07715422,0.48620683,0.2688839,0.27757204,0.72452223,0.47778004,0.11743561,0.04684894,0.18817228,0.2585688,0.4516755,0.8623239,0.5230823,0.43196115,0.4056545,0.46949238
47,0.44706166,0.5821105,0.38834178,0.37868115,0.20735988,0.7536033,0.48494333,0.45889035,0.47737324,0.44327542,0.31898326,0.6120154,0.3472386,0.5136954,0.043563876,0.11601146,0.18966946,0.35901898,0.34649283,0.72066474,0.120536536,0.13179873,0.46303558,0.031702794,0.06941929,0.43916932,0.25930077,0.2627203,0.69775206,0.51660067,0.10976864,0.04310616,0.18513766,0.27702728,0.4379137,0.8575359,0.5809643,0.4427376,0.38240322,0.45143643
48,0.4126316,0.5854754,0.41113433,0.3468147,0.22270718,0.75658137,0.45958346,0.4568489,0.48572826,0.42485377,0.3201165,0.57907546,0.32373592,0.5264627,0.038238887,0.12108826,0.16463596,0.36681187,0.3247264,0.69859505,0.11270023,0.11451877,0.48233026,0.027947942,0.059598718,0.40783158,0.25508642,0.24836046,0.6629887,0.5447799,0.10550448,0.040166263,0.17415941,0.29809755,0.43066472,0.8482773,0.6291781,0.43572205,0.36911532,0.42000738
49,0.3759758,0.5774237,0.42625794,0.31735134,0.24055618,0.75511944,0.43512475,0.45755148,0.48932055,0.405286,0.32528988,0.54672265,0.3145457,0.5228537,0.03320201,0.12994221,0.14553794,0.37427762,0.29815188,0.67632055,0.10611485,0.096648954,0.4933715,0.025113398,0.04969176,0.3995628,0.25313503,0.2387223,0.62408787,0.5573472,0.10413331,0.038182195,0.1555033,0.31802833,0.43074715,0.83485574,0.66345793,0.41110978,0.3647941,0.37657228
50,0.34276178,0.5622324,0.43392518,0.29104653,0.25689122,0.7508532,0.41250947,0.46054074,0.48955458,0.3865549,0.33632234,0.5178075,0.31568718,0.5057373,0.028887963,0.14006732,0.13336931,0.3816762,0.26932833,0.6542698,0.10092542,0.080868274,0.49694684,0.022784797,0.041060623,0.41263512,0.24934915,0.23548394,0.5863822,0.5544836,0.1041109,0.03705758,0.1327021,0.33395436,0.4362992,0.81837523,0.68582916,0.37493587,0.36634225,0.32690424
51,0.31810883,0.5472141,0.43721956,0.26729956,0.26852894,0.7442475,0.39150864,0.46609065,0.48917535,0.37013403,0.35338,0.4926704,0.3224995,0.48063284,0.025322476,0.1487666,0.12731113,0.38980898,0.24090722,0.63235646,0.09704282,0.06867336,0.496693,0.020578774,0.034366302,0.4406575,0.24017075,0.23832427,0.55504614,0.54006326,0.10352882,0.036610734,0.11003849,0.34412917,0.44405377,0.80024713,0.7002146,0.3370625,0.36989352,0.27892628
52,0.30439693,0.54014516,0.43941784,0.24510027,0.2737642,0.735113,0.3722818,0.475085,0.4916164,0.35649994,0.37457404,0.47034207,0.33095792,0.45399013,0.02240775,0.15405354,0.12580071,0.39983782,0.21547064,0.6106405,0.09436726,0.060298946,0.49679363,0.018346578,0.029757703,0.47581095,0.22415926,0.24568887,0.532542,0.520182,0.100996435,0.036653515,0.090288535,0.34808248,0.4502704,0.7819156,0.7099691,0.30698258,0.37176904,0.23915373
53,0.300903,0.5466313,0.44237068,0.22395173,0.272733,0.723777,0.35600135,0.4879508,0.49988982,0.34514794,0.39638197,0.4500506,0.3380081,0.43192232,0.020083698,0.15509664,0.1272052,0.41224158,0.19532228,0.5896455,0.0928274,0.05520334,0.5005821,0.016188482,0.027096026,0.5104023,0.20266059,0.2552047,0.51765394,0.50143856,0.096264295,0.036989078,0.07440715,0.3465704,0.45159236,0.76490396,0.71749794,0.29116547,0.369622,0.21087858
54,0.30475736,0.56830925,0.44581142,0.20446414,0.2676243,0.71236616,0.34454936,0.50355655,0.5149266,0.33520353,0.41481,0.43264288,0.3419331,0.41939786,0.018371828,0.15178008,0.13027482,0.42562157,0.18255803,0.5710136,0.092159666,0.052573368,0.51027304,0.014312201,0.026117012,0.5372309,0.17924011,0.26385784,0.50667554,0.4895114,0.0902327,0.037338104,0.06238338,0.341144,0.4456614,0.75094324,0.72448605,0.292967,0.36341152,0.1947756
55,0.3117038,0.6023276,0.44688323,0.1882966,0.26230767,0.7054745,0.34012827,0.5190121,0.5343972,0.32598373,0.42722556,0.4208739,0.34280595,0.41986486,0.017362319,0.14409778,0.13456002,0.43688136,0.17900158,0.55772567,0.09174697,0.0515198,0.52720606,0.012895424,0.026515197,0.5508173,0.15794723,0.26859188,0.49506277,0.488457,0.08441223,0.03731071,0.053878818,0.33367187,0.4320944,0.7417176,0.7315726,0.31289378,0.355128,0.18994929
56,0.3166447,0.64217556,0.44071454,0.17763184,0.2609703,0.70916516,0.34530598,0.5304839,0.55356246,0.3173876,0.4337062,0.4184489,0.34236175,0.4353013,0.017186217,0.13233991,0.14065683,0.4425903,0.18610886,0.5531275,0.09091529,0.051092677,0.5516162,0.012055887,0.027978549,0.54979706,0.14188236,0.26755923,0.47865775,0.50006825,0.08036092,0.036545005,0.048463725,0.32616332,0.41393378,0.738275,0.7374478,0.34775192,0.3475851,0.19449094
57,0.31476238,0.67924386,0.42260668,0.1747111,0.26663023,0.7281072,0.3627724,0.5343129,0.567714,0.3104865,0.43718803,0.42870158,0.3427171,0.46611094,0.018002503,0.1178331,0.15001966,0.43991098,0.20482813,0.55949056,0.08938018,0.05040446,0.58166546,0.01189465,0.030185258,0.5378007,0.13306867,0.2609096,0.45500436,0.5229746,0.079463705,0.034959286,0.045772005,0.3203714,0.3976119,0.7408081,0.7387316,0.3892348,0.343376,0.20564362
58,0.30379772,0.70508933,0.3913242,0.18141583,0.28038028,0.761913,0.39357933,0.52811015,0.5743112,0.30767483,0.4425643,0.45338517,0.34484878,0.51004803,0.019977435,0.10287996,0.16436508,0.42720544,0.23505539,0.5767953,0.08732414,0.0490041,0.61239624,0.012523715,0.03277482,0.52125525,0.13297327,0.25043756,0.42506143,0.5523845,0.08281289,0.03289103,0.045665976,0.3169834,0.38998163,0.7487607,0.7313622,0.42485365,0.34412542,0.21991763
59,0.2863618,0.7137678,0.35178494,0.19848248,0.30118456,0.80304044,0.4341847,0.51213,0.57381105,0.31161177,0.4540987,0.49157596,0.34852853,0.5604029,0.02318792,0.08975129,0.1844332,0.40526915,0.27465722,0.60196114,0.0852514,0.047189217,0.63606733,0.014033457,0.035325337,0.5057516,0.14300998,0.2388771,0.39412305,0.5813303,0.09087757,0.030949222,0.048357867,0.3155114,0.39442527,0.76050615,0.71255463,0.4433923,0.35020673,0.23384653
60,0.26887593,0.7023488,0.3138695,0.22422306,0.32572824,0.840134,0.47543827,0.49010444,0.56917226,0.3234064,0.47197786,0.5383651,0.35343665,0.60588276,0.027349362,0.08005237,0.20813605,0.37775946,0.31793246,0.6292087,0.083929,0.045738544,0.64482564,0.016377272,0.03724937,0.4942183,0.16455296,0.22912793,0.37029925,0.6023941,0.10299266,0.029710917,0.054178197,0.31497157,0.40948835,0.772982,0.68276274,0.4402669,0.36178493,0.24500862
61,0.25722638,0.67046124,0.28728363,0.25367308,0.3485867,0.865051,0.5061498,0.46785998,0.5642812,0.3406486,0.49078918,0.5844972,0.35949153,0.6342421,0.031519096,0.074734576,0.22968528,0.3495044,0.3548541,0.6515943,0.08424095,0.045311328,0.63363594,0.019210508,0.03769536,0.48738924,0.1979339,0.2228434,0.3612839,0.6089864,0.11695568,0.029495742,0.06283032,0.3145297,0.43052047,0.78272516,0.64760315,0.41807476,0.3799971,0.2524499
62,0.25474942,0.621544,0.27846414,0.27989703,0.36349297,0.8747211,0.5177473,0.4510029,0.56216174,0.35701424,0.5017296,0.6193751,0.36569706,0.6362634,0.034340873,0.07433366,0.24116874,0.32515505,0.37382722,0.6623603,0.08699305,0.046407256,0.60110253,0.021851284,0.036059488,0.48417544,0.2404134,0.21935837,0.37317583,0.59673184,0.12905379,0.030400958,0.072969064,0.31410792,0.45213106,0.7878129,0.6176914,0.38443664,0.40544328,0.2572118
63,0.26338363,0.5642962,0.29126176,0.2969036,0.36536723,0.8673088,0.50636613,0.4440265,0.5641932,0.36581936,0.49775872,0.63535863,0.36925167,0.60668665,0.034826733,0.0794803,0.23600268,0.30901203,0.36665198,0.65654707,0.09278968,0.04975313,0.5502475,0.02348646,0.032769468,0.48162296,0.28433576,0.21656467,0.41127127,0.565017,0.13516976,0.03255038,0.08274409,0.31390575,0.46953863,0.7884445,0.6041039,0.3489307,0.43538553,0.2622467
64,0.28437218,0.51045537,0.3258017,0.3017374,0.35230857,0.8390177,0.4743298,0.44960466,0.5701137,0.36536354,0.47809243,0.62949383,0.36828983,0.54592675,0.032890487,0.091152824,0.21415362,0.30346972,0.3328586,0.6336922,0.10177168,0.056212503,0.49106395,0.023628302,0.029074883,0.4764753,0.31858793,0.21334563,0.47685325,0.51871693,0.1333145,0.036150195,0.09042731,0.31257406,0.47867182,0.78620553,0.6110583,0.31962147,0.46447557,0.27060184
65,0.3174326,0.46984863,0.3739006,0.29534248,0.32654172,0.78533113,0.43077546,0.46648917,0.57808274,0.35996956,0.44814724,0.6041149,0.36620626,0.46486464,0.029365985,0.10968813,0.18494643,0.30694437,0.28169847,0.59967107,0.11335984,0.0660078,0.4391769,0.02253999,0.026055759,0.46862757,0.33444715,0.21118522,0.56000036,0.46808815,0.12511344,0.041018482,0.0946821,0.30726326,0.47657666,0.7834017,0.6319333,0.30109483,0.48940897,0.28385377
66,0.35961285,0.44509074,0.42088962,0.28187683,0.29175425,0.70768493,0.38642827,0.48870257,0.5851841,0.35442975,0.4150161,0.5668969,0.36740786,0.38274157,0.02545802,0.13335247,0.15943728,0.31532225,0.22700055,0.56314445,0.12615572,0.078391835,0.40470755,0.020945149,0.024101317,0.4621673,0.3302738,0.21337372,0.64387566,0.42315322,0.11346386,0.046059288,0.09556592,0.29637676,0.4633693,0.78213537,0.65601194,0.29373395,0.50919926,0.30111107
67,0.40387535,0.43154225,0.45502272,0.26664534,0.25163406,0.62089396,0.34765255,0.5082879,0.5858818,0.34914574,0.3840449,0.5262398,0.37100595,0.31518215,0.02196522,0.15867281,0.14228627,0.3258905,0.17940645,0.5304462,0.13760127,0.09212849,0.38635194,0.019393828,0.02316805,0.4618546,0.3101845,0.22237618,0.7160854,0.38843334,0.10042648,0.049631204,0.09475471,0.28095224,0.44352686,0.7835251,0.6775292,0.29298273,0.52034056,0.31754082
68,0.4400839,0.42484763,0.47200412,0.2544822,0.21250479,0.5501143,0.31719062,0.5188526,0.57314056,0.34194866,0.3583076,0.48802266,0.37516633,0.26848087,0.019200595,0.18089104,0.13371024,0.3381469,0.14496034,0.50636643,0.14429043,0.104935676,0.37836978,0.01809143,0.02308221,0.47108114,0.28103095,0.23828694,0.7684703,0.36498252,0.08784453,0.050449647,0.09396251,0.26438543,0.42552304,0.7875789,0.6946273,0.29180074,0.5176076,0.32539856
69,0.45999405,0.42420945,0.4734126,0.24896646,0.18103084,0.517415,0.2969735,0.51578087,0.5457638,0.33036774,0.33948576,0.46002564,0.37942797,0.24371214,0.017370349,0.1925084,0.1333951,0.35129398,0.12551436,0.49375308,0.14390273,0.11292178,0.37481096,0.017008733,0.023508385,0.4917793,0.25046015,0.260065,0.7975667,0.35302413,0.077173896,0.048084754,0.0944588,0.25184315,0.4197663,0.7932746,0.70711005,0.28532866,0.49942523,0.31857753
70,0.45943055,0.42817518,0.4632922,0.25230902,0.16037966,0.5326471,0.288762,0.49654728,0.50928634,0.31270003,0.3288001,0.45023146,0.38167828,0.23975113,0.016650755,0.18660703,0.1417586,0.3624842,0.12039054,0.4922483,0.13651995,0.11246435,0.37041703,0.01610966,0.02400334,0.52379876,0.22433595,0.28575638,0.804485,0.35038397,0.06923587,0.04318218,0.09699272,0.24726985,0.43366402,0.79953223,0.7154653,0.27229616,0.46883056,0.2966764
71,0.43941385,0.43381664,0.4468162,0.2651509,0.1499251,0.59191453,0.29232082,0.46348783,0.47094056,0.28950357,0.3261452,0.46065333,0.37892067,0.2539658,0.017178567,0.16372068,0.16014868,0.36904612,0.1293457,0.499187,0.12425799,0.10352306,0.36237323,0.015542247,0.024368547,0.5633161,0.20543213,0.31235552,0.7910468,0.35427105,0.06408094,0.037047315,0.1026442,0.25029296,0.4678791,0.8062541,0.71802425,0.2546447,0.42840147,0.26626828
72,0.40730554,0.43997887,0.43109328,0.28585267,0.14600916,0.6785198,0.3040911,0.42367956,0.4391363,0.26397038,0.3300301,0.48747543,0.3691965,0.283543,0.019097798,0.13096172,0.19037943,0.37232786,0.15367128,0.5091408,0.11051027,0.09049232,0.34802973,0.0155221885,0.024816046,0.6026345,0.19438803,0.33793455,0.7592537,0.36418402,0.060593087,0.030890113,0.114400186,0.25749713,0.5164527,0.81365216,0.7111824,0.2363686,0.37718472,0.23757748
73,0.3739009,0.44767818,0.42391732,0.30905533,0.14436726,0.7645004,0.31862673,0.38652915,0.4237283,0.2411335,0.3384198,0.521792,0.3537093,0.32373855,0.022308059,0.098153695,0.23124386,0.37740675,0.1930968,0.5137692,0.09909559,0.07873181,0.32445502,0.016092505,0.025684332,0.6351867,0.19073246,0.36235687,0.7135901,0.37913215,0.05730257,0.025762044,0.13503021,0.26653314,0.5690483,0.82024884,0.6928585,0.22084318,0.31811425,0.21790612
74,0.34761906,0.45773593,0.428742,0.32602057,0.14384133,0.8244733,0.33129758,0.36215755,0.42827514,0.22582632,0.34959432,0.54884166,0.33791623,0.36424977,0.025872322,0.0741451,0.271309,0.38611686,0.23857863,0.5100165,0.09252015,0.07074034,0.2965575,0.016896456,0.026844194,0.65583324,0.19244127,0.3801042,0.66411936,0.39298642,0.05455488,0.022588285,0.15934232,0.2756917,0.611946,0.8244386,0.6674295,0.20985542,0.26670253,0.20904648
75,0.3319315,0.47311175,0.44321612,0.33125335,0.14639005,0.8537059,0.339175,0.35752037,0.44618595,0.22226447,0.36511743,0.55553687,0.32569295,0.39607564,0.028529616,0.06212932,0.29412466,0.39669317,0.27175367,0.50286204,0.09160325,0.06673723,0.27836663,0.017571492,0.028072342,0.65905935,0.19520709,0.38124162,0.6240091,0.4007972,0.05420397,0.021920526,0.17413713,0.28292525,0.63483185,0.82691485,0.64610076,0.20445083,0.23823208,0.20891315
76,0.3267507,0.49605995,0.46282578,0.3245255,0.1542019,0.8585639,0.34058973,0.37429377,0.46801713,0.232935,0.38669118,0.53844386,0.3186586,0.41489506,0.029449088,0.061027687,0.2923064,0.40688357,0.27942836,0.49852106,0.0957317,0.0662625,0.28050268,0.017930506,0.029208997,0.64258707,0.19531254,0.3615026,0.6011616,0.4026475,0.05738385,0.023939116,0.1695646,0.2861264,0.6348601,0.8278812,0.6381563,0.20498064,0.23675007,0.21418901
77,0.32985774,0.5234455,0.48328578,0.30779248,0.1677084,0.84450686,0.3356469,0.4091218,0.486622,0.25639698,0.41219413,0.5020663,0.3181222,0.41969103,0.0283314,0.06920235,0.26994732,0.41542482,0.26401588,0.49896216,0.103000574,0.068820685,0.30367938,0.017790135,0.029987684,0.60722923,0.192572,0.3261821,0.5953854,0.40172225,0.06366967,0.028685775,0.14863023,0.28376967,0.61462414,0.825685,0.64433193,0.20953877,0.25791615,0.2218584
78,0.33742493,0.5478477,0.50113904,0.28386626,0.18502696,0.81629324,0.32684934,0.4545024,0.5000829,0.2880732,0.43603033,0.45636305,0.32445547,0.41347748,0.025546642,0.08467284,0.23690353,0.42211226,0.23940676,0.5035641,0.11053555,0.073931575,0.34013903,0.017029801,0.030136887,0.5574945,0.18973361,0.28610712,0.60132504,0.4013765,0.07134328,0.0357521,0.122945145,0.27573636,0.5802139,0.8183365,0.65796506,0.21541373,0.2918674,0.22969292
79,0.34494084,0.56407994,0.513887,0.25710756,0.20397027,0.78193396,0.3173727,0.5015657,0.5095592,0.32331172,0.45321593,0.41404924,0.33534238,0.40331075,0.022128787,0.104262576,0.20255329,0.42663705,0.21908443,0.5139282,0.11516012,0.080697946,0.38164592,0.015799776,0.029641373,0.50078475,0.18900378,0.24973798,0.61153084,0.40512654,0.07863685,0.043782264,0.10161256,0.26390266,0.5391687,0.8055327,0.67225873,0.2224117,0.326959,0.23622173
80,0.34847707,0.57141316,0.52025235,0.23406734,0.22501786,0.75392646,0.30942068,0.5406761,0.5136428,0.35717735,0.46141592,0.38722172,0.34614107,0.3973941,0.019282077,0.12334142,0.17295092,0.42808387,0.21009447,0.5323495,0.114520505,0.08724279,0.42290005,0.014579077,0.028791774,0.44338438,0.19188827,0.22041829,0.61795205,0.41800034,0.08476139,0.050392456,0.088807695,0.25345936,0.4996288,0.7899187,0.6844842,0.2314708,0.35431346,0.24102929
81,0.3471621,0.5688733,0.52110374,0.22067317,0.2502681,0.7409989,0.30525348,0.56208533,0.5092449,0.3836871,0.45844108,0.3827566,0.35255104,0.3994137,0.01762913,0.13682131,0.14996028,0.4243961,0.21435603,0.5589024,0.10850582,0.0912809,0.45683417,0.013808566,0.027799819,0.39155892,0.20116624,0.19883798,0.61635584,0.4401055,0.089869924,0.05320143,0.085142225,0.25132537,0.46896118,0.77614224,0.6944858,0.24271913,0.37134337,0.24473365
82,0.34441584,0.5553454,0.5203232,0.21992186,0.27885488,0.7418584,0.30668682,0.560232,0.49613947,0.39861196,0.44221863,0.4004388,0.3518926,0.40750003,0.01724125,0.14159411,0.13348778,0.41442832,0.23092303,0.5898164,0.09964473,0.092178844,0.47496513,0.013703346,0.026858512,0.3518738,0.21955015,0.18519063,0.6091349,0.46490315,0.09398861,0.051608134,0.0902253,0.26191586,0.45192975,0.7687227,0.7023294,0.25612056,0.37945443,0.24890189
83,0.34555507,0.5323274,0.52273244,0.2318525,0.3048322,0.75008696,0.3124068,0.5358242,0.47710946,0.40130144,0.41357046,0.43505758,0.3444769,0.41750056,0.017960364,0.13798682,0.123712905,0.39917034,0.25552332,0.6175059,0.09133732,0.09126397,0.47274864,0.014285654,0.02617433,0.32739434,0.24748555,0.17985156,0.6028407,0.48551148,0.096167766,0.04692286,0.10475029,0.2850213,0.4498914,0.77009606,0.7083166,0.27037007,0.38130713,0.2552884
84,0.35386854,0.5040984,0.529572,0.2537728,0.32075432,0.75920665,0.31814215,0.49492308,0.4557548,0.39364263,0.37631804,0.47861704,0.334418,0.42497045,0.019469565,0.1292266,0.12074027,0.3802539,0.28015897,0.63508904,0.08569077,0.08991736,0.45339513,0.0153791765,0.025721801,0.3174492,0.28175405,0.18291366,0.603399,0.49871418,0.09515169,0.04093887,0.12956005,0.31579813,0.45958185,0.7794273,0.71364784,0.28307837,0.38131493,0.26507872
85,0.3693537,0.4758265,0.53795546,0.28037843,0.3235514,0.7639283,0.31940067,0.4468797,0.43404752,0.37845844,0.3353019,0.52181685,0.3277116,0.42554185,0.021220598,0.11948343,0.12366877,0.35940385,0.2963839,0.6404787,0.08288174,0.08862036,0.42610645,0.016594352,0.025206901,0.31892124,0.31572244,0.19325109,0.61304355,0.50423855,0.09056147,0.035001464,0.16281117,0.34655422,0.4734874,0.7931426,0.71978396,0.29250944,0.3844249,0.27827305
86,0.3909277,0.45123857,0.54605526,0.30421302,0.31519958,0.75962764,0.31308812,0.40183163,0.41091815,0.3605547,0.29572088,0.5545133,0.32963377,0.4150424,0.022354927,0.11267491,0.13029994,0.33891055,0.29850683,0.63670594,0.08192836,0.08754282,0.40073636,0.017331813,0.024271643,0.3273979,0.3414684,0.20878488,0.63111424,0.50102526,0.08348648,0.030069502,0.19699302,0.36942425,0.48363972,0.8065426,0.7277829,0.29710642,0.39425597,0.29231933
87,0.4174319,0.43146917,0.55617094,0.31789058,0.2984104,0.74364674,0.29764175,0.36735645,0.38468954,0.3470858,0.2632448,0.5674715,0.34257096,0.39208457,0.022026872,0.111699864,0.138018,0.32104573,0.28444007,0.62957495,0.08172019,0.086745046,0.38350534,0.017012466,0.02269758,0.33921823,0.35320124,0.22805896,0.6552616,0.48594642,0.0759715,0.026705451,0.22042722,0.37864965,0.4867438,0.81578475,0.7383088,0.29415098,0.41187087,0.3014834
88,0.44657654,0.41535616,0.5724825,0.31655532,0.2743707,0.71717966,0.27330992,0.3468086,0.3570911,0.34481418,0.24286264,0.55517316,0.36528775,0.36064208,0.019992292,0.117998995,0.14526252,0.3068617,0.25673985,0.6244771,0.08151085,0.085908994,0.3761242,0.015441028,0.020491915,0.3528961,0.3502215,0.25128427,0.68134266,0.45661557,0.069775246,0.025007436,0.22442546,0.3715491,0.48534983,0.81850785,0.7509123,0.2812492,0.4347761,0.29926214
89,0.47508565,0.40118268,0.5980499,0.29887676,0.24450777,0.6862137,0.24260934,0.3401793,0.33256197,0.3576067,0.23770653,0.5177686,0.39463204,0.32896045,0.016769648,0.13122806,0.15236159,0.29630378,0.22332427,0.62416774,0.080765486,0.08473455,0.37693566,0.012887111,0.017915599,0.3678584,0.33692864,0.2798104,0.7040005,0.41468552,0.06558651,0.024787905,0.20910144,0.34855738,0.48456627,0.8127933,0.76324195,0.2584487,0.45729527,0.2823134
90,0.49965864,0.38838342,0.63241583,0.2675358,0.21275051,0.6598145,0.2104568,0.3455364,0.31497768,0.38517508,0.24810557,0.4626168,0.4263653,0.3047908,0.013270179,0.14836869,0.1603636,0.28905627,0.19441928,0.6293492,0.07878992,0.08323711,0.38269135,0.009920893,0.015387231,0.38335928,0.3195684,0.3132343,0.71828806,0.36657575,0.06305,0.025662431,0.18186511,0.31343544,0.48732966,0.7968013,0.7721298,0.23006515,0.4724043,0.25314134
91,0.51588756,0.37794715,0.6693345,0.2296486,0.18438558,0.6466579,0.18301474,0.36019757,0.3077442,0.42039922,0.27146024,0.40387064,0.45250463,0.29087564,0.010304243,0.16287138,0.16924857,0.2844566,0.1768892,0.6394835,0.075131744,0.08113183,0.39030814,0.007211345,0.013204373,0.3999672,0.30161503,0.34554392,0.72178745,0.32045278,0.061366968,0.027074413,0.15057164,0.27228427,0.49363372,0.7705062,0.77658355,0.2042017,0.4752545,0.21915531
92,0.5187641,0.3720008,0.69764006,0.19555044,0.16312166,0.65268296,0.16540343,0.38128823,0.315768,0.44934574,0.30393094,0.35819215,0.46191645,0.28628477,0.008341397,0.1663941,0.17831385,0.28097335,0.17187408,0.6513144,0.070690185,0.07773468,0.39733773,0.0052718134,0.011494623,0.41937932,0.2834417,0.36611563,0.71549267,0.28375643,0.06022893,0.028496277,0.12100541,0.23240262,0.50341046,0.73968196,0.77818495,0.18769811,0.46640244,0.18893972
93,0.50745887,0.3728915,0.708288,0.17352259,0.15063441,0.6772653,0.16042748,0.40569282,0.34346056,0.46010023,0.34078184,0.3377069,0.44825116,0.29010418,0.007512554,0.15478566,0.18703729,0.27728555,0.17744607,0.66036516,0.06730721,0.07310211,0.4018216,0.0042276653,0.010372572,0.44092742,0.26611072,0.36664358,0.70228434,0.26209208,0.060059395,0.029572543,0.09781834,0.20105565,0.51620334,0.71631294,0.7779244,0.18349653,0.44997308,0.16892922
94,0.48606303,0.38272494,0.6976963,0.16642901,0.14736284,0.7109715,0.16885272,0.43005148,0.3896826,0.45021468,0.37420696,0.34594014,0.4156389,0.30086014,0.0077881124,0.1327652,0.19433127,0.27302837,0.19112666,0.66545427,0.06597002,0.06819202,0.4052983,0.003946282,0.009925481,0.4606955,0.2511055,0.34674066,0.68497074,0.25889656,0.061347384,0.029932884,0.08290978,0.18214186,0.5285836,0.7108654,0.77567536,0.19363211,0.43031883,0.16256602
95,0.46036676,0.40379852,0.6650439,0.173243,0.15307428,0.7420298,0.189522,0.45239416,0.44663456,0.42497802,0.3963457,0.3801145,0.37616855,0.31456336,0.009179614,0.10924947,0.19934003,0.26833358,0.21049711,0.6679763,0.06640796,0.06378304,0.41411352,0.0042995126,0.010185145,0.4743137,0.23790963,0.31351092,0.6647564,0.27687597,0.06406326,0.029280901,0.075220555,0.17464527,0.535056,0.72465307,0.7711778,0.22115833,0.41123134,0.17115273
96,0.4362603,0.4368285,0.6115836,0.19097053,0.16735388,0.76243377,0.21890911,0.473548,0.5018437,0.39312866,0.40656134,0.43180463,0.34199935,0.3249779,0.011727772,0.09071672,0.20251825,0.26467815,0.23144262,0.66731954,0.06813588,0.060457204,0.43555573,0.005255884,0.011224401,0.4795064,0.2244732,0.2763838,0.64302725,0.31672508,0.06751822,0.028033199,0.07266593,0.17511186,0.5317235,0.75062644,0.76449,0.26621875,0.39580622,0.19344197
97,0.41834572,0.4785311,0.5420769,0.21511297,0.1893799,0.76840436,0.251703,0.4953041,0.54226303,0.36254182,0.41061166,0.48693594,0.32016495,0.32709998,0.0152862575,0.07971984,0.2044211,0.2646544,0.24685515,0.6602113,0.07122977,0.059017062,0.47335842,0.006847493,0.01319504,0.475505,0.20940156,0.24210677,0.6245018,0.3739963,0.070757,0.027216634,0.0733855,0.18020965,0.51760924,0.77964765,0.7568016,0.3206508,0.38700408,0.22496678
98,0.40764657,0.5227996,0.46450278,0.23950136,0.21695468,0.75986266,0.2826274,0.5173666,0.5613153,0.33738807,0.41244897,0.53281766,0.3135285,0.32066023,0.019292513,0.076204084,0.20461428,0.26965252,0.2505852,0.64478046,0.0758225,0.059865426,0.52450824,0.0090348385,0.016143933,0.4633828,0.19305927,0.2144765,0.6144449,0.4393347,0.07306597,0.027454982,0.075348094,0.1871205,0.49269074,0.80413336,0.7505361,0.3714284,0.38804293,0.2593731
99,0.4029562,0.563086,0.38983136,0.25744355,0.24578832,0.74022764,0.30804664,0.5371137,0.56002367,0.32001907,0.4121923,0.56326306,0.32230568,0.31057516,0.022737717,0.0795879,0.2019333,0.27998084,0.24191868,0.6232161,0.081559904,0.06300606,0.5794028,0.011544076,0.019865446,0.44641212,0.17744552,0.19652179,0.61494315,0.50203174,0.074155085,0.028775595,0.07656766,0.19410053,0.4581579,0.8187406,0.74744433,0.40828097,0.40044734,0.28941968
100,0.40311483,0.5940252,0.32978982,0.26458368,0.2705303,0.7155629,0.32628727,0.5516174,0.543503,0.3124808,0.40970886,0.5778679,0.34340653,0.3035757,0.024607278,0.08962381,0.19532481,0.2957967,0.22541057,0.6008411,0.087643325,0.06841159,0.6262765,0.013883643,0.02395295,0.42855546,0.1650409,0.19012988,0.62491596,0.553066,0.07421646,0.031023942,0.07619376,0.2012679,0.41814262,0.8211509,0.7470168,0.4266512,0.4218795,0.3084555
101,0.40642107,0.61262804,0.2917228,0.26086208,0.28754425,0.6926418,0.33729437,0.5586879,0.518752,0.31492826,0.4057746,0.5802387,0.369912,0.30443117,0.02459245,0.1055614,0.1846209,0.31657362,0.20763212,0.58329177,0.09290471,0.075624384,0.65617466,0.015576787,0.027887348,0.41314128,0.15750769,0.19471076,0.64052737,0.5870237,0.07376459,0.033919927,0.07478989,0.21033607,0.3789858,0.8122358,0.7473286,0.4277442,0.44573653,0.31344453
102,0.4102142,0.61813474,0.27703395,0.24992362,0.2962751,0.6765039,0.34294596,0.5569604,0.49351442,0.32497045,0.40076417,0.5758897,0.39294538,0.31496972,0.023255087,0.124789715,0.17067172,0.3404308,0.19407627,0.5746075,0.09617527,0.08338242,0.66464406,0.016398618,0.03113693,0.40264308,0.15560895,0.2073583,0.6566131,0.6020848,0.07341967,0.03695942,0.073604055,0.22347903,0.34675717,0.7953981,0.74656796,0.41719013,0.46392247,0.30638444
103,0.41228533,0.6115922,0.2833639,0.23702897,0.2978105,0.668871,0.3470013,0.54713,0.47489408,0.33934388,0.3942596,0.56993526,0.40547296,0.33436543,0.021536881,0.142678,0.15521203,0.3642067,0.18781678,0.5768409,0.09706605,0.09002133,0.6514013,0.016479146,0.033405993,0.39899063,0.15966043,0.22384019,0.6690939,0.59903723,0.07386764,0.039567128,0.073721156,0.2416885,0.32549846,0.7759848,0.7433119,0.40270826,0.4709754,0.29317108
104,0.4120867,0.5959655,0.30583286,0.2268211,0.2932685,0.6682414,0.3531028,0.53282267,0.4672846,0.35554868,0.38613024,0.5657943,0.4051237,0.35902828,0.020237135,0.15456182,0.14054832,0.38410884,0.18941134,0.58985966,0.096231736,0.09422805,0.6202337,0.016205564,0.03480597,0.4033757,0.1692758,0.23969427,0.67616683,0.58097667,0.07570749,0.041330602,0.075595185,0.26338103,0.31631982,0.76035494,0.73650175,0.3913658,0.46603182,0.2809837
105,0.4103472,0.57598823,0.33667576,0.22203729,0.2837606,0.67166716,0.3624282,0.51879996,0.47064263,0.3722006,0.3774209,0.5649785,0.39430285,0.38327724,0.019794617,0.15842603,0.1290054,0.39656785,0.19733323,0.6116369,0.09468352,0.09544213,0.5791673,0.015965369,0.0356808,0.41573238,0.18242176,0.25138512,0.67795086,0.5530405,0.07914123,0.042065762,0.078871466,0.2841293,0.31724524,0.75394565,0.72605443,0.38725957,0.45221344,0.2752643
106,0.40800092,0.5569139,0.36582357,0.22347677,0.27100348,0.67643213,0.37336054,0.50841975,0.48098803,0.38879296,0.36993343,0.56747633,0.3786155,0.4011864,0.020321328,0.15569393,0.12235716,0.3991847,0.20864281,0.63931185,0.092993975,0.093706675,0.53875655,0.015971303,0.036294434,0.43477294,0.19521104,0.25709742,0.6754361,0.5214346,0.08388118,0.04179421,0.082473226,0.2979901,0.32413006,0.7591927,0.71285576,0.39062756,0.43457043,0.2781358
107,0.4054141,0.5425019,0.38384378,0.23038289,0.25726393,0.6802974,0.38314337,0.5030246,0.4926739,0.40531054,0.3649218,0.5720262,0.3650223,0.40845978,0.021666393,0.14997074,0.12138852,0.39172143,0.21982007,0.6698315,0.0912251,0.08946043,0.50822604,0.016260985,0.0366805,0.45855856,0.20353052,0.25696167,0.6696544,0.4919244,0.08940621,0.04075323,0.08496295,0.30013245,0.33242336,0.7743951,0.6977239,0.39833546,0.41799805,0.28849438
108,0.40204343,0.5341079,0.38519976,0.24068445,0.24455774,0.6817026,0.38964152,0.50258374,0.500519,0.42142,0.36236915,0.5760502,0.36001176,0.40385205,0.0234006,0.14524676,0.12595724,0.3762728,0.22773288,0.69974154,0.08935854,0.083563425,0.4933411,0.01674987,0.036680628,0.48439616,0.20507532,0.2527599,0.66140187,0.46887815,0.09522463,0.03933461,0.08500058,0.28886685,0.33898547,0.7943612,0.6812185,0.4054481,0.4065184,0.3026282
109,0.3967998,0.53129345,0.36986938,0.25130653,0.23395659,0.68048435,0.3920312,0.50605446,0.5015375,0.43546805,0.3610955,0.5763542,0.36798105,0.3898386,0.024829786,0.14453135,0.13524729,0.3563155,0.23056935,0.72492254,0.087670095,0.077229716,0.4966365,0.017267585,0.036066864,0.50839293,0.20030676,0.24730064,0.65140736,0.45531744,0.10084122,0.037912633,0.08186103,0.26632732,0.34313753,0.8126632,0.6647807,0.4076764,0.40365776,0.3152444
110,0.3890325,0.5325462,0.343668,0.25883156,0.22559497,0.67807156,0.3907931,0.5118786,0.4963832,0.4445917,0.35919553,0.57067066,0.3900055,0.3721928,0.025200238,0.14936344,0.14746247,0.33572394,0.22848476,0.74098754,0.086855255,0.071735665,0.5171477,0.017608818,0.034704518,0.5260953,0.19260302,0.24376044,0.6405667,0.4532057,0.10565668,0.036764145,0.075959176,0.23833932,0.34686223,0.82368815,0.65111464,0.40334517,0.412366,0.3212073
111,0.37948593,0.53546655,0.31696373,0.26075518,0.21940069,0.67673635,0.38759196,0.5187112,0.48967743,0.44630066,0.3547803,0.5591939,0.42243683,0.35837445,0.02412637,0.15962705,0.15920088,0.31813064,0.22389364,0.744298,0.087784015,0.06809721,0.54900587,0.017623655,0.032698087,0.53370464,0.18760122,0.24477963,0.6298762,0.4632987,0.10910258,0.036101066,0.06900831,0.21284734,0.35400796,0.82343787,0.64283603,0.39388463,0.4333984,0.3178105
112,0.3702419,0.5370869,0.3005387,0.2568269,0.21607128,0.6781004,0.38521346,0.5252818,0.48842493,0.4395196,0.3466892,0.54508907,0.45636553,0.3551564,0.021899935,0.17320552,0.16595577,0.3060817,0.22084041,0.7327529,0.090985395,0.06681176,0.5819322,0.017308682,0.030372245,0.5290506,0.1914818,0.25145566,0.6199723,0.4846596,0.11090554,0.03603431,0.06329194,0.19700553,0.36836654,0.8095462,0.64093244,0.3831885,0.46332836,0.30621302
113,0.36345088,0.534943,0.30079114,0.24919087,0.21706627,0.6817672,0.38722134,0.530188,0.4991398,0.4244771,0.33501646,0.5328804,0.48042467,0.36658114,0.019304488,0.1863085,0.16450693,0.3001211,0.22316638,0.70632094,0.09633379,0.06777181,0.60593754,0.016830998,0.028113931,0.5125284,0.20912226,0.26292214,0.61055404,0.514586,0.1113569,0.036497727,0.060531806,0.19491816,0.39146557,0.78181326,0.64420927,0.37635157,0.49455172,0.29079005
114,0.36043578,0.52860963,0.3181271,0.24088731,0.2231647,0.6852579,0.39638686,0.53323215,0.52514136,0.4031969,0.32137004,0.52560455,0.4862685,0.3926507,0.017103346,0.19529074,0.15514846,0.29890245,0.23270875,0.66782594,0.1032425,0.070594504,0.6162633,0.01644122,0.026296267,0.48720846,0.2425938,0.27669248,0.6007667,0.5494465,0.11126367,0.037307788,0.061504554,0.20701784,0.4211844,0.7437213,0.64984906,0.3782095,0.51819676,0.27716002
115,0.36189577,0.5205887,0.34819025,0.234048,0.2332669,0.6852981,0.41263077,0.5367224,0.56514186,0.37972417,0.30854502,0.5234563,0.47244784,0.42832035,0.015688466,0.1985859,0.14129604,0.3005977,0.24854882,0.6231136,0.11117112,0.07507318,0.6139126,0.016334295,0.02525821,0.45771447,0.28882504,0.28924146,0.5907808,0.585095,0.11131763,0.03836551,0.066172265,0.23007323,0.45212433,0.7028616,0.6550219,0.39200732,0.528403,0.2700057
116,0.36771938,0.5149753,0.38317117,0.22959608,0.24474561,0.6800653,0.4332366,0.5442461,0.6138995,0.3585069,0.29993767,0.5255416,0.44401243,0.46458402,0.015152089,0.19640368,0.12723514,0.30418536,0.26727778,0.5796483,0.119869106,0.08099199,0.6027261,0.016616734,0.025242953,0.42936724,0.33801907,0.29679948,0.58239967,0.6166741,0.11170192,0.039747793,0.073610626,0.25768608,0.47787064,0.6686857,0.6577105,0.41777766,0.5244352,0.27168205
117,0.376087,0.5150226,0.41356367,0.22826731,0.25456738,0.671197,0.45489383,0.55771077,0.6631812,0.34279683,0.2983644,0.5313002,0.40991116,0.49302277,0.015527727,0.18955372,0.11639603,0.3096745,0.2843007,0.5444684,0.1290912,0.0875502,0.58665293,0.017376682,0.026383989,0.40766692,0.37712052,0.2970457,0.5773263,0.63971865,0.112499654,0.04159536,0.08205541,0.28222963,0.49426407,0.6492844,0.65602976,0.45020995,0.5095155,0.2821751
118,0.38383648,0.52234244,0.4331296,0.23112771,0.26044115,0.6628684,0.4741862,0.5752098,0.7029709,0.33397654,0.30439287,0.5383074,0.37989166,0.5093872,0.016854368,0.17981502,0.11084765,0.31784117,0.29571784,0.52189195,0.13850372,0.09355549,0.5685134,0.018710129,0.028743343,0.39608178,0.39629248,0.29017484,0.5761811,0.65097487,0.11397985,0.044077702,0.08962821,0.29802793,0.5015407,0.6488196,0.6488957,0.47875768,0.48918244,0.29988202
119,0.3879799,0.537514,0.44214833,0.23905778,0.2617126,0.6590811,0.48721004,0.59102917,0.7245191,0.33130786,0.31589115,0.5414291,0.361111,0.5138675,0.019119803,0.16983967,0.11147766,0.33004344,0.29971898,0.5121839,0.14774753,0.09827002,0.5494017,0.020702729,0.032374732,0.39364898,0.39206907,0.27794087,0.5794679,0.6485097,0.116165034,0.047321785,0.09547626,0.30378926,0.5025457,0.666718,0.63747036,0.49208596,0.46929792,0.32267237
120,0.38630086,0.559402,0.4442187,0.25238818,0.25937128,0.6624254,0.49030513,0.59737337,0.72113854,0.33224246,0.3291281,0.5355723,0.35684624,0.5090807,0.022206856,0.16173218,0.11853184,0.3478649,0.29644763,0.51240355,0.15608205,0.10171666,0.5282306,0.023398966,0.037282903,0.39664993,0.36694044,0.2626921,0.58803505,0.63138455,0.11834414,0.051126417,0.1003078,0.302368,0.4996938,0.6987815,0.62453276,0.4817438,0.45377412,0.34798384
121,0.3786533,0.58400947,0.44241002,0.27097017,0.2554706,0.67322344,0.4814056,0.5868101,0.68641114,0.3339584,0.3403336,0.5181354,0.36721423,0.49777016,0.025833508,0.15626535,0.13209246,0.372008,0.2872934,0.51792717,0.1624382,0.10483107,0.5019746,0.026749764,0.043295905,0.40181524,0.328847,0.24724875,0.6029597,0.5988679,0.11908308,0.054859757,0.1062588,0.29862946,0.4938343,0.7387452,0.61251056,0.4438452,0.4443861,0.37268093
122,0.36890823,0.6066464,0.43793893,0.2941115,0.25137326,0.6888231,0.46219295,0.5555761,0.61564493,0.33559835,0.34629142,0.4902833,0.38954097,0.482762,0.029617228,0.15288258,0.1522504,0.40058511,0.2756997,0.5249539,0.16606309,0.10975199,0.4683811,0.03058343,0.050297502,0.40659457,0.28880998,0.23466565,0.62492436,0.5517474,0.116900004,0.057703964,0.116522714,0.29654112,0.48375022,0.7803577,0.60183775,0.38458866,0.44097725,0.3951288
123,0.36115068,0.62513083,0.4309318,0.32052973,0.24569255,0.70483714,0.4373945,0.5055549,0.5121312,0.33677542,0.34399226,0.45434657,0.41717848,0.46674374,0.033244006,0.15045041,0.17842357,0.42896786,0.2655856,0.53152066,0.16643144,0.11870867,0.42898765,0.034548286,0.058348246,0.4072445,0.25388798,0.22658549,0.6530481,0.49452245,0.1110366,0.058897514,0.13457566,0.29702047,0.4671871,0.82005185,0.5937731,0.32022753,0.44007447,0.41652521
124,0.35413265,0.63755476,0.42242226,0.3484942,0.2380346,0.7176712,0.4134261,0.4446959,0.3923291,0.33666256,0.33359063,0.40902328,0.44095293,0.45301443,0.03632349,0.1497261,0.20757987,0.45460752,0.25800478,0.5361478,0.16340826,0.13310592,0.38877517,0.03835465,0.06757303,0.40157783,0.22635151,0.2225975,0.68367773,0.43361503,0.10251533,0.05881445,0.16293831,0.3003487,0.4462204,0.8545163,0.5903123,0.26181805,0.43642786,0.43453005
125,0.34510136,0.63969904,0.4173161,0.37456128,0.23376723,0.7284369,0.3992655,0.38553458,0.28606293,0.33687246,0.31924978,0.3610109,0.45667732,0.4480597,0.038021337,0.15166144,0.23303378,0.47837597,0.25634918,0.54086,0.15742339,0.15215744,0.35230753,0.041467447,0.07714596,0.3936175,0.21086526,0.2221383,0.70972687,0.37625512,0.09451218,0.058838,0.19932038,0.30998942,0.43048787,0.87716705,0.5876725,0.21327715,0.42954934,0.43916628
126,0.33389083,0.6294543,0.42027605,0.39630598,0.23797368,0.7388545,0.39521086,0.33719176,0.21416849,0.3370565,0.30302045,0.3251739,0.46287307,0.4491407,0.03807028,0.15347734,0.24770479,0.49547988,0.26255152,0.54930204,0.1486499,0.16931877,0.3226669,0.042862054,0.0831315,0.38539794,0.20844473,0.22114271,0.7260246,0.33021158,0.08877905,0.058433667,0.2370693,0.32616344,0.42637807,0.888381,0.5868878,0.17859697,0.42301434,0.42984882
127,0.32324228,0.60954845,0.42868406,0.41326648,0.25149858,0.7470345,0.39440042,0.3062722,0.17545167,0.33832422,0.28972286,0.30782822,0.45766798,0.44673014,0.03739333,0.1537887,0.24943824,0.5002789,0.27142426,0.56335926,0.13796996,0.1774934,0.30510184,0.04274984,0.08314695,0.37636432,0.21356358,0.21493573,0.7318407,0.30125076,0.08581765,0.057000615,0.26890963,0.34356818,0.4317881,0.8936306,0.59220827,0.15823585,0.41717204,0.41427973
128,0.3164919,0.5856761,0.43693733,0.42407873,0.27307963,0.7517827,0.39090613,0.296459,0.16056839,0.3444936,0.28658408,0.30770394,0.44161984,0.43527544,0.036887836,0.15328848,0.24078919,0.49271494,0.27693713,0.5837045,0.1264193,0.17426117,0.30465496,0.041923102,0.07845121,0.3673037,0.21903045,0.20253782,0.7279512,0.29117692,0.08576193,0.054978907,0.28769997,0.35627785,0.4418104,0.8964492,0.60416806,0.14967504,0.40947205,0.3965347
129,0.3153521,0.5642995,0.4401401,0.42639366,0.29996264,0.7537413,0.38225865,0.3084802,0.16291457,0.35804123,0.2986206,0.32243305,0.41850576,0.41447976,0.036852553,0.15219851,0.22643849,0.47667983,0.27645916,0.6091151,0.11478069,0.16097698,0.3233858,0.040642828,0.07142019,0.3615176,0.21902083,0.186593,0.7145128,0.29936722,0.088240094,0.05292627,0.2872605,0.36033508,0.45197445,0.8977276,0.61998326,0.15048553,0.39735156,0.376633
130,0.319091,0.55059546,0.4346502,0.41734535,0.3273877,0.75457203,0.3700205,0.34166458,0.18077357,0.37738347,0.32743677,0.35089895,0.39497176,0.38856602,0.03688061,0.1501314,0.21109042,0.45723584,0.27059504,0.63565004,0.10389163,0.14054471,0.36083215,0.038530055,0.06356973,0.36482707,0.21116531,0.17224537,0.6905156,0.32500586,0.092619106,0.051111646,0.26258582,0.35405228,0.4601492,0.895859,0.63537616,0.15933643,0.3808249,0.351899
131,0.326102,0.54692936,0.41968668,0.39399126,0.34977674,0.7560016,0.35952714,0.39443415,0.21695451,0.39773124,0.3707615,0.39331454,0.3790457,0.36547232,0.035996463,0.14677143,0.19773108,0.43939096,0.2627738,0.6585424,0.09476519,0.1171873,0.41422984,0.035053458,0.055544037,0.3827468,0.19825214,0.16564876,0.65454096,0.36786327,0.09850609,0.049803812,0.21395805,0.3387994,0.46725503,0.8863584,0.6451904,0.17633572,0.36364728,0.31837517
132,0.33563265,0.55355203,0.39722642,0.35692304,0.36322084,0.75695384,0.3558189,0.4612032,0.27515948,0.4124526,0.41936782,0.44688714,0.37660128,0.3509586,0.03359901,0.1414869,0.18752772,0.42677617,0.25686508,0.6733538,0.08807416,0.09611247,0.47547632,0.030394437,0.04800347,0.41486654,0.18553935,0.17049159,0.60838884,0.4253226,0.10461557,0.04905575,0.15583163,0.3182832,0.471993,0.8648095,0.644939,0.20255645,0.3505992,0.27866903
133,0.34715003,0.56813836,0.3708368,0.31343114,0.36424205,0.7532913,0.35809636,0.5298732,0.3558417,0.4123921,0.4578007,0.5017989,0.38591492,0.3422983,0.030278742,0.13269374,0.18065168,0.4174664,0.25227663,0.6739929,0.084199406,0.08045894,0.5294478,0.025410524,0.041174334,0.4534371,0.17573673,0.18479884,0.56253475,0.4872898,0.10707447,0.047913294,0.10857916,0.29386497,0.46963337,0.833233,0.63712275,0.23908165,0.34373236,0.24575226
134,0.36220616,0.5835611,0.347768,0.27192923,0.34917483,0.7429897,0.3648859,0.592107,0.45846874,0.39546528,0.47884008,0.5511544,0.39784205,0.33750793,0.026942885,0.12106621,0.17554903,0.40806124,0.24699813,0.6566189,0.08415456,0.07083202,0.5628918,0.02101722,0.035335034,0.4923968,0.17224279,0.2067664,0.53041106,0.5433482,0.10435866,0.046143137,0.07852986,0.26825646,0.46336827,0.7958227,0.62688524,0.2858531,0.34114096,0.226279
135,0.3818089,0.5942288,0.33504528,0.23895258,0.31901023,0.7255379,0.3746762,0.6420281,0.5739793,0.36765644,0.48169717,0.5913949,0.40177065,0.33785242,0.024444738,0.109408624,0.17026295,0.3954846,0.24077249,0.62296,0.08860348,0.06579978,0.57241666,0.017846122,0.030910278,0.5267714,0.17846443,0.23490398,0.5159614,0.59031737,0.098498784,0.04375552,0.06292978,0.2466684,0.45933715,0.7594535,0.61825997,0.34183842,0.33973154,0.22213377
136,0.4009098,0.5983271,0.3330416,0.2180253,0.28318346,0.7026397,0.3848683,0.67278135,0.6769313,0.33554828,0.46784255,0.61770934,0.39358944,0.34342912,0.023111582,0.100869715,0.16417475,0.3776666,0.23376451,0.5788812,0.09688447,0.063229054,0.5658061,0.016038092,0.027851535,0.55070627,0.19440788,0.26349425,0.51391596,0.6280819,0.09225373,0.040636033,0.05726355,0.23303685,0.45993322,0.73344904,0.61613816,0.40072837,0.34030026,0.23250662
137,0.41197044,0.59585214,0.33681694,0.2095116,0.25343126,0.6781684,0.39310774,0.6819198,0.7451287,0.30524126,0.44221538,0.6278207,0.37679377,0.35127604,0.022702157,0.09768013,0.15742533,0.35612294,0.22582506,0.53398937,0.106861465,0.06160839,0.5564925,0.01539583,0.025840214,0.55980384,0.21573712,0.28389096,0.5180712,0.6562219,0.08754546,0.037251893,0.057797004,0.22834122,0.46368486,0.72306156,0.6240387,0.4511025,0.34530765,0.25262946
138,0.41216654,0.5884212,0.34129673,0.21106936,0.23546287,0.6556533,0.39877754,0.67508465,0.7779629,0.282935,0.4127236,0.6238571,0.35710678,0.3570825,0.022864765,0.10008802,0.15021083,0.3348516,0.21784708,0.4998829,0.11576296,0.060384743,0.5549228,0.015616623,0.024651524,0.55377954,0.23576947,0.28972986,0.52454716,0.67431545,0.085374326,0.034481905,0.061711214,0.2297868,0.46742046,0.72709703,0.63980794,0.48612714,0.35414317,0.27643964
139,0.40384722,0.57853884,0.34334227,0.21857633,0.22918712,0.6370854,0.40281427,0.6627392,0.7849247,0.27374896,0.3880585,0.6092406,0.33959725,0.35820457,0.023262123,0.10727276,0.14292079,0.31735197,0.21134354,0.48579955,0.12134046,0.05973259,0.56502813,0.016374722,0.024188874,0.5366856,0.24863556,0.2797616,0.53121525,0.6816467,0.08631558,0.033099588,0.06622184,0.23201849,0.4681267,0.74011326,0.6572271,0.50531924,0.36452267,0.29834187
140,0.39090613,0.56883115,0.34150848,0.22739552,0.23210227,0.62377673,0.40650743,0.65401745,0.7745206,0.28068992,0.3746263,0.5878792,0.32796225,0.35539356,0.023603035,0.11821795,0.13612789,0.30535412,0.20749708,0.49611276,0.122469,0.059918627,0.5849784,0.017330538,0.024413968,0.51477844,0.25160688,0.25775883,0.5368607,0.6775539,0.09071582,0.033448834,0.06860216,0.23042294,0.46316728,0.7559885,0.6704237,0.51093704,0.3747845,0.31416968
141,0.37634304,0.56149167,0.33546028,0.23364909,0.24093024,0.6180529,0.41120556,0.65199023,0.7527613,0.30380252,0.37459204,0.56514335,0.32468894,0.35275677,0.023683159,0.1314021,0.13068523,0.29946473,0.20735054,0.52938133,0.1193588,0.060924333,0.6086422,0.01814472,0.025293285,0.49457797,0.24580002,0.23143803,0.5408343,0.66217774,0.09840701,0.035412736,0.067298725,0.22380757,0.4507129,0.7695584,0.6755332,0.50586295,0.38436022,0.32178843
142,0.3625195,0.5569248,0.32661265,0.23499386,0.25185305,0.6225461,0.41785988,0.65281075,0.7242808,0.3386151,0.38541576,0.54766643,0.33135173,0.35515183,0.023331944,0.14413092,0.12746926,0.29974994,0.21174689,0.577492,0.11339578,0.0624854,0.62682205,0.018469801,0.026645692,0.481771,0.23524743,0.2098204,0.5439976,0.6359188,0.108051,0.03842702,0.062666774,0.2147999,0.43085867,0.77670556,0.6710585,0.49292248,0.394143,0.3207835
143,0.3522785,0.55241716,0.31972137,0.2308191,0.26029348,0.63673204,0.42531833,0.64847237,0.6933725,0.37553173,0.40049228,0.54029816,0.34733918,0.3646105,0.022392243,0.15303995,0.1265907,0.30564868,0.21985924,0.6267509,0.106604636,0.064244166,0.62912375,0.018003775,0.027936189,0.48058724,0.22512546,0.20002523,0.5495815,0.5985625,0.11663867,0.041482188,0.056545436,0.20840374,0.40671661,0.7748199,0.659196,0.474345,0.40620127,0.31167814
144,0.34864268,0.5432765,0.32294485,0.22240104,0.26118368,0.6561024,0.4294038,0.6307882,0.6644391,0.4029966,0.4115345,0.54282624,0.3671984,0.37981337,0.020888822,0.1557386,0.12726751,0.3155797,0.22826037,0.6630343,0.100972615,0.06583761,0.6070171,0.01668253,0.028359225,0.49257573,0.22012939,0.20606045,0.5616588,0.5507067,0.12027873,0.043308675,0.051363822,0.20980193,0.38495448,0.7638888,0.6469861,0.45145977,0.42167327,0.29588583
145,0.35299343,0.5258418,0.3441007,0.21289612,0.25078693,0.67591465,0.42542183,0.59446007,0.6407595,0.41309294,0.41240686,0.5504086,0.38075367,0.39867523,0.019157084,0.1520364,0.12888107,0.32628655,0.23253988,0.67764926,0.09789647,0.066969514,0.5582691,0.014821633,0.027386583,0.51504797,0.22353329,0.22905165,0.5820487,0.49650648,0.1166572,0.042873137,0.049329974,0.22230406,0.37417272,0.74741113,0.6441568,0.42518374,0.4390665,0.27635136
146,0.36382934,0.4989907,0.38520354,0.20630482,0.22900373,0.69450945,0.41218525,0.53890944,0.6224196,0.40489116,0.40128708,0.5571225,0.37914968,0.42061073,0.01765483,0.14397317,0.13187602,0.33314744,0.23027968,0.66918075,0.09784854,0.067510314,0.49075267,0.012953671,0.025236877,0.54184824,0.237105,0.26750568,0.6089914,0.4434991,0.10691294,0.039915986,0.052141175,0.24607915,0.3809512,0.73156697,0.6570437,0.3968526,0.45499736,0.2570806
147,0.37705508,0.46423277,0.43938056,0.20556895,0.20001808,0.7129606,0.39279783,0.4693634,0.6060686,0.3831171,0.37964594,0.5588483,0.36170733,0.44631603,0.016644495,0.13471255,0.13716888,0.33301362,0.2225667,0.6425363,0.10001178,0.067397565,0.42010432,0.011484717,0.022647094,0.56655014,0.26049632,0.31761605,0.63821113,0.3993362,0.09446155,0.035059623,0.061176203,0.27775988,0.40617964,0.7219762,0.683807,0.36856833,0.46506643,0.24095635
148,0.38791063,0.42616445,0.49423516,0.21118855,0.17036755,0.73191667,0.37156975,0.3962912,0.58744824,0.35446858,0.35086423,0.5530264,0.33546382,0.47501644,0.016052937,0.12718478,0.14500062,0.3264883,0.21235102,0.6067074,0.102432944,0.06650152,0.3613527,0.010532162,0.020265007,0.5843898,0.2897338,0.37308317,0.66462225,0.36897823,0.08233755,0.029505862,0.07722068,0.31100738,0.44423383,0.7206904,0.71675044,0.34285584,0.464914,0.22839588
149,0.39443928,0.39138594,0.5412262,0.22101028,0.1453288,0.7480591,0.3512574,0.3326531,0.5645509,0.32680446,0.32017994,0.53718144,0.30896795,0.5017525,0.015598154,0.12376913,0.15390813,0.31673864,0.2014407,0.57192,0.10354506,0.06496656,0.322439,0.010009785,0.018414233,0.59272045,0.3178283,0.42493713,0.6844984,0.35254568,0.072414346,0.02464398,0.09896234,0.33897316,0.48589417,0.7261766,0.7480316,0.32135698,0.45412433,0.21880364
150,0.39824283,0.36621413,0.5789588,0.23029648,0.12780595,0.7549498,0.3339783,0.29044428,0.53885174,0.3091357,0.29424754,0.5101939,0.2887233,0.51866883,0.014995832,0.12646714,0.15974051,0.30801207,0.1904071,0.5488373,0.10328345,0.063499264,0.30508414,0.009731403,0.017212108,0.5923155,0.3371904,0.46270323,0.69657385,0.344581,0.06616441,0.021594735,0.120041,0.35710475,0.52219117,0.7342051,0.7719609,0.30461672,0.43931863,0.2114583
151,0.40102378,0.35549486,0.60777205,0.23362996,0.11965493,0.7486652,0.32174724,0.2764808,0.51418084,0.30786443,0.27893898,0.4751822,0.27928317,0.51976997,0.014143356,0.13613954,0.15815434,0.3048014,0.18074054,0.5448575,0.102419965,0.062843926,0.30873257,0.009517149,0.016651012,0.5864696,0.3421845,0.47779256,0.7004636,0.33864775,0.06452965,0.02087057,0.13008438,0.36411113,0.547469,0.73894143,0.785327,0.2926515,0.43008056,0.20487922
152,0.40275788,0.3619107,0.6275614,0.2285666,0.122624576,0.73037213,0.31418416,0.29159743,0.49391872,0.32293555,0.27651894,0.43932256,0.28425577,0.5028492,0.013173289,0.15081306,0.14939408,0.31014177,0.17548726,0.5584503,0.101407826,0.063134566,0.33010522,0.009308659,0.016628081,0.576835,0.33224,0.4665201,0.6942436,0.3330328,0.06733056,0.02251427,0.124354586,0.36183435,0.55953074,0.73633313,0.7867022,0.28430906,0.4307906,0.19847257
153,0.40355667,0.38557968,0.6388259,0.21682592,0.13919175,0.7046944,0.3086962,0.33323705,0.47837517,0.34881672,0.28594875,0.40985048,0.3061857,0.46956238,0.012284865,0.16565907,0.13819021,0.32463866,0.17785989,0.58191955,0.0998832,0.06403243,0.36320105,0.009163928,0.017051559,0.5628568,0.31142133,0.4310682,0.6753268,0.33011302,0.07344731,0.026442582,0.10806987,0.35406426,0.558801,0.72571206,0.7756898,0.2775645,0.438768,0.19272402
154,0.4047202,0.42280215,0.64116836,0.20345801,0.17143889,0.6785901,0.30314067,0.393554,0.4647217,0.37823808,0.304711,0.39060688,0.34374407,0.4267288,0.011644864,0.17572027,0.12987976,0.34584177,0.18897785,0.60799485,0.09714166,0.0652438,0.4020041,0.009176626,0.01788873,0.5443386,0.28554907,0.38031685,0.64554054,0.33232227,0.08112757,0.032315496,0.09003068,0.3438866,0.5484723,0.71009487,0.7541975,0.27111295,0.44844115,0.18791953
155,0.407932,0.46481693,0.63351834,0.19431925,0.21769692,0.65967375,0.29617256,0.45691338,0.45071542,0.40362298,0.32965067,0.38293186,0.38959947,0.38289768,0.011397312,0.17750308,0.12815055,0.3667341,0.20637693,0.63029814,0.09331345,0.06656895,0.44051087,0.009398182,0.018914303,0.521789,0.26134598,0.3265025,0.6129973,0.33935606,0.088226266,0.03899213,0.07618097,0.33226293,0.5340979,0.6965289,0.7279246,0.26435646,0.4574851,0.18500964
156,0.41409132,0.5003828,0.6177009,0.1933584,0.2710124,0.65351325,0.28678477,0.50628084,0.4369255,0.4182708,0.35845536,0.38751927,0.4319174,0.3431981,0.011682418,0.16882859,0.13490473,0.37827662,0.22492899,0.6426185,0.089702725,0.0677913,0.47098023,0.009822706,0.019611234,0.49621332,0.2448635,0.27817148,0.5871314,0.34708923,0.09304702,0.044663075,0.068532884,0.32019126,0.5223139,0.69330484,0.7047251,0.25563526,0.46844417,0.18576719
157,0.42173404,0.5196676,0.59973335,0.20258975,0.31945223,0.66268474,0.2755089,0.53069794,0.4252134,0.41826516,0.38870168,0.40388456,0.45722368,0.31099936,0.012657373,0.15047036,0.15008587,0.37564862,0.23972312,0.6412938,0.08760253,0.0687686,0.4843952,0.010429499,0.019563252,0.4704681,0.23949532,0.23937023,0.5747357,0.34975708,0.094862804,0.04769598,0.06768743,0.31024343,0.51921725,0.70524114,0.6911029,0.24298945,0.48177618,0.19117998
158,0.42789605,0.51771104,0.586465,0.22269644,0.3487312,0.6857835,0.26403433,0.52682436,0.41674572,0.4037955,0.41523716,0.4287336,0.4556755,0.28976324,0.014456471,0.12746313,0.17163457,0.3601923,0.24824266,0.6273695,0.087226756,0.069598876,0.47548208,0.01119778,0.018842882,0.44803932,0.24472155,0.21222596,0.579065,0.34480757,0.093453355,0.047292396,0.074771054,0.30353943,0.5273243,0.73168707,0.68999934,0.22736253,0.4914635,0.20107107
159,0.4298682,0.49614775,0.58015937,0.25270092,0.34890047,0.71771055,0.25475165,0.49717754,0.4109452,0.37905607,0.4305962,0.45650867,0.4263236,0.2821438,0.017118646,0.10599938,0.1961032,0.3375294,0.2509756,0.6060591,0.08776992,0.0707055,0.44608614,0.012129679,0.017962778,0.43129632,0.2566431,0.19797519,0.5993434,0.33483115,0.08872074,0.043730505,0.09219973,0.29864207,0.5439335,0.76727885,0.69984,0.21283202,0.488626,0.21469742
160,0.42563945,0.46202266,0.5771627,0.28916088,0.3195128,0.75092596,0.25164554,0.44852564,0.40638024,0.3512562,0.428244,0.48063487,0.37734932,0.28958043,0.020455208,0.09030507,0.2186381,0.3145446,0.24986137,0.58461386,0.08846257,0.072613806,0.4048978,0.013260025,0.017519321,0.42240226,0.27038926,0.19747947,0.6311902,0.32440877,0.08135703,0.038286828,0.12267011,0.29467952,0.5628646,0.80406183,0.7158732,0.20432022,0.46856126,0.2313059
161,0.416465,0.42457664,0.57193315,0.32498094,0.2702742,0.7761539,0.2588634,0.3931908,0.40304953,0.3295607,0.40783325,0.49498233,0.32228804,0.31151792,0.023792379,0.082897685,0.23228638,0.2961432,0.2443414,0.5702721,0.08966611,0.07588864,0.3658331,0.014552665,0.017923295,0.4232006,0.28190726,0.2112507,0.66957706,0.31689012,0.0737281,0.03290341,0.16347687,0.2924539,0.5765277,0.8345103,0.7336688,0.20569639,0.43657506,0.2499264
162,0.40761012,0.39416677,0.55945617,0.35083675,0.2171127,0.7859578,0.2781938,0.34709716,0.4018695,0.32156342,0.37772664,0.49710554,0.27471894,0.34491855,0.026137304,0.08583131,0.23058183,0.2859669,0.23077239,0.56783885,0.09280174,0.081706606,0.34366667,0.0159137,0.019536832,0.4336973,0.28617445,0.23785678,0.71158606,0.31456244,0.06881915,0.029413735,0.19970652,0.29220566,0.5779133,0.8542763,0.7508537,0.21877931,0.40764236,0.26802215
163,0.4044666,0.37979227,0.53650254,0.36011562,0.17443937,0.77658397,0.30786857,0.321532,0.40255868,0.3284651,0.34762567,0.49032056,0.24520892,0.38208497,0.02682826,0.10081909,0.21297573,0.28762865,0.20880488,0.5765134,0.09911855,0.09172723,0.34518123,0.017290985,0.022725433,0.45175543,0.2792523,0.27158415,0.7537205,0.31873834,0.06796375,0.028692503,0.21272509,0.29338458,0.56172544,0.8622797,0.76441896,0.24283844,0.3972711,0.28322893
164,0.40991974,0.38329524,0.5060464,0.35153353,0.14891678,0.7473721,0.34210294,0.3196709,0.40571845,0.34438655,0.32093003,0.48308608,0.24061365,0.4110667,0.025852524,0.12741864,0.18604,0.3021525,0.18580675,0.5897748,0.10851583,0.10619131,0.3636104,0.01860941,0.027408864,0.4721792,0.2658026,0.30378637,0.7884897,0.33014953,0.07053163,0.030588454,0.19961494,0.29624003,0.5270398,0.85837764,0.76813847,0.27399847,0.41038534,0.29634115
165,0.4226471,0.3993375,0.47573447,0.3283315,0.1407576,0.70014566,0.37340787,0.33932295,0.41433287,0.36332825,0.29703984,0.48223084,0.26391688,0.42309567,0.023745261,0.16191307,0.15794063,0.32497266,0.17078125,0.6031734,0.119149595,0.12186444,0.3869791,0.019733066,0.03266691,0.48743618,0.25596103,0.32637075,0.8085954,0.347854,0.07551559,0.03443619,0.17202483,0.29986507,0.47834718,0.84238255,0.7561807,0.3073793,0.44094378,0.31023255
166,0.43761468,0.4199144,0.44980443,0.29825503,0.14852527,0.64225364,0.3967119,0.37429845,0.42810598,0.3839826,0.2767914,0.49010026,0.31288916,0.41853315,0.021388931,0.19840875,0.13413419,0.34845287,0.16790192,0.61751544,0.12762532,0.13387044,0.40825507,0.020590907,0.03726151,0.49152398,0.2560237,0.3345708,0.813029,0.36871815,0.08222145,0.039458476,0.14314225,0.3017261,0.42317304,0.8154182,0.72814804,0.33859384,0.47884512,0.32583684
167,0.45074326,0.4369857,0.42763552,0.2724472,0.1717189,0.5890727,0.4088602,0.41446438,0.43989462,0.4057286,0.26207072,0.50762254,0.3794951,0.4010234,0.019542685,0.22799379,0.1180915,0.36448717,0.1771927,0.6335295,0.13047697,0.14004123,0.4237704,0.021171106,0.04001234,0.48113158,0.26749876,0.3263875,0.80639887,0.3886996,0.08965857,0.04461247,0.12186728,0.29965812,0.37177292,0.7836486,0.6900605,0.36061478,0.51670784,0.3420702
168,0.46083313,0.44639602,0.40947255,0.26059222,0.20979191,0.5569075,0.40697473,0.44992182,0.44147837,0.42562857,0.25493583,0.53208387,0.4510076,0.37259394,0.018615535,0.24123962,0.11210992,0.36745963,0.19598277,0.64853024,0.12750848,0.141336,0.43215698,0.021580892,0.039953474,0.45643446,0.28900534,0.3022305,0.7934313,0.40523612,0.09670751,0.04873682,0.111738384,0.29349723,0.3380934,0.758972,0.6506901,0.3637587,0.5503851,0.35705084
169,0.46788442,0.44846857,0.3986443,0.26716363,0.2579595,0.55403066,0.39072362,0.47460234,0.430571,0.43937573,0.25799176,0.5571768,0.51193297,0.33759508,0.018813916,0.23406827,0.11740095,0.35764855,0.21938051,0.6579938,0.122023106,0.13947707,0.4327635,0.022117792,0.037235368,0.42296124,0.31671575,0.26713943,0.77720845,0.41618994,0.10266629,0.051173903,0.11308034,0.28505078,0.33255887,0.75248003,0.61718154,0.34257045,0.5762765,0.36856607
170,0.4712717,0.4455132,0.397928,0.29148692,0.30525485,0.5794245,0.36505982,0.4868152,0.41022688,0.44457042,0.27287862,0.5760231,0.54934156,0.30443677,0.020230513,0.21004051,0.13426101,0.34018183,0.24299373,0.6607805,0.117070876,0.13587509,0.4257403,0.023087148,0.033516277,0.38913432,0.34347153,0.22953372,0.75991327,0.41880354,0.10745896,0.051952083,0.12534174,0.27560076,0.355967,0.76743835,0.5931014,0.30272472,0.5892328,0.37554845
171,0.46942228,0.44117516,0.4060341,0.32861456,0.33939034,0.626938,0.33847377,0.48750332,0.3845447,0.44287357,0.29903468,0.5851654,0.5576783,0.28210527,0.022911614,0.17735389,0.16207476,0.3218687,0.26602927,0.66079855,0.113212354,0.13157648,0.41352177,0.024610478,0.03073653,0.3610142,0.36060187,0.1970515,0.74260944,0.41323718,0.11104223,0.051445533,0.14780237,0.2651475,0.40014628,0.79772794,0.57870954,0.2578684,0.5834412,0.37817657
172,0.46152946,0.439343,0.4176018,0.36957562,0.3532901,0.6854372,0.31813046,0.47908622,0.35799292,0.4399565,0.33322975,0.58663106,0.5393725,0.27496615,0.026791086,0.14467947,0.19819908,0.30772462,0.28977472,0.6643579,0.109149106,0.12695184,0.39948115,0.026452325,0.029804586,0.3416727,0.3626503,0.17378946,0.7255052,0.4033698,0.112826906,0.05002379,0.17774639,0.25301325,0.44984135,0.8320905,0.5718451,0.22025515,0.5564663,0.3774393
173,0.44893926,0.44510996,0.4267569,0.4041967,0.3471091,0.74253327,0.30675173,0.4660738,0.33573523,0.4425892,0.37025568,0.5848527,0.5022084,0.28291324,0.031604696,0.117342964,0.23673908,0.30077282,0.31427878,0.67622155,0.10336917,0.12168978,0.3888244,0.028013563,0.030699024,0.33239117,0.34774232,0.16093653,0.70724183,0.39651358,0.11199359,0.047820043,0.20890394,0.23946731,0.49090883,0.86128443,0.5705508,0.19641851,0.5092524,0.37385395
174,0.4346352,0.4634759,0.42986098,0.4239256,0.3266565,0.7889862,0.30380526,0.45507112,0.32141757,0.45425466,0.40374538,0.5821621,0.4576878,0.30316794,0.03652177,0.09754997,0.2685712,0.3024862,0.3371856,0.6976933,0.09535557,0.11526168,0.38941225,0.028446343,0.033019945,0.33416414,0.31591338,0.15863438,0.6851495,0.40003622,0.10869811,0.044888683,0.23045626,0.22593617,0.5163225,0.8807974,0.57448375,0.18889071,0.44685572,0.36624593
175,0.42031962,0.49485898,0.42516172,0.42201164,0.3007429,0.82154894,0.30664688,0.4509547,0.31660956,0.4698338,0.42914855,0.57998025,0.41866478,0.3315136,0.03976948,0.085172676,0.2853285,0.31256354,0.35344303,0.72361,0.085801974,0.106806606,0.40609935,0.02692687,0.03577687,0.3478664,0.2718402,0.16676708,0.65722686,0.41728464,0.10379996,0.04137605,0.23003688,0.21462049,0.5237481,0.8889442,0.5848713,0.19694434,0.3823595,0.35071534
176,0.40553302,0.5328638,0.41446692,0.3953612,0.27762243,0.84130394,0.31030908,0.45584822,0.32298696,0.478231,0.44472596,0.5789391,0.39517102,0.3614614,0.039410934,0.07839651,0.2843461,0.32869425,0.35904536,0.74458325,0.075989105,0.095768094,0.43506914,0.023335084,0.037136324,0.37159348,0.22640687,0.18353957,0.6227213,0.4462179,0.09785768,0.037518773,0.20416911,0.2071152,0.5135872,0.88518864,0.6014908,0.21665353,0.33019224,0.32468122
177,0.39004794,0.56779146,0.40411758,0.34711447,0.26152968,0.85015357,0.30870754,0.47026333,0.3425198,0.4713575,0.44972163,0.57739556,0.3907622,0.3848107,0.034993112,0.075123,0.2684545,0.34645864,0.35430065,0.7540338,0.066986844,0.08279577,0.4668147,0.018482767,0.0353276,0.39904875,0.19015847,0.2049105,0.5821658,0.48097456,0.09110192,0.03355162,0.1627717,0.20295309,0.48975655,0.8690544,0.6222125,0.24210821,0.29640526,0.29057822
178,0.37414795,0.59231675,0.40125716,0.2884465,0.25234365,0.8500748,0.29811776,0.49180552,0.37539908,0.44951963,0.44494772,0.57176226,0.40057018,0.39692986,0.02836086,0.0739014,0.24355246,0.3607816,0.34216443,0.750242,0.059524693,0.06965537,0.4931236,0.013698913,0.030412577,0.42193154,0.16769429,0.22553796,0.53814363,0.51536494,0.084034316,0.029748002,0.12183391,0.20044725,0.45985103,0.84114516,0.645345,0.266977,0.27872008,0.25516507
179,0.3584425,0.60344416,0.4105289,0.23513414,0.24775249,0.8436998,0.27940804,0.5142759,0.41807652,0.41984236,0.43452093,0.5586048,0.41384122,0.3996987,0.022156538,0.073913425,0.21702513,0.36802787,0.32527906,0.73365575,0.054352205,0.05834843,0.50893337,0.010047137,0.024362573,0.43405482,0.15934527,0.24037015,0.49624366,0.544205,0.07769237,0.026493875,0.09227551,0.19904976,0.43423185,0.8063466,0.6695913,0.28478947,0.27241936,0.22593383
180,0.34410015,0.602194,0.43317962,0.19880907,0.2447055,0.8348462,0.25773883,0.5303746,0.4629356,0.3903889,0.4247725,0.5364467,0.41957247,0.39931917,0.017900052,0.074806325,0.19575265,0.3676629,0.3053674,0.70486933,0.052435078,0.050332773,0.5121599,0.007866823,0.01924989,0.43378943,0.16356538,0.2468019,0.4641643,0.56350875,0.07325023,0.024246963,0.07628625,0.2000337,0.42407358,0.7751077,0.6931029,0.29013804,0.27394718,0.20704706
181,0.33203337,0.5926135,0.46618855,0.18297192,0.23994654,0.8277669,0.24057733,0.53578246,0.501556,0.36560947,0.4201509,0.50663775,0.41107714,0.40238056,0.015821228,0.07666612,0.18346812,0.3628518,0.28463924,0.6655707,0.05472721,0.046188254,0.5036231,0.007025204,0.016070466,0.42454687,0.17715965,0.2460015,0.44831756,0.57137847,0.071419574,0.023362266,0.07184605,0.20504317,0.43683627,0.7585484,0.7130388,0.2821872,0.2799309,0.19880432
182,0.32181218,0.5800949,0.5008794,0.1861513,0.23145643,0.82495517,0.23476763,0.5303279,0.52852225,0.34584603,0.42084876,0.47377253,0.38734147,0.4129066,0.01565007,0.07976971,0.1799022,0.3590403,0.26594484,0.62010664,0.061742872,0.04584852,0.4863596,0.0073633124,0.015009003,0.41322434,0.19450511,0.24195914,0.4512227,0.56881636,0.072100684,0.023947997,0.076885685,0.21469884,0.47062278,0.7611124,0.7264293,0.2662578,0.28567424,0.19987959
183,0.31192663,0.5694777,0.52476305,0.20489441,0.21976854,0.8258574,0.2441797,0.5166566,0.5424806,0.3291496,0.42441362,0.4451895,0.3523073,0.43088093,0.017112019,0.084160574,0.18216005,0.36098713,0.25109988,0.5747876,0.07297761,0.048987374,0.46530202,0.008876648,0.01607245,0.40685666,0.20787993,0.23889098,0.47135708,0.55973065,0.07431612,0.025825934,0.08979836,0.22813347,0.512905,0.77830493,0.73214597,0.25063333,0.28654534,0.20878442
184,0.30153018,0.5635811,0.5281207,0.23356998,0.2072879,0.8279536,0.26850954,0.49847746,0.54585993,0.31334066,0.4282036,0.42804834,0.31279013,0.45262706,0.019946693,0.08935647,0.18661632,0.37039524,0.23989813,0.53558165,0.08639464,0.054995675,0.44683012,0.011589307,0.019316778,0.40994388,0.21104006,0.23920564,0.503639,0.54975045,0.0764541,0.0284895,0.10795082,0.24357389,0.5477417,0.8008169,0.73219967,0.24221095,0.2808284,0.22328024
185,0.2913444,0.56304574,0.5081344,0.26405403,0.19669013,0.8289314,0.30308715,0.47914663,0.5430925,0.29724482,0.43066204,0.4262218,0.27596194,0.47293517,0.02373446,0.0944126,0.1903302,0.3854319,0.2307494,0.50643706,0.09866008,0.06255347,0.43717343,0.015223088,0.024587937,0.423886,0.20264523,0.24336787,0.54008234,0.54424345,0.07703882,0.031082483,0.12631826,0.25918984,0.5647813,0.8206786,0.7308536,0.2446184,0.27065843,0.23937517
186,0.28258124,0.56725067,0.46803156,0.2880312,0.19011948,0.8279751,0.3401924,0.4613605,0.5375879,0.28083774,0.43156523,0.43977058,0.24770503,0.4870298,0.027765919,0.098185845,0.19188018,0.40184405,0.2221904,0.4889761,0.10639503,0.06945036,0.4400103,0.018932004,0.030971007,0.44712877,0.18566929,0.25046104,0.5720401,0.54624677,0.07555816,0.03263498,0.13821559,0.27309516,0.56138575,0.83408135,0.73206764,0.25810146,0.2603841,0.2519421
187,0.27598608,0.5747965,0.4160599,0.30010954,0.18933913,0.82539797,0.371572,0.44734174,0.5302486,0.26481313,0.4310477,0.46574676,0.23202409,0.49130094,0.031028327,0.09958193,0.19142456,0.41466746,0.21439782,0.48313683,0.1076893,0.07330792,0.45462057,0.021463843,0.03649696,0.47499633,0.16529135,0.25817966,0.59322673,0.55489045,0.07249751,0.032559153,0.13871938,0.28320596,0.54008645,0.84015614,0.7374283,0.27978882,0.25451556,0.2570212
188,0.27232006,0.58355916,0.36441213,0.298965,0.19598295,0.82151884,0.3908286,0.4388216,0.52086294,0.25031838,0.42845172,0.49883887,0.2308261,0.48369163,0.032411482,0.09796157,0.1895639,0.41989067,0.20939457,0.48792955,0.102781646,0.07293,0.4765215,0.021809129,0.038874336,0.50020796,0.14701256,0.26297778,0.60129094,0.5657192,0.06875636,0.030979082,0.127865,0.28803495,0.5064267,0.83888495,0.7460875,0.30503935,0.25656483,0.25384828
189,0.273077,0.59096867,0.3250943,0.2861508,0.21133848,0.8156897,0.39461738,0.43742734,0.51046413,0.23917635,0.42291713,0.53223,0.2442305,0.46413746,0.031228192,0.093753934,0.18599117,0.4159453,0.20938805,0.5015731,0.09372911,0.06910397,0.49994576,0.019875767,0.03704578,0.51501244,0.13502787,0.26130474,0.5977573,0.5729976,0.06520374,0.028644508,0.110035285,0.28744414,0.46728152,0.8299898,0.75586087,0.32932392,0.2688668,0.24485451
190,0.2802719,0.594581,0.30550364,0.26483208,0.23567165,0.8059346,0.3833403,0.44506332,0.50203454,0.23416968,0.41467658,0.5591215,0.2712476,0.43513748,0.027771307,0.08879444,0.17953937,0.4043118,0.21505034,0.52137816,0.08364076,0.06408272,0.519949,0.016605329,0.032080557,0.513986,0.13202573,0.25168765,0.5870783,0.5725115,0.06269883,0.026576733,0.090845466,0.28254354,0.42922753,0.81292105,0.7637894,0.34895104,0.2929303,0.23431551
191,0.2955768,0.5930166,0.30828542,0.23980425,0.26716328,0.78957593,0.36196995,0.46298537,0.49922764,0.23875469,0.40484175,0.5742396,0.3097645,0.40225083,0.02325069,0.08587318,0.16956355,0.38862824,0.2253309,0.5438594,0.07573297,0.060333587,0.53384984,0.013349212,0.026351841,0.495867,0.14014032,0.23621254,0.57509375,0.56342673,0.06222661,0.025718708,0.074751124,0.2756701,0.39855945,0.78770244,0.7664148,0.36138645,0.3294893,0.22676641
192,0.3196332,0.58712757,0.33277377,0.21716666,0.30059075,0.76465285,0.3391395,0.4899746,0.50415504,0.25586668,0.3942738,0.5748342,0.35543415,0.37290463,0.01905122,0.08789301,0.15731783,0.3731448,0.23791282,0.56459063,0.072532676,0.05978227,0.5422741,0.011080774,0.021931361,0.46430728,0.1608892,0.22008088,0.56780684,0.5488476,0.06468746,0.026810322,0.06423251,0.27010778,0.38147065,0.7565365,0.7608872,0.36638585,0.37716553,0.22553921
193,0.35181865,0.57994574,0.3738221,0.20232956,0.32756603,0.730742,0.32369232,0.5219907,0.5157308,0.2859455,0.38305315,0.5613697,0.4014534,0.3529485,0.016030757,0.097579665,0.14559188,0.36155435,0.24945551,0.57873017,0.075713314,0.063852444,0.5485913,0.010175078,0.01982809,0.42767084,0.19299203,0.20927592,0.5706667,0.5342917,0.07048601,0.030475773,0.059945505,0.2683776,0.38147128,0.7245895,0.74602604,0.36686197,0.43072796,0.23201531
194,0.389775,0.5739776,0.41986597,0.19783635,0.340307,0.6877732,0.32139656,0.5542872,0.5304939,0.32515073,0.37045786,0.53776056,0.44107032,0.34340635,0.014379404,0.117698945,0.13647021,0.35602263,0.2560945,0.5834473,0.086262666,0.073580876,0.5558903,0.010699111,0.020297136,0.39642927,0.23033436,0.20770709,0.58725417,0.52398103,0.07928396,0.03723872,0.06120321,0.27010596,0.3956471,0.6977672,0.7222142,0.36767584,0.4821264,0.24611458
195,0.429462,0.56866074,0.4565007,0.2029413,0.33624205,0.635351,0.33349496,0.5831385,0.5450062,0.36571693,0.3553917,0.5103674,0.4701775,0.34052157,0.013918894,0.1502383,0.13018268,0.35633475,0.25478265,0.5795677,0.10415888,0.089200065,0.56465954,0.012695563,0.023344643,0.3785032,0.2643592,0.21601097,0.6173007,0.51865727,0.089913934,0.047094695,0.066417664,0.27230433,0.41504523,0.6795667,0.6914204,0.3729216,0.5245463,0.2671724
196,0.4663295,0.56159925,0.47386476,0.21436659,0.31847394,0.57564825,0.3563487,0.6052788,0.5564714,0.39926353,0.33755603,0.4856189,0.48743874,0.33891234,0.0143728545,0.19386153,0.12607141,0.36023644,0.24455453,0.5705611,0.12722217,0.10915009,0.57377344,0.016167445,0.028769212,0.3767778,0.28867605,0.23234835,0.6560579,0.51682967,0.10031341,0.058621716,0.073409565,0.27208734,0.42956415,0.6709687,0.6582908,0.3837303,0.555144,0.29343116
197,0.495499,0.551628,0.46939006,0.2276671,0.2930302,0.5158583,0.38251698,0.6177393,0.56202006,0.42046082,0.31813368,0.46764043,0.4936752,0.3343448,0.015406714,0.24225524,0.12337467,0.3647818,0.22679023,0.5612231,0.15017477,0.12901983,0.5825158,0.020769758,0.0357109,0.39029664,0.29978347,0.25319296,0.6956126,0.5166186,0.10803474,0.0685474,0.07972334,0.26859918,0.43283126,0.6723382,0.6300463,0.39808047,0.5739833,0.3207529
198,0.5118802,0.5399368,0.44655082,0.23923661,0.26677603,0.46571416,0.40366712,0.6189822,0.5591834,0.42849985,0.29942432,0.4577946,0.49185288,0.32435244,0.016628455,0.28552115,0.121405795,0.3673329,0.20506857,0.5571256,0.16592997,0.14194556,0.59042716,0.025451561,0.04224518,0.4164141,0.296161,0.27330998,0.7273415,0.5155615,0.11159613,0.07310473,0.083147585,0.2629073,0.42418367,0.6840408,0.61345655,0.41215715,0.58194524,0.3432934
199,0.5119913,0.5295094,0.41273636,0.24747322,0.24626137,0.43343356,0.41398448,0.6095023,0.54661125,0.426316,0.28417698,0.45573136,0.4866391,0.30892035,0.017716173,0.313427,0.120045,0.36641032,0.18443127,0.56327397,0.16917063,0.14213707,0.59652305,0.028657328,0.046056103,0.45084965,0.2790881,0.2865766,0.7446131,0.510805,0.111284494,0.07072531,0.08260841,0.2570557,0.40708947,0.7051405,0.61118484,0.4218872,0.58001393,0.35627654
200,0.4956334,0.524422,0.37668225,0.25234497,0.23653522,0.42496273,0.4122835,0.5913352,0.5241228,0.41862103,0.27487862,0.46048847,0.48278463,0.2919034,0.018545037,0.31848222,0.12013453,0.36224145,0.17016132,0.58244604,0.15910575,0.12919332,0.5999129,0.029251084,0.046046365,0.48648542,0.25312144,0.28847802,0.7434756,0.50119877,0.10860719,0.06313656,0.07876009,0.2531392,0.3864703,0.7320856,0.62076604,0.4244715,0.56933653,0.35786673
201,0.4663035,0.5284572,0.34584007,0.25470823,0.24059659,0.44493958,0.40191054,0.56699246,0.49275285,0.4096403,0.2735109,0.4713303,0.48277974,0.2800029,0.01921762,0.2978623,0.12326066,0.35653785,0.16663766,0.61388206,0.13943093,0.10852877,0.60019505,0.027333912,0.043071672,0.51469654,0.22455707,0.27837288,0.72192895,0.48829463,0.105232336,0.05366087,0.07355728,0.252946,0.3669867,0.7597924,0.6363455,0.41926152,0.55114293,0.34912622
202,0.4313453,0.54290706,0.32444483,0.25623477,0.2589566,0.49506822,0.38873172,0.5391688,0.45586848,0.40160257,0.28244504,0.48807934,0.4845543,0.27925828,0.020081213,0.25499296,0.13128546,0.35200012,0.17638701,0.651735,0.11655871,0.08779942,0.5967679,0.024203729,0.039185636,0.5290804,0.19901025,0.2596004,0.6815976,0.47495705,0.102184676,0.045116536,0.06931123,0.257758,0.35203028,0.7844354,0.65140635,0.40755633,0.52647614,0.33373362
203,0.40049595,0.5650431,0.31346592,0.25908482,0.2882304,0.56943625,0.37805066,0.5113074,0.42063957,0.39483544,0.3048538,0.51133144,0.48165503,0.29224777,0.021644743,0.20004195,0.14572643,0.3513907,0.19956808,0.68615204,0.09655231,0.07258684,0.5878099,0.021336816,0.036276642,0.5282814,0.1798757,0.23751613,0.63169205,0.46309355,0.09946766,0.038934804,0.06788103,0.26750648,0.34334466,0.80449724,0.66133857,0.39222193,0.49626163,0.3171261
204,0.38009194,0.5892166,0.31148508,0.264594,0.32029596,0.65284616,0.37252843,0.48682964,0.39577582,0.38802558,0.3414146,0.5413637,0.46826878,0.31726176,0.024239896,0.14669085,0.16659203,0.35625213,0.23392071,0.7086108,0.08217708,0.06437123,0.5708541,0.019396322,0.035141215,0.5168944,0.1677256,0.21744835,0.58639205,0.45349476,0.09622099,0.03513749,0.07009371,0.2800606,0.3416946,0.8193626,0.6648622,0.37714282,0.46126044,0.303404
205,0.36818975,0.6105165,0.31493106,0.27273506,0.34429333,0.7289222,0.37266067,0.46732703,0.38672546,0.37757134,0.38575706,0.57489276,0.44367155,0.3501278,0.027719036,0.10518785,0.19159952,0.36621317,0.27398396,0.7146902,0.07332295,0.061689485,0.5472249,0.018333958,0.03552914,0.50306547,0.16056968,0.20401163,0.5540156,0.4498628,0.09151399,0.032858647,0.07585664,0.29199156,0.34913397,0.8286697,0.6641866,0.36538512,0.42197585,0.2925666
206,0.35799214,0.6263759,0.3194212,0.2825469,0.3518107,0.7882415,0.37742844,0.4524871,0.39381346,0.35944995,0.42601725,0.60458934,0.41096956,0.38575992,0.031445146,0.07813743,0.21689169,0.3782502,0.3105522,0.70347387,0.06903117,0.062037446,0.5244009,0.017900337,0.036581077,0.49389988,0.15542634,0.19993521,0.5337999,0.45787695,0.08531547,0.031112518,0.08438716,0.29952767,0.3686633,0.83301824,0.6641346,0.35769686,0.3807003,0.2821751
207,0.34482554,0.63506204,0.32225522,0.29160035,0.3404849,0.8273329,0.38428205,0.4415397,0.41316542,0.3336599,0.45182103,0.62143916,0.3739952,0.41716826,0.034286786,0.06333293,0.23785043,0.3863459,0.33284825,0.67862546,0.068132795,0.0628143,0.51182705,0.01772747,0.037112445,0.4936008,0.14986092,0.20470516,0.5228228,0.47633046,0.07872104,0.029328898,0.09310009,0.2990687,0.39904046,0.834108,0.670564,0.35424984,0.34317347,0.2708683
208,0.32788226,0.6354579,0.32349327,0.29700905,0.31305686,0.84673226,0.38952833,0.4353609,0.43993074,0.30431965,0.4587404,0.6178911,0.33700985,0.4365295,0.035054356,0.057875294,0.25006583,0.38422182,0.33263102,0.64693594,0.06951824,0.061723676,0.5153754,0.017422589,0.035984587,0.5035694,0.14312832,0.21512835,0.51843137,0.4979174,0.07331371,0.027385054,0.09766729,0.28888026,0.43546835,0.8341423,0.68673223,0.3550784,0.3151318,0.25901622
209,0.3085647,0.6275474,0.32540858,0.29701063,0.27588904,0.84869945,0.3897,0.43739492,0.47147405,0.27748623,0.44902655,0.5904756,0.30522084,0.4389224,0.03337567,0.059950653,0.25090525,0.3690936,0.30895153,0.6155771,0.07247001,0.05757128,0.53441787,0.01678712,0.032808423,0.52227974,0.13646774,0.22655472,0.5166407,0.51585233,0.07059469,0.025492866,0.09491004,0.26971877,0.47390172,0.8348935,0.70953524,0.35847735,0.2989873,0.24811731
210,0.2888952,0.6116353,0.33123007,0.2902834,0.23672949,0.83438563,0.38355672,0.45202473,0.5073624,0.25992724,0.42953566,0.5390212,0.28353733,0.42516562,0.02974599,0.06935936,0.24008241,0.34260523,0.2697913,0.59193414,0.07672218,0.05101799,0.5625834,0.015800688,0.02820113,0.5453225,0.13233663,0.2337603,0.5130512,0.5247083,0.07196237,0.024129448,0.08483097,0.24332786,0.5102901,0.83683246,0.73107225,0.3610873,0.29492244,0.24015588
211,0.2706621,0.5885951,0.34430292,0.27592847,0.20166293,0.80425394,0.3728001,0.48118523,0.54692006,0.25766408,0.4071071,0.46703246,0.2752536,0.40192565,0.025114562,0.08728179,0.2199968,0.31059653,0.22915076,0.58234966,0.08234458,0.04419647,0.5902729,0.014563124,0.02335125,0.5662323,0.133628,0.23293753,0.5040334,0.5211939,0.07855657,0.023841564,0.07074757,0.21228942,0.5390146,0.8386453,0.74338526,0.3595706,0.30168024,0.23691972
212,0.25537524,0.5619062,0.36741588,0.25602394,0.17486371,0.76237285,0.361373,0.5210748,0.5866614,0.27574536,0.38543907,0.3870691,0.28157586,0.379433,0.02064974,0.115093715,0.19523227,0.28203812,0.20036285,0.5902663,0.08920663,0.03923857,0.6080779,0.013361199,0.019426141,0.57852167,0.14316447,0.22410853,0.4872563,0.5073582,0.09089967,0.025037536,0.05757489,0.1821152,0.5546376,0.83767927,0.74123245,0.35280424,0.31564614,0.23967989
213,0.24317859,0.53746766,0.40095663,0.23665406,0.160196,0.7202776,0.35440168,0.5619615,0.6201288,0.3164256,0.36581093,0.32116744,0.30113673,0.36940375,0.017374517,0.15176795,0.16966216,0.26563928,0.18999077,0.6149849,0.096020624,0.03686568,0.6090962,0.0126800435,0.017117972,0.5772836,0.16373461,0.21114147,0.46230146,0.49177042,0.1091922,0.02780066,0.048909735,0.161531,0.5555482,0.83172435,0.72247654,0.34115708,0.3311031,0.24839841
214,0.23422301,0.51899743,0.44059166,0.22299412,0.16093749,0.6891248,0.35603568,0.594383,0.64132255,0.37474337,0.34883335,0.28653708,0.33108556,0.3791446,0.015684145,0.19172429,0.14422677,0.26695523,0.1974878,0.6506396,0.10047967,0.03661878,0.58954364,0.012916764,0.01660849,0.56091166,0.19749096,0.19956625,0.43295076,0.4836854,0.1332531,0.031912927,0.04567854,0.1582877,0.54223347,0.8198611,0.6878086,0.3258426,0.3432155,0.2609268
215,0.23192571,0.5060776,0.47729376,0.21571413,0.17798641,0.67110604,0.36676162,0.6146413,0.6492255,0.43605518,0.33596787,0.2882947,0.36730337,0.40630862,0.015455816,0.22525837,0.11996473,0.28774273,0.21754238,0.6849246,0.10193812,0.03829751,0.55147445,0.01417703,0.017916078,0.5325747,0.24339461,0.1951898,0.4092491,0.4888555,0.15942642,0.037070684,0.047711905,0.17656855,0.5158835,0.801509,0.6419581,0.31153917,0.3506627,0.27378306
216,0.24302183,0.49691036,0.5034186,0.2133194,0.20796724,0.66393936,0.38136742,0.62131894,0.647084,0.48010346,0.33031777,0.3256117,0.40064135,0.44234988,0.016428532,0.24111487,0.100397386,0.3241147,0.24065821,0.7024025,0.10280619,0.042793896,0.5033052,0.016256971,0.021005424,0.49647143,0.29573366,0.20188068,0.40547055,0.5088323,0.17762014,0.042648017,0.055875275,0.217425,0.48224282,0.7779951,0.59724706,0.3041367,0.35610357,0.28407496
217,0.2725046,0.4895428,0.5192287,0.21512389,0.24166507,0.66427475,0.3918559,0.61151475,0.64064354,0.49266484,0.33172914,0.391998,0.41858003,0.47813833,0.01826785,0.23482831,0.08848285,0.36423928,0.25627917,0.69289964,0.106164806,0.051316254,0.45476717,0.018642958,0.025311882,0.45660365,0.34738988,0.22007576,0.43012366,0.54015785,0.17756516,0.047051057,0.07248359,0.27652085,0.45225048,0.7543074,0.57032853,0.30656445,0.36329904,0.2913332
218,0.31737593,0.4805966,0.5294056,0.22194532,0.26651326,0.6716622,0.39329496,0.5811707,0.63397807,0.4729052,0.33565688,0.47219253,0.41407362,0.50847006,0.020608222,0.21222275,0.085384466,0.39301786,0.2587726,0.65528953,0.113074474,0.063463286,0.41110125,0.02071659,0.029315745,0.41987562,0.3929829,0.24860644,0.47828025,0.57528806,0.15953149,0.048066206,0.1003962,0.3420622,0.4366747,0.7373894,0.5707783,0.31480822,0.3733571,0.29582217
219,0.366608,0.466268,0.53799325,0.23447916,0.2720564,0.68731636,0.38524535,0.5290885,0.62747324,0.4299858,0.3367972,0.5457927,0.38966838,0.53144556,0.02298056,0.18320392,0.09137672,0.40110618,0.24904592,0.59536624,0.122578405,0.07648316,0.3730908,0.021958765,0.031168299,0.39427376,0.42881608,0.28597397,0.5378003,0.6040927,0.13261689,0.044788953,0.14046226,0.39808172,0.44036925,0.7316705,0.5972023,0.32028508,0.38568184,0.29807478
220,0.40954426,0.4471046,0.5483175,0.25097045,0.25609815,0.7070601,0.3703776,0.46237272,0.62132794,0.37562314,0.3311369,0.5964259,0.35406968,0.5455198,0.024714287,0.1559133,0.105398886,0.3911906,0.23187713,0.52230525,0.13321419,0.087689914,0.3411863,0.022180246,0.030398745,0.38207147,0.4520895,0.32920933,0.5996931,0.61856633,0.1053072,0.038828995,0.18843526,0.4341696,0.45984095,0.7355509,0.64083165,0.3199712,0.3981209,0.30009595
221,0.44108075,0.42641845,0.5633888,0.26692894,0.22654432,0.72046,0.35306576,0.39692876,0.6143879,0.32188007,0.31837502,0.61406684,0.31752867,0.5467773,0.024976883,0.13680685,0.12342269,0.37401536,0.2115,0.44899628,0.14396173,0.09675892,0.31623766,0.021522556,0.028182238,0.3799164,0.46010658,0.3710356,0.65953004,0.6115061,0.08286197,0.033188958,0.23229533,0.4490503,0.48551062,0.7436498,0.68918747,0.31602663,0.40841827,0.30313239
222,0.45785245,0.40907523,0.5837461,0.27832964,0.19520684,0.7218189,0.3382625,0.3497556,0.6035319,0.28071535,0.30509052,0.5951351,0.28828353,0.53438884,0.02361108,0.12924457,0.13991669,0.3598434,0.19121724,0.39181256,0.15430146,0.10384638,0.2991465,0.02031446,0.025999805,0.38601053,0.450595,0.40100756,0.70978534,0.5764539,0.06839891,0.03013753,0.25488696,0.4454479,0.5110927,0.752096,0.72945106,0.30772695,0.41746873,0.3042552
223,0.4599769,0.40097338,0.6055804,0.28250322,0.1706245,0.7119625,0.33032274,0.33144307,0.5898318,0.26099813,0.30106223,0.5450518,0.2710592,0.51226413,0.021394834,0.13302633,0.15064025,0.35384429,0.17441988,0.36277735,0.16424946,0.10936345,0.29216436,0.01889965,0.024694726,0.40038532,0.42454883,0.4105977,0.7449476,0.5128104,0.06256507,0.030779647,0.24461165,0.4256743,0.53424764,0.7578178,0.7533255,0.29531255,0.431286,0.30023533
224,0.45364743,0.40517497,0.62237227,0.27889785,0.15693076,0.6933567,0.3328095,0.3431658,0.5777246,0.2638783,0.31104472,0.48018658,0.2668813,0.4853476,0.019276388,0.14497744,0.15430762,0.3568433,0.16439693,0.36185813,0.17382334,0.11585451,0.29518735,0.017696401,0.024721224,0.4196142,0.38908446,0.39668128,0.7669626,0.43296123,0.06399385,0.03570159,0.2082634,0.39448705,0.5503696,0.7582832,0.75782347,0.28282034,0.4537259,0.29407015
225,0.44504195,0.4205241,0.62857,0.27149826,0.15608338,0.66956013,0.34898326,0.3778365,0.5683533,0.2835303,0.33060035,0.4218078,0.27460727,0.45963505,0.017946778,0.16016603,0.15309332,0.3675278,0.1644917,0.3824675,0.18242304,0.1254544,0.30509952,0.017291075,0.026659714,0.44032237,0.353904,0.36380976,0.7780344,0.3588728,0.07099255,0.045058005,0.16579773,0.36191404,0.555096,0.7536945,0.7424354,0.27516866,0.48008046,0.29187745
226,0.43645895,0.4437951,0.6189887,0.26707658,0.16879508,0.6477697,0.3796609,0.4227251,0.5583585,0.3126016,0.35102338,0.38725206,0.29264623,0.4417231,0.017835312,0.17389323,0.15019031,0.3840541,0.17691003,0.4206248,0.18791032,0.13695972,0.31990203,0.01823632,0.031225398,0.46176907,0.32480755,0.32392865,0.7784702,0.3084825,0.082175024,0.05754408,0.13228986,0.33829862,0.5477453,0.7469538,0.70919967,0.27613354,0.50129753,0.2961806
227,0.42819136,0.46943235,0.58854276,0.27029905,0.19437477,0.63595915,0.418923,0.46371397,0.54097426,0.34515148,0.36687022,0.38452289,0.31949863,0.43277815,0.019094752,0.18307865,0.14722712,0.4053803,0.19975664,0.4740002,0.18619771,0.14718041,0.33783102,0.020813102,0.038800824,0.48253664,0.3022827,0.28905278,0.7704416,0.28733775,0.0955183,0.069646604,0.112410106,0.32853207,0.5294379,0.74305356,0.66420925,0.2838891,0.50974274,0.3038324
228,0.42341423,0.4887163,0.5386549,0.2814123,0.22748205,0.634924,0.45454422,0.4911699,0.51160675,0.37574503,0.37631723,0.41239205,0.35164675,0.42512098,0.021533284,0.18667474,0.14496866,0.42874748,0.22514255,0.53428715,0.17566226,0.15469028,0.3539249,0.02476348,0.04854726,0.50050354,0.28515434,0.2662809,0.7608073,0.290538,0.107251965,0.07733393,0.105490774,0.32994348,0.5027686,0.7467018,0.61717284,0.29170063,0.5033968,0.31052753
229,0.42831704,0.49446514,0.48221898,0.2988006,0.25594062,0.63915914,0.47397795,0.5007701,0.4722094,0.39891613,0.37753272,0.46277082,0.38147584,0.4094581,0.02468735,0.18473339,0.14486818,0.44748196,0.24248552,0.58760715,0.159953,0.1602309,0.36207876,0.029050972,0.057675842,0.5146721,0.27268633,0.2583606,0.75911385,0.30838776,0.11271816,0.07826522,0.110422686,0.33579755,0.47458065,0.7593961,0.58065486,0.293842,0.48688912,0.31500605
230,0.4463578,0.4851836,0.4379364,0.31985867,0.26646054,0.6434458,0.4700767,0.49170366,0.4302813,0.41093662,0.3686631,0.5207074,0.4001736,0.38332066,0.027823906,0.17733417,0.14856273,0.45391166,0.24523625,0.6237884,0.14401487,0.16386922,0.3595992,0.031998158,0.062157124,0.52553564,0.26441458,0.2647483,0.7698878,0.33007535,0.109435104,0.07234637,0.12638886,0.34049636,0.45411733,0.77901685,0.56624126,0.28892127,0.46715495,0.31738016
231,0.475389,0.46433967,0.41988757,0.339284,0.25299287,0.64581835,0.44337776,0.46688527,0.39507177,0.41135833,0.35089168,0.56767356,0.40276626,0.3528718,0.029902343,0.16564883,0.15665397,0.44448268,0.23378515,0.63997763,0.13089801,0.1645179,0.34896478,0.032180622,0.059730425,0.53313553,0.26013762,0.28365484,0.7891112,0.3466005,0.09901044,0.061959878,0.15120782,0.34117934,0.4481329,0.80067104,0.5781874,0.27947134,0.4487148,0.31682813
232,0.50895303,0.43864802,0.4337325,0.3501879,0.21979228,0.64798516,0.4004313,0.43234658,0.3716923,0.40481085,0.3292489,0.5887194,0.3913378,0.3289508,0.029922573,0.1530954,0.16863886,0.42119855,0.21373217,0.63958824,0.121534996,0.16087756,0.3367946,0.02935133,0.051951937,0.5351714,0.25960454,0.31357813,0.80826867,0.35328576,0.08591388,0.050756067,0.17951682,0.33654004,0.45823604,0.8190235,0.61150205,0.2689745,0.433153,0.31180966
233,0.53954154,0.4156962,0.4786362,0.34820732,0.17848204,0.653596,0.3508269,0.39541775,0.35880825,0.4020166,0.31056052,0.5753804,0.37393954,0.3216842,0.02764906,0.14438413,0.18337525,0.38943258,0.19289045,0.6322411,0.11547301,0.15211605,0.33036602,0.024517396,0.042550437,0.52849394,0.2630166,0.35263208,0.8195837,0.34894383,0.074872404,0.041592963,0.20324756,0.32585138,0.48128843,0.83067346,0.6539776,0.2591344,0.4210461,0.3017929
234,0.55975723,0.4018415,0.54474384,0.33302176,0.14270402,0.66599655,0.30550364,0.3641542,0.35301575,0.41262016,0.3004635,0.5297203,0.3599866,0.33634028,0.023928946,0.14221475,0.19845444,0.35627478,0.17914303,0.6300616,0.111584425,0.13888419,0.33337185,0.019210141,0.034402706,0.5131967,0.27070817,0.394245,0.81793904,0.3349374,0.068769425,0.035763122,0.21367416,0.3093992,0.51024354,0.8334118,0.69173616,0.2505187,0.41447493,0.2878788
235,0.5629036,0.4018471,0.6107331,0.30785137,0.121537335,0.6867744,0.2736826,0.34520334,0.35256335,0.43584755,0.3010183,0.47018203,0.3544419,0.3703787,0.020147376,0.1446347,0.2097207,0.32915482,0.17802049,0.6392736,0.108419314,0.12396917,0.3459789,0.014698466,0.02854089,0.4923797,0.27940133,0.42377597,0.8014922,0.31718633,0.068023674,0.033249423,0.20535393,0.28990552,0.5345476,0.8260426,0.7176449,0.24513042,0.4168319,0.2725584
236,0.54659814,0.41732648,0.6529164,0.2808777,0.11738011,0.71496165,0.26014417,0.34012902,0.3556703,0.46236464,0.3105127,0.42450273,0.3563295,0.41418245,0.0174546,0.14630899,0.2140622,0.31274694,0.19135277,0.6583665,0.104470745,0.110680826,0.3670225,0.011697997,0.025120534,0.4689386,0.28261784,0.42676812,0.772185,0.30572358,0.0713659,0.03315674,0.18278696,0.2726557,0.543249,0.8115332,0.7317576,0.24622257,0.42787632,0.25992727
237,0.5129543,0.4462335,0.65559477,0.26216203,0.13038102,0.74874127,0.26685783,0.34438375,0.35829118,0.48340768,0.32546702,0.41200176,0.3627057,0.45923042,0.016439885,0.14270692,0.21245438,0.3070722,0.21897027,0.68481946,0.09853728,0.10055285,0.39647463,0.010354901,0.024150591,0.44529477,0.27656716,0.4007086,0.7340219,0.30977744,0.07736337,0.034115646,0.15690184,0.26269585,0.53036696,0.79708123,0.7359402,0.2565778,0.4435022,0.25372994
238,0.4665922,0.48384133,0.610928,0.25746334,0.16060129,0.7852375,0.29356834,0.35005602,0.35477066,0.49358493,0.3431503,0.4347522,0.37025174,0.5016417,0.017273907,0.13331,0.2087881,0.3095092,0.25798059,0.71523684,0.090477996,0.09371319,0.43597394,0.010522525,0.025631972,0.42265448,0.26158965,0.35525894,0.6926112,0.33367944,0.08454659,0.03474238,0.13590848,0.26147848,0.496518,0.7900824,0.7326326,0.2770047,0.45794615,0.25532237
239,0.41570324,0.52205664,0.5221695,0.26688322,0.20429984,0.81830895,0.33453816,0.35048023,0.34183064,0.48833802,0.36158803,0.48010558,0.3740415,0.5356481,0.01987422,0.12123174,0.207296,0.31641006,0.29847264,0.7410706,0.08190299,0.090092845,0.48343858,0.012006315,0.029371722,0.40138155,0.2401166,0.30450365,0.65736663,0.37368077,0.09020876,0.034260657,0.123643495,0.26587963,0.44879872,0.79527026,0.72647786,0.3036623,0.4649489,0.26379672
240,0.36833444,0.5525751,0.4108795,0.28704938,0.25160554,0.84156376,0.3775211,0.34257138,0.3210406,0.46429104,0.37617826,0.5308569,0.37048692,0.5511856,0.023976631,0.10964629,0.2105879,0.32295182,0.32651147,0.7540838,0.07453618,0.088522516,0.5302123,0.014477573,0.03441313,0.38543096,0.21416222,0.25880155,0.636603,0.418023,0.09118568,0.03252534,0.12029142,0.27003205,0.3976569,0.81305474,0.7244429,0.32915902,0.4617881,0.2775373
241,0.32937202,0.57197386,0.31043464,0.31270233,0.2906653,0.85192454,0.40818134,0.32792097,0.2975881,0.4228051,0.38044354,0.5729338,0.36046082,0.53955984,0.028975781,0.0997282,0.21853296,0.3248693,0.33377707,0.75172067,0.06883411,0.08650926,0.56627285,0.017236143,0.038723078,0.38054532,0.18552785,0.22246267,0.6307046,0.45325565,0.086331226,0.029706264,0.123241715,0.26908317,0.35251153,0.83857936,0.732043,0.34798762,0.45022446,0.29496577
242,0.302922,0.58154255,0.24509518,0.336487,0.3127948,0.8484938,0.4156186,0.3132534,0.27835298,0.37190786,0.37219617,0.5956099,0.34715173,0.49850395,0.033538546,0.0915699,0.22791252,0.32067847,0.32005197,0.7355118,0.064619884,0.0822637,0.5851539,0.019179357,0.040009614,0.3877829,0.15779023,0.19577688,0.6347657,0.46974212,0.077411406,0.02635361,0.12826559,0.2621755,0.32024786,0.8644419,0.749924,0.35892949,0.43404037,0.31370988
243,0.29152718,0.5843204,0.21944107,0.34937668,0.31580564,0.83091074,0.39663118,0.30799168,0.26935813,0.32398847,0.3569682,0.59249526,0.33457935,0.43490115,0.035790205,0.085506804,0.23340896,0.31291887,0.2908979,0.7098036,0.061696693,0.0762432,0.5843431,0.019309636,0.037459675,0.40273196,0.13512006,0.1771639,0.64345694,0.46368977,0.06777624,0.023383291,0.13027811,0.25119022,0.3037145,0.88451374,0.77305543,0.3621714,0.4168939,0.329844
244,0.29439452,0.58400196,0.23024899,0.3434519,0.30331275,0.80040425,0.35671765,0.3201374,0.2744383,0.29063684,0.34453657,0.56224763,0.32774216,0.365715,0.034445252,0.082252145,0.23078331,0.3071414,0.2560613,0.6812939,0.060070444,0.07017795,0.56481904,0.017446058,0.032365277,0.4186331,0.12025794,0.16529305,0.65109605,0.43846714,0.06037065,0.021631878,0.12526596,0.23813473,0.30250153,0.89540875,0.79299897,0.35655022,0.40051132,0.33831608
245,0.30761898,0.58435917,0.27730027,0.3157872,0.2817705,0.7624011,0.30698764,0.35314235,0.29553202,0.27790672,0.34189028,0.50864017,0.33232105,0.3097852,0.029866237,0.08233225,0.22004338,0.3086821,0.22625339,0.65596884,0.060108766,0.0651811,0.53093815,0.0143530695,0.026720356,0.4288537,0.11448274,0.15994152,0.65019655,0.404242,0.05661948,0.021512281,0.11310258,0.22471839,0.31494892,0.89567333,0.8020225,0.34020385,0.3848611,0.3351365
246,0.32514086,0.58689004,0.35933694,0.27199864,0.2591386,0.7265651,0.25974047,0.40504083,0.3322096,0.28543326,0.35088784,0.4431452,0.3512379,0.27629045,0.023875786,0.08579283,0.20442913,0.32096097,0.20841841,0.63586384,0.06220196,0.061565835,0.48968834,0.011180603,0.021965489,0.4294495,0.11772607,0.16060232,0.6346396,0.37384075,0.056582358,0.023174876,0.09768755,0.21307692,0.3382445,0.8843531,0.7958933,0.31290293,0.3684213,0.31898212
247,0.3399597,0.5909433,0.45827752,0.22547966,0.2430282,0.70522845,0.2255574,0.46734276,0.3802221,0.30798697,0.3700187,0.38596958,0.37922114,0.26691693,0.018535255,0.091276705,0.18685186,0.34538183,0.20477252,0.6209739,0.06569772,0.0597305,0.44975457,0.0087658325,0.018840523,0.42150483,0.12820862,0.16575478,0.6053579,0.3587522,0.059537806,0.026575634,0.083773986,0.20641041,0.36676472,0.86062473,0.77539676,0.28003794,0.34876487,0.29204035
248,0.34661418,0.59606594,0.53880703,0.18950249,0.23865965,0.7088306,0.2109987,0.52704054,0.43294343,0.3361774,0.3957647,0.35747245,0.4041915,0.28222322,0.015024504,0.09532323,0.16944629,0.37993756,0.21542278,0.61176014,0.068974376,0.060058787,0.41986197,0.0074028564,0.017525176,0.40935463,0.14342488,0.17324618,0.5699874,0.36774448,0.064461306,0.031204447,0.07416958,0.20773661,0.39351684,0.8254006,0.74544245,0.25211605,0.3259246,0.26085398
249,0.3439942,0.601651,0.5756679,0.17036264,0.24855126,0.7356438,0.2174123,0.57342565,0.48405945,0.35710835,0.4237049,0.36623102,0.41605943,0.31885293,0.013526472,0.09459953,0.154879,0.41693032,0.23872909,0.6057377,0.07108952,0.062369656,0.4057885,0.007053135,0.017779415,0.39620847,0.16186185,0.18015225,0.53691036,0.40408915,0.07008285,0.035831958,0.06952128,0.21735449,0.41461006,0.78432864,0.7125569,0.23787326,0.30422434,0.23416871
250,0.33515847,0.6073534,0.56651044,0.16807741,0.2709118,0.7717433,0.24114913,0.6010299,0.52686256,0.3591639,0.44850212,0.40682447,0.4117248,0.36571082,0.013803463,0.08873475,0.14611787,0.44484842,0.26947543,0.59608895,0.07238011,0.06607817,0.4091077,0.0075831963,0.019167995,0.38230723,0.1816667,0.1841636,0.5120988,0.46289125,0.07460821,0.038746476,0.0697715,0.232015,0.43114147,0.74845284,0.6853785,0.24053738,0.28867576,0.2184703
251,0.32472348,0.61254245,0.52562857,0.17943719,0.29796922,0.8027082,0.27376387,0.60836387,0.5569078,0.33944368,0.46358216,0.4633081,0.39479744,0.40785617,0.015464358,0.08044418,0.14527453,0.4540493,0.29870886,0.5767145,0.07396242,0.06991027,0.42819023,0.008823089,0.021044184,0.3681114,0.19961637,0.1857597,0.4979971,0.5306746,0.076593265,0.038855165,0.07463641,0.2466762,0.44792888,0.72790325,0.6730558,0.25764465,0.282794,0.21488541
252,0.31550965,0.6155629,0.47271636,0.19998473,0.3200251,0.81991976,0.30445817,0.5974559,0.57523066,0.30250558,0.4625271,0.51652706,0.37266147,0.43051472,0.017934395,0.072868995,0.15256001,0.44041005,0.3162783,0.5451426,0.076950505,0.07151023,0.45992827,0.010536038,0.022390395,0.35800913,0.21228772,0.18622689,0.49409863,0.59012914,0.0757919,0.036347557,0.082456015,0.2569795,0.46862236,0.7256865,0.6803758,0.28401065,0.28991672,0.22148065
253,0.30831426,0.61434555,0.42281845,0.22395335,0.33121082,0.8189284,0.3244221,0.57582444,0.5848509,0.2574879,0.44354033,0.55105925,0.35387048,0.42283642,0.020259617,0.068476,0.16495538,0.40747413,0.31364447,0.5030816,0.08179042,0.06908496,0.5002201,0.01232729,0.02222074,0.35811427,0.21744311,0.1858483,0.4994827,0.6287093,0.07305623,0.0325577,0.08908746,0.26031926,0.49203673,0.73697674,0.70434254,0.31306186,0.3126296,0.23480967
254,0.30503613,0.60657734,0.38484913,0.2439713,0.32933813,0.7959372,0.33017346,0.55580485,0.58881587,0.21770768,0.41326457,0.5580464,0.3452763,0.38461226,0.021204041,0.06985509,0.1763317,0.36453596,0.28698194,0.4586316,0.08855014,0.06332972,0.5434431,0.013620355,0.02041109,0.37254634,0.21557753,0.1853537,0.51428735,0.6400549,0.070205614,0.029288324,0.0889161,0.2554763,0.51343364,0.75260437,0.7354278,0.33742648,0.35261822,0.24948756
255,0.30844706,0.58993286,0.363096,0.2526055,0.31400916,0.74707264,0.3245669,0.54818463,0.59128755,0.19526102,0.3837243,0.53443795,0.350084,0.32900184,0.01992485,0.08056405,0.18051912,0.32149136,0.24226914,0.4246461,0.0974802,0.057291504,0.58294237,0.0139004635,0.017756673,0.40119237,0.21036232,0.18607773,0.5397495,0.6196917,0.06933023,0.027978536,0.07891737,0.24166311,0.5268055,0.76331466,0.7626541,0.3515761,0.41066405,0.25979614
256,0.3202141,0.5638405,0.35866708,0.24652648,0.28819853,0.672486,0.31304523,0.55704063,0.5958051,0.19642422,0.36349833,0.4842722,0.36863592,0.27313864,0.016850159,0.105370626,0.17544578,0.2866029,0.19470514,0.41099304,0.10868672,0.05421279,0.61207545,0.013211981,0.015286926,0.4390395,0.20653094,0.18888848,0.57466036,0.5678459,0.07157269,0.029410465,0.06294245,0.2201606,0.527835,0.7630278,0.7774394,0.35382637,0.480591,0.26301268
257,0.3403215,0.5314302,0.37046307,0.23060937,0.25950828,0.58347684,0.3001087,0.5799296,0.601558,0.22298674,0.3540014,0.42231587,0.39904612,0.22857213,0.013549294,0.14872655,0.16464067,0.26645455,0.15818943,0.41947693,0.1215253,0.056089163,0.6257728,0.012348172,0.013875681,0.47692245,0.2071268,0.19380908,0.6131603,0.49776137,0.07700124,0.034006715,0.048853315,0.19603455,0.51768607,0.75132483,0.77399397,0.34500006,0.54504,0.26134372
258,0.3667094,0.49853778,0.39471564,0.21430933,0.23633721,0.5012079,0.2901697,0.60974646,0.60243315,0.2737396,0.35114938,0.36845994,0.4380169,0.20046476,0.011258714,0.20970845,0.15284176,0.26449364,0.13808022,0.4474004,0.1337886,0.06375547,0.6208478,0.012191819,0.0140813645,0.5041689,0.21354572,0.20039664,0.6489237,0.43134058,0.08565235,0.041953143,0.04111876,0.17599048,0.50112015,0.7335076,0.7487424,0.3273911,0.5865603,0.2598341
259,0.3951028,0.47334486,0.42397353,0.20504257,0.22359587,0.44507083,0.2881735,0.6371302,0.5903904,0.3437236,0.34996328,0.33630183,0.478818,0.19144307,0.010409336,0.2774837,0.1415102,0.28259462,0.13235947,0.49063808,0.14279574,0.07689234,0.5996435,0.0133811785,0.016396586,0.513433,0.22522977,0.20951486,0.67747426,0.38816085,0.09777852,0.053021334,0.04040088,0.16752443,0.48134768,0.71861213,0.70253617,0.30521202,0.59827405,0.26212612
260,0.42079055,0.45966032,0.4480282,0.20632073,0.22160104,0.4236979,0.2967139,0.65437496,0.5641481,0.42019048,0.34763417,0.33471924,0.5112974,0.20202927,0.0110880025,0.3321579,0.12962744,0.3187439,0.13688904,0.5429563,0.14713587,0.09384311,0.56540734,0.016291028,0.021303996,0.50272167,0.24158645,0.22089778,0.699522,0.37624577,0.11244001,0.06562547,0.04696272,0.17494993,0.4566233,0.71540064,0.64364624,0.28382853,0.5832907,0.271762
261,0.44149354,0.4533297,0.45764583,0.2181393,0.22713552,0.4304918,0.31549963,0.6589397,0.5325058,0.4845912,0.34137967,0.36539298,0.529584,0.22738221,0.0132922735,0.35861823,0.11780437,0.36131516,0.14869027,0.595601,0.1472212,0.11203251,0.5236199,0.020944934,0.028836166,0.47841725,0.2621603,0.23194371,0.7184306,0.3908241,0.12712598,0.07635127,0.061205667,0.19525777,0.42621055,0.725618,0.5851094,0.2708934,0.5525892,0.29260427
262,0.4582571,0.45038915,0.4506187,0.23830606,0.23415682,0.45428672,0.34102595,0.65203047,0.5085746,0.5234027,0.33136252,0.41986337,0.5318633,0.26025936,0.016888846,0.35427016,0.10917226,0.3944631,0.16461393,0.63635755,0.14531153,0.12929645,0.4850297,0.026746543,0.037838373,0.45043066,0.28538802,0.24123949,0.7354791,0.4246923,0.13780776,0.081651345,0.08298138,0.22060572,0.39826742,0.7444997,0.54029304,0.2711673,0.5186831,0.3237247
263,0.47153747,0.4506494,0.43071052,0.26308602,0.23666465,0.48837817,0.3674356,0.63587344,0.5005482,0.53347313,0.31929308,0.4844876,0.51952684,0.29470325,0.021308731,0.32524648,0.10604991,0.40754008,0.18184139,0.659067,0.14258377,0.14273328,0.45967454,0.032013625,0.045547806,0.4274843,0.30808327,0.24965638,0.74832356,0.4715593,0.14073637,0.07933517,0.10992694,0.24258935,0.3823883,0.7657829,0.5179558,0.28535482,0.4892598,0.35768685
264,0.47839388,0.4551202,0.4020246,0.28593785,0.23197126,0.52955216,0.38934985,0.6133047,0.5076481,0.51887614,0.3053896,0.5470537,0.49800798,0.32662636,0.025323555,0.28298837,0.10844134,0.39798778,0.19950387,0.6683535,0.13747433,0.14653528,0.45413992,0.03435286,0.048861966,0.41625637,0.3241472,0.2597349,0.7515139,0.5247991,0.13540895,0.069613144,0.13460718,0.25449908,0.37979046,0.78376496,0.5197658,0.31374857,0.46637568,0.38356873
265,0.47528198,0.46299627,0.3670959,0.2980486,0.22071971,0.5743369,0.40386313,0.5894136,0.5267115,0.48685312,0.29013276,0.6011189,0.47551048,0.35276192,0.02731765,0.23903619,0.11480039,0.36842698,0.21778762,0.67237735,0.12783493,0.13548619,0.47216788,0.03213583,0.046200033,0.42105728,0.32859156,0.27443537,0.73943084,0.57857084,0.124682575,0.055551775,0.14476436,0.25217336,0.38473308,0.7928846,0.54161495,0.35679194,0.45033482,0.39189503
266,0.46021572,0.4734857,0.32697842,0.29317942,0.20672622,0.62085044,0.4115184,0.5697649,0.5538772,0.44669792,0.2766445,0.6436461,0.45983848,0.37310386,0.026430223,0.20029588,0.123536564,0.32715768,0.23716319,0.6775176,0.11312963,0.11186579,0.5140596,0.026237423,0.03910437,0.44199434,0.3202878,0.29523182,0.70752203,0.62937516,0.11247811,0.041434214,0.13323735,0.23604965,0.39033788,0.78900045,0.5748317,0.41047195,0.43974707,0.37749848
267,0.43289483,0.48578122,0.2829996,0.27145576,0.19599527,0.6667028,0.4174125,0.55803263,0.58098227,0.40974134,0.26982912,0.6702634,0.45565033,0.39094877,0.023185128,0.17146932,0.13318002,0.28728738,0.2573276,0.6882382,0.09541337,0.08564123,0.5748668,0.019548267,0.03131947,0.47409213,0.30006304,0.31960618,0.6553937,0.6719302,0.102361925,0.030635322,0.10525204,0.21088693,0.389852,0.76969904,0.60794145,0.46317354,0.43229374,0.34136945
268,0.39512843,0.50015,0.23809993,0.24076049,0.19437636,0.71000814,0.43020126,0.5544118,0.5949876,0.3853817,0.27418184,0.6794445,0.4646829,0.4115017,0.019117342,0.15447706,0.14226353,0.2614262,0.27758965,0.70644784,0.078521244,0.06566443,0.6426395,0.01447067,0.025809316,0.50778323,0.27051947,0.34151077,0.5902622,0.70096195,0.096667774,0.024279147,0.07444986,0.18522666,0.37923265,0.73561513,0.63018924,0.4997568,0.42661777,0.2919106
269,0.35281202,0.51849025,0.19672832,0.21521339,0.20651773,0.75026107,0.4570248,0.555503,0.58260703,0.3786359,0.2919761,0.6776323,0.4857015,0.43909913,0.016047124,0.14846177,0.14988649,0.25734875,0.29780564,0.7300783,0.06630685,0.054793037,0.7012561,0.0119413175,0.023913749,0.53226024,0.2384795,0.35457507,0.52724135,0.7159417,0.09687971,0.02206853,0.052432537,0.16949718,0.36163524,0.69594306,0.6334729,0.50922126,0.42336255,0.2436132
270,0.31719655,0.53808427,0.16564886,0.20802942,0.23473741,0.78414875,0.49543843,0.5565615,0.5401434,0.3916684,0.32367632,0.6742876,0.50989336,0.47292492,0.015169724,0.1530571,0.15603909,0.2767192,0.31542975,0.7520141,0.061363053,0.052885678,0.73677075,0.012177791,0.026365252,0.5403651,0.21422952,0.3545291,0.4859211,0.71887577,0.104065455,0.023867346,0.042614575,0.17090417,0.34846327,0.66903776,0.6155162,0.4865953,0.42429066,0.20887747
271,0.2984639,0.5506072,0.15032198,0.22582677,0.2766665,0.8066624,0.5351288,0.5540346,0.4790088,0.42147812,0.36720386,0.67175215,0.52305573,0.50504535,0.016990859,0.16769709,0.16237742,0.3138534,0.3265364,0.7637636,0.06492283,0.060015168,0.7436365,0.015792357,0.03417956,0.5325058,0.2052026,0.34138104,0.47918013,0.7095426,0.11829464,0.030364316,0.043904785,0.19093919,0.3529572,0.668598,0.58115333,0.43567136,0.43027946,0.19244492
272,0.3002178,0.5484451,0.15312918,0.26781687,0.3233187,0.8151898,0.5659274,0.54687697,0.41988805,0.45705807,0.41373402,0.6652178,0.51653916,0.52337027,0.021743175,0.18759826,0.17127319,0.3558248,0.33135578,0.7609147,0.07720258,0.07698886,0.72241825,0.024128225,0.04794578,0.51624596,0.21419498,0.32056773,0.50633883,0.6847143,0.13725843,0.04241445,0.056372896,0.22528583,0.38202465,0.6915678,0.5397352,0.3714144,0.43962768,0.19391486
273,0.32141614,0.52793175,0.17778635,0.32587364,0.35971153,0.810064,0.57916474,0.53661484,0.3801962,0.4852106,0.4473017,0.652785,0.49144498,0.5191855,0.029067941,0.20429634,0.18251243,0.38758883,0.33397272,0.7448622,0.09646598,0.10273378,0.67432,0.03758435,0.06472648,0.49976587,0.24266993,0.30006483,0.55559975,0.6433316,0.15586145,0.058545474,0.083157115,0.26488698,0.4355977,0.7247528,0.50288767,0.312056,0.44729033,0.21019565
274,0.35512036,0.49009046,0.22939949,0.38670254,0.37355727,0.79459697,0.5683346,0.5252428,0.3653465,0.49668664,0.4567262,0.63797563,0.45465094,0.49148795,0.03713081,0.21058494,0.19332941,0.3981618,0.33559287,0.7200181,0.117682025,0.12904556,0.60308003,0.052362435,0.075597554,0.48729476,0.28930372,0.28346685,0.60789615,0.5900043,0.16854201,0.07270247,0.12698992,0.3000531,0.50724554,0.75823563,0.4816611,0.2659957,0.44908088,0.23439227
275,0.38733244,0.43822142,0.30458125,0.43581906,0.36588123,0.7740119,0.53185326,0.51253384,0.3704279,0.48621336,0.44552252,0.62235284,0.41397062,0.44371033,0.04261521,0.20466217,0.20201983,0.38353926,0.32997707,0.68875366,0.13365845,0.14152233,0.5209559,0.06114357,0.07144164,0.48221475,0.3453374,0.26849657,0.6460859,0.5315089,0.17152558,0.077481925,0.1802519,0.32349393,0.58252776,0.7880662,0.48284283,0.22965051,0.44534275,0.2547524
276,0.40771827,0.37694257,0.38819167,0.46217522,0.34425724,0.7523843,0.47437176,0.496364,0.38845867,0.4549107,0.42340726,0.604092,0.37536636,0.3834874,0.04281425,0.18920362,0.20861031,0.3459639,0.31064907,0.6535343,0.13858178,0.13154922,0.44608724,0.05918477,0.05385793,0.4878669,0.39812714,0.25433484,0.66197294,0.47430244,0.16376048,0.070155576,0.22368063,0.3325815,0.64676285,0.8127328,0.5062609,0.19962351,0.4377717,0.26081222
277,0.4144294,0.31676173,0.46476337,0.4600265,0.3141036,0.73336613,0.40589118,0.47569257,0.41456228,0.41216597,0.3961995,0.5826535,0.34209353,0.32539558,0.03806453,0.1675035,0.21161987,0.2946826,0.28120643,0.6236873,0.12980427,0.104214795,0.39196524,0.047815997,0.033937193,0.50267047,0.43640345,0.24315877,0.65299135,0.42663333,0.14720464,0.05446646,0.24119756,0.3291315,0.6907776,0.8310382,0.54699266,0.17949659,0.4243784,0.2517322
278,0.4073567,0.27223358,0.5257563,0.42704982,0.28131637,0.7218216,0.33715168,0.4521119,0.44415423,0.369784,0.3674619,0.55775243,0.3151433,0.28295913,0.03083481,0.14249203,0.20673846,0.24519226,0.25190955,0.6115109,0.10876371,0.0724918,0.36278445,0.032468636,0.019565992,0.5217659,0.44961783,0.23570317,0.6201426,0.39384007,0.12584849,0.03754898,0.22577234,0.316579,0.70813555,0.8403595,0.6023017,0.1740592,0.40181792,0.23370633
279,0.38758832,0.2553975,0.5696413,0.36802202,0.25433895,0.71941525,0.27957076,0.42954084,0.47200686,0.3346449,0.3417665,0.5288788,0.29481637,0.26218164,0.023712095,0.118387304,0.19130103,0.21366447,0.23157242,0.61963034,0.08306185,0.04751493,0.35478285,0.019282343,0.0117495945,0.5430253,0.43018687,0.23314077,0.5700921,0.37426317,0.10396467,0.024989607,0.1839276,0.3014003,0.69487834,0.8366076,0.66679525,0.18511316,0.3704892,0.21389858
280,0.3594374,0.27783135,0.59326226,0.2994711,0.2404083,0.72354084,0.24557626,0.41065857,0.49029028,0.30999655,0.3245644,0.5011627,0.28227288,0.2648958,0.018504493,0.099019796,0.17021948,0.21110834,0.22422728,0.6398842,0.06181488,0.033134177,0.36223385,0.01123845,0.008637394,0.56485814,0.37170774,0.23753966,0.5175889,0.36329865,0.08493739,0.01808974,0.13529485,0.29322782,0.647927,0.8196919,0.7268229,0.2135828,0.33828062,0.19836207
281,0.33031315,0.3517999,0.5858023,0.24279952,0.24071893,0.7324467,0.24190329,0.39459318,0.48808634,0.2964344,0.3180651,0.4817778,0.28353456,0.2912157,0.01603883,0.086024806,0.15445831,0.24263653,0.23036103,0.66157854,0.049435094,0.02777831,0.37882733,0.0076558916,0.0088256635,0.5816321,0.28130633,0.24529694,0.4789063,0.35730484,0.07134846,0.015521046,0.09728211,0.2992032,0.5652133,0.80116004,0.76771986,0.25982168,0.31521815,0.1933746
282,0.31168002,0.47224048,0.5361731,0.21203567,0.25307342,0.74278575,0.26878726,0.37999347,0.4593786,0.28885883,0.32015088,0.47465876,0.3078441,0.34064677,0.01674873,0.079532206,0.15345964,0.30557427,0.24714467,0.6721428,0.047185015,0.02991115,0.39819324,0.007246146,0.012731234,0.5807167,0.1971402,0.24518323,0.4637988,0.35596094,0.064517014,0.016192067,0.07666549,0.32280612,0.45568526,0.7995146,0.78025824,0.31786475,0.31113842,0.20698954
283,0.31021792,0.6015175,0.45386595,0.21210022,0.27889556,0.74939716,0.32698876,0.3703808,0.41723233,0.28833088,0.33395115,0.47938585,0.34445065,0.4096878,0.021421367,0.07962417,0.1660081,0.3840338,0.26716933,0.66571236,0.05640362,0.040608224,0.42442572,0.010001944,0.023919482,0.55524457,0.14592952,0.23164411,0.4792223,0.36213064,0.06507809,0.020492153,0.07202365,0.36122468,0.35271692,0.8173038,0.7635508,0.37630785,0.33068117,0.24772896
284,0.32445857,0.69376755,0.37361535,0.2378844,0.31901458,0.75004166,0.40682313,0.3723161,0.38653082,0.30002135,0.3655636,0.48867184,0.37144473,0.48508444,0.03107966,0.08492307,0.18638606,0.45341572,0.2867395,0.64405453,0.077499144,0.062329303,0.4546332,0.017443279,0.049466774,0.51712394,0.12705876,0.21388745,0.51759034,0.3767786,0.07300255,0.029604731,0.07958963,0.4006697,0.28863055,0.83934945,0.7212152,0.4194795,0.3618401,0.313634
285,0.3504119,0.73823154,0.3237822,0.2753315,0.36131224,0.7487564,0.48300195,0.38283396,0.3826166,0.31805614,0.40795964,0.5006169,0.38110203,0.54897594,0.045092918,0.09106552,0.21129286,0.49776793,0.3050204,0.6102685,0.107663274,0.09465781,0.47413146,0.030525647,0.09105904,0.48119196,0.13234542,0.20415403,0.5616041,0.39612323,0.08459032,0.043528713,0.096088365,0.42745963,0.2673337,0.85230154,0.66677225,0.44105312,0.39326438,0.38502276
286,0.38276044,0.74695015,0.3112976,0.31097525,0.38415077,0.7524679,0.5313733,0.39667732,0.40536952,0.33490562,0.44792908,0.5200916,0.37739196,0.5883842,0.058593616,0.09396004,0.23739694,0.51280415,0.31948036,0.57453936,0.1391106,0.12829416,0.47469786,0.044537205,0.1283294,0.45477825,0.15362847,0.20595929,0.6001245,0.41382807,0.09418501,0.05850286,0.11754211,0.43581522,0.2815414,0.8537461,0.6198768,0.44317767,0.4205336,0.43481508
287,0.41601947,0.72868294,0.33351138,0.33601236,0.3772547,0.7645141,0.5395162,0.41403878,0.44769672,0.3494403,0.47991067,0.547978,0.36587575,0.5984056,0.06424954,0.09227659,0.259045,0.5016279,0.3260855,0.5463779,0.16117936,0.14782313,0.45736688,0.0500202,0.1329119,0.44158664,0.18461898,0.21809141,0.62807685,0.42747766,0.09844751,0.06800043,0.1382324,0.42603654,0.32662046,0.8456378,0.5933355,0.42515865,0.438221,0.44452545
288,0.44326684,0.6849198,0.38664642,0.34221402,0.34327525,0.78559613,0.5028879,0.4346648,0.50146055,0.36127454,0.5009746,0.57978725,0.35130903,0.5811065,0.057684936,0.086277984,0.26963416,0.46834952,0.3227555,0.5292151,0.16508141,0.14295049,0.4288238,0.04246781,0.10058698,0.44080234,0.22170472,0.24039981,0.6413726,0.44172302,0.09660922,0.06660082,0.15146495,0.39937925,0.3982762,0.82788587,0.59269375,0.3869444,0.44187304,0.40751743
289,0.4590475,0.61609834,0.4642751,0.32088485,0.2927648,0.8133203,0.42448357,0.44964018,0.5550552,0.3648584,0.5003603,0.60906845,0.3396539,0.544105,0.042159475,0.075839564,0.2659757,0.41541925,0.3156249,0.5255007,0.1468564,0.11714809,0.39742845,0.027327035,0.056035537,0.4455507,0.26312673,0.2740693,0.6369507,0.45971677,0.08844404,0.053281717,0.1524008,0.35868588,0.48271012,0.79791933,0.61943537,0.34033725,0.43147805,0.33349895
290,0.4631055,0.52981806,0.5524762,0.27288553,0.2437877,0.84069556,0.32144928,0.4483192,0.5941969,0.35201845,0.46762693,0.627058,0.33680412,0.4979069,0.026726672,0.062313236,0.25151658,0.35173225,0.3170202,0.5346752,0.11157148,0.0848822,0.36742595,0.014121936,0.025411619,0.44476682,0.30941632,0.31602052,0.6107955,0.4810445,0.074855246,0.0347602,0.14420038,0.31055585,0.55532944,0.75311184,0.6675562,0.30158287,0.40089756,0.25197926
291,0.4597116,0.44868386,0.6333436,0.21823382,0.20694226,0.8588296,0.22593893,0.43247634,0.6070739,0.32431355,0.41071475,0.6238847,0.34268776,0.45170674,0.016686073,0.05028296,0.23204498,0.29580626,0.33082467,0.55182165,0.074764915,0.058060315,0.34204364,0.0067540905,0.011590307,0.43039295,0.35523978,0.35585016,0.5610913,0.50395983,0.059312407,0.020255903,0.13594402,0.26578644,0.5940122,0.69862497,0.7204195,0.2765815,0.34204298,0.19375615
292,0.45332113,0.40465453,0.69155675,0.17973353,0.18164062,0.8592475,0.16353491,0.4145119,0.5855706,0.29743433,0.3489878,0.597556,0.35352808,0.40515602,0.011580976,0.044404898,0.21014248,0.26236123,0.34281674,0.5720834,0.05073211,0.0417151,0.33029273,0.0037408613,0.0067449417,0.40436468,0.37592006,0.38170338,0.50780094,0.5198609,0.04688322,0.012925791,0.13267966,0.23467101,0.59016275,0.6614608,0.76028216,0.26592094,0.28401774,0.17177173
293,0.44953012,0.40886396,0.7266723,0.16067618,0.16669469,0.8384188,0.13587715,0.399119,0.52960294,0.28924075,0.29504958,0.5460788,0.3744136,0.37172633,0.009291344,0.047555357,0.18891846,0.25571617,0.33586845,0.5962628,0.040932328,0.035658643,0.33378854,0.0027546303,0.0057229293,0.3804861,0.35371122,0.3898497,0.48670796,0.51358944,0.04065002,0.010642375,0.13280208,0.22267194,0.55576366,0.66511065,0.7868754,0.26662284,0.258967,0.17818987
294,0.451359,0.45192957,0.7394375,0.1600293,0.15900582,0.7980395,0.13616356,0.3855374,0.45376822,0.30597407,0.25632033,0.4726659,0.4043907,0.36604375,0.008775769,0.062773734,0.17159832,0.27845782,0.30389982,0.6195773,0.042970747,0.039299265,0.3445687,0.0028955443,0.007117543,0.36643222,0.30303785,0.3807724,0.5169646,0.48340398,0.04093498,0.011788982,0.13679256,0.23363702,0.5133757,0.70719665,0.801269,0.2722823,0.26994547,0.2027647
295,0.45911536,0.51035124,0.7245864,0.18220381,0.15447132,0.74349886,0.16079761,0.37726316,0.38514963,0.3381414,0.23729439,0.40116495,0.4247028,0.37740493,0.010277503,0.091034584,0.16290677,0.3242975,0.25690803,0.629912,0.05741468,0.055080958,0.35360998,0.004521741,0.011906201,0.35898796,0.25424978,0.354371,0.58868307,0.4396356,0.046954535,0.01666736,0.15094906,0.2631826,0.47531837,0.77065986,0.7950108,0.27772304,0.30696043,0.24828239
296,0.47227302,0.5566414,0.68701047,0.22877963,0.1516997,0.68304133,0.20514826,0.37997806,0.34282914,0.37571356,0.24453948,0.34467024,0.41451135,0.3906942,0.014746179,0.12876832,0.1648946,0.37396732,0.21101713,0.61814904,0.08696041,0.08547703,0.36324844,0.009215643,0.022567518,0.35532483,0.22742914,0.31953868,0.67019886,0.39540452,0.058370255,0.026671512,0.17695603,0.29394463,0.44914415,0.83169705,0.7623041,0.27529263,0.3529209,0.31647414
297,0.48824105,0.5712805,0.6510291,0.2859054,0.15126179,0.6302954,0.25755486,0.3949393,0.3331274,0.41409507,0.27917728,0.30056277,0.37780944,0.4021257,0.022233399,0.16952264,0.17671056,0.40679914,0.1773731,0.59016055,0.12876038,0.12328159,0.3717508,0.01855266,0.039537903,0.35924336,0.22485793,0.29001486,0.7324431,0.35450774,0.07430094,0.04220339,0.20484261,0.31006747,0.44737822,0.871383,0.7116706,0.26087365,0.3886395,0.38750857
298,0.4945684,0.5532289,0.63561684,0.33422655,0.15028612,0.60158664,0.3015137,0.42385176,0.36109307,0.44738537,0.3337896,0.27180082,0.3294665,0.40770438,0.030131089,0.20454162,0.19010289,0.41394636,0.15515973,0.5577332,0.1710238,0.1482544,0.37403533,0.029891485,0.05464259,0.37362662,0.238364,0.26915076,0.76298666,0.32423717,0.09243869,0.060050976,0.2215541,0.30691755,0.4775083,0.8903222,0.6630498,0.23749973,0.40156054,0.4293392
299,0.4795214,0.5119642,0.6418364,0.36126018,0.14570858,0.605655,0.3263364,0.46662343,0.42656296,0.47228265,0.39803007,0.25843984,0.2791023,0.40767998,0.03422962,0.22595987,0.19562337,0.3972398,0.14136371,0.5320873,0.1987612,0.14597324,0.3717003,0.035904415,0.05639104,0.3968164,0.25750637,0.25320438,0.7618901,0.3113837,0.110233106,0.0735214,0.21966656,0.28765827,0.5344433,0.89567506,0.63403285,0.21128985,0.38701537,0.4247523
