,0,1,2,3,4,5,6,7,8,9,10,11,12,13,14,15,16,17,18,19,20,21,22,23,24,25,26,27,28,29,30,31,32,33,34,35,36,37,38,39,40,41,42,43,44,45,46,47,48,49,50,51,52,53,54,55,56,57,58,59,60,61,62,63,64,65,66,67,68,69,70,71,72,73,74,75,76,77,78,79,80,81,82,83,84,85,86,87,88,89,90,91,92,93,94,95,96,97,98,99,100,101,102,103,104,105,106,107,108,109,110,111,112,113,114,115,116,117,118,119,120,121,122,123,124,125,126,127,128,129,130,131,132,133,134,135,136,137,138,139,140,141,142,143,144,145,146,147,148,149,150,151,152,153,154,155,156,157,158,159,160,161,162,163,164,165,166,167,168,169,170,171,172,173,174,175,176,177,178,179,180,181,182,183,184,185,186,187,188,189,190,191,192,193,194,195,196,197,198,199,200,201,202,203,204,205,206,207,208,209,210,211,212,213,214,215,216,217,218,219,220,221,222,223,224,225,226,227,228,229,230,231,232,233,234,235,236,237,238,239,240,241,242,243,244,245,246,247,248,249,250,251,252,253,254,255,256,257,258,259,260,261,262,263,264,265,266,267,268,269,270,271,272,273,274,275,276,277,278,279,280,281,282,283,284,285,286,287,288,289,290,291,292,293,294,295,296,297,298,299,300,301,302,303,304,305,306,307,308,309,310,311,312,313,314,315,316,317,318,319,320,321,322,323,324,325,326,327,328,329,330,331,332,333,334,335,336,337,338,339,340,341,342,343,344,345,346,347,348,349,350,351,352,353,354,355,356,357,358,359,360,361,362,363,364,365,366,367,368,369,370,371,372,373,374,375,376,377,378
0,0.3699012,0.4177337,0.421116,0.37254,0.39149144,0.40193513,0.35672018,0.458893,0.45061785,0.36334258,0.39566678,0.3669487,0.40605173,0.3484513,0.3195466,0.41932666,0.40916076,0.3815295,0.397619,0.41508314,0.42724097,0.38386267,0.43581885,0.4230072,0.32200164,0.36725435,0.28600755,0.29285458,0.31947187,0.32116735,0.38432613,0.28732395,0.37185764,0.39048302,0.29361388,0.46748006,0.35427588,0.31510165,0.4062627,0.4499035,0.4217699,0.36858875,0.41341475,0.32506275,0.2828683,0.29160103,0.3883573,0.40023926,0.35612577,0.34327027,0.41416153,0.40237463,0.4520904,0.44501936,0.44499463,0.42250276,0.35835907,0.34628978,0.33371258,0.34909177,0.34973508,0.32895184,0.39706695,0.34172913,0.47692406,0.4613681,0.35937893,0.40266946,0.30622563,0.33976343,0.38560355,0.38575345,0.44797873,0.36634275,0.3437933,0.32483184,0.4543638,0.35314846,0.39656973,0.47966874,0.3949534,0.4245626,0.427704,0.32429972,0.4085118,0.35164917,0.34703133,0.39908025,0.3955873,0.3801406,0.4149673,0.46441472,0.4589869,0.29952002,0.3425457,0.36421686,0.4498123,0.36221957,0.45542282,0.4269918,0.46426678,0.4324409,0.4022579,0.42683202,0.39712936,0.36673447,0.44381267,0.32965338,0.3257177,0.34906664,0.30595404,0.33894867,0.3824624,0.35026404,0.38472998,0.34791058,0.3564953,0.44358435,0.39553237,0.40172985,0.38309583,0.40894496,0.35550943,0.40896013,0.39834753,0.38484785,0.38725328,0.29493117,0.3335957,0.32211795,0.3572445,0.34892705,0.42810956,0.4254539,0.37919006,0.37467977,0.3238588,0.4136428,0.33823448,0.32307476,0.3577497,0.37162545,0.33512223,0.35476685,0.39450872,0.35093468,0.34393695,0.30476356,0.3236962,0.29127783,0.38104048,0.43720815,0.40960145,0.42018232,0.39271134,0.45330504,0.38630527,0.40065092,0.42698628,0.42914936,0.25628337,0.32718295,0.3934887,0.47026896,0.44937187,0.44233817,0.32789317,0.4243138,0.3190515,0.4232115,0.44275013,0.3964309,0.4799714,0.41772938,0.41960108,0.28456563,0.3861663,0.38774619,0.3336572,0.32042947,0.3787121,0.42744613,0.40606403,0.39130807,0.4042185,0.40006065,0.38359678,0.46670657,0.45135263,0.38596737,0.3586354,0.36513892,0.41298747,0.33947578,0.32885697,0.430308,0.42786822,0.39970013,0.39263517,0.4298926,0.40522307,0.41183403,0.45763317,0.42547953,0.34255105,0.3048356,0.30499563,0.3123517,0.30885506,0.2970111,0.3732394,0.29873204,0.32073715,0.40038887,0.2890641,0.45677066,0.38131496,0.31376326,0.4374233,0.43917868,0.3923765,0.37679505,0.38832992,0.31834152,0.28604057,0.32359254,0.36933452,0.40845037,0.36725867,0.3635881,0.43919203,0.39131135,0.45073184,0.44228864,0.4123095,0.41295835,0.34569293,0.37590045,0.37184343,0.35878363,0.34365693,0.31978813,0.34681016,0.3294781,0.42368206,0.4677136,0.29605198,0.3805176,0.2752628,0.3318478,0.27996054,0.39188454,0.37645605,0.277882,0.272826,0.32069194,0.42155066,0.39132094,0.4100238,0.5076234,0.41170925,0.40122277,0.36578968,0.2973712,0.39608634,0.3268933,0.28098074,0.38930336,0.3469448,0.4686986,0.36425635,0.43730435,0.45347866,0.3566787,0.42031112,0.38773406,0.38673127,0.30198267,0.41725814,0.43445632,0.4375099,0.44098163,0.43787792,0.47212148,0.4034767,0.38428846,0.45589373,0.35393256,0.33872673,0.37666476,0.35468206,0.32775143,0.39218014,0.39418024,0.4112609,0.34936166,0.37552038,0.4324598,0.382907,0.41902536,0.38464445,0.4461904,0.3536188,0.45497066,0.42405033,0.3768807,0.4238445,0.34981796,0.29499424,0.26256493,0.34371692,0.3978886,0.43087503,0.37285247,0.4075074,0.38526803,0.33233845,0.42308074,0.3140378,0.3002503,0.33006847,0.37860647,0.35483298,0.3701508,0.4105415,0.37877846,0.35813484,0.3118388,0.30936167,0.28011468,0.3448909,0.42857045,0.42831656,0.40923008,0.41066524,0.41773522,0.40420485,0.4316872,0.41811407,0.4328842,0.22401555,0.30431014,0.40600085,0.42979684,0.40971842,0.46591792,0.37415254,0.43431553,0.33678472,0.3666798,0.39898902,0.41162792,0.48664132,0.44521114,0.45718232,0.33631995,0.3720152,0.44383267,0.32855988,0.29907125,0.47151542,0.4237829,0.45912004,0.44301042,0.39743116,0.42070386,0.39289153,0.39697254,0.40978432,0.41510516,0.42054856,0.42124355,0.45271227,0.4517266,0.43787372,0.43674502,0.38369468,0.39429408,0.40899166
1,0.3847844,0.40522018,0.4237835,0.38658023,0.4032109,0.3984513,0.35624477,0.43747932,0.42129934,0.34194368,0.34441325,0.34971157,0.41812435,0.3534243,0.3068984,0.41343647,0.37942612,0.37342826,0.38252157,0.40539062,0.42344534,0.36757815,0.42896575,0.40023687,0.30649146,0.35598907,0.29264262,0.2770172,0.29669255,0.34907323,0.3906637,0.30330834,0.40004516,0.41564128,0.3319214,0.43900502,0.3492889,0.30797952,0.3961794,0.43301675,0.401591,0.3695496,0.3907837,0.31744707,0.2829668,0.26157647,0.37768394,0.38741076,0.3584645,0.29341525,0.39071757,0.39213064,0.42433384,0.42891306,0.431871,0.41691017,0.34100854,0.32170883,0.32884464,0.34555987,0.37596023,0.3412241,0.35482493,0.3613166,0.50090504,0.45509416,0.35883924,0.3918124,0.3247023,0.34422565,0.40183148,0.38420495,0.3973528,0.34398183,0.3290018,0.32897884,0.43380308,0.31748396,0.33396643,0.39360058,0.34517652,0.35639322,0.3636029,0.3205275,0.37023374,0.3329198,0.3449092,0.42300108,0.37172356,0.3868149,0.39506158,0.4420964,0.45573428,0.3126897,0.29701927,0.33462545,0.4110098,0.3683663,0.44146192,0.4110691,0.4510339,0.41298413,0.3831796,0.41201544,0.3880386,0.35676795,0.40402633,0.31785497,0.32342112,0.34514982,0.28560847,0.35220066,0.38243988,0.344454,0.36982033,0.3276915,0.31520528,0.44211012,0.4021454,0.39245299,0.38853437,0.39745277,0.32484236,0.3848604,0.3614484,0.3942014,0.3783059,0.27734116,0.30640757,0.3031878,0.35851225,0.3646307,0.38059765,0.41145897,0.36743855,0.34739867,0.28590512,0.38495284,0.3086362,0.30280632,0.36001942,0.36365655,0.31948373,0.29696387,0.34874356,0.30791125,0.33684194,0.27935848,0.3021358,0.29052752,0.37929073,0.43936518,0.42103717,0.4114969,0.3934364,0.4533827,0.37707663,0.39876732,0.43172267,0.4419426,0.27997065,0.3118886,0.38495174,0.48554802,0.44477484,0.42821512,0.3223778,0.40788373,0.29322967,0.39947563,0.38623452,0.3786145,0.4528811,0.39560893,0.39118943,0.29936305,0.36506188,0.38566908,0.32634133,0.33366752,0.3935833,0.41382015,0.41108263,0.40195897,0.41098258,0.4019295,0.3874856,0.44867638,0.42816994,0.37184694,0.33132496,0.35929018,0.4205499,0.34229177,0.31173941,0.4286901,0.39662457,0.40039036,0.38529736,0.43094447,0.41283154,0.3948198,0.45646426,0.3995863,0.33662933,0.3147957,0.30501089,0.3089573,0.29098618,0.31693414,0.37231436,0.32045686,0.3628742,0.40162542,0.32467386,0.43232957,0.37584507,0.3100391,0.41846985,0.4273809,0.38032714,0.373695,0.3861771,0.31153336,0.28581727,0.29154092,0.36335647,0.39617157,0.3701119,0.31847346,0.41503847,0.379516,0.42627358,0.4262323,0.39897084,0.41498402,0.32620093,0.35496446,0.37032768,0.3536245,0.36903504,0.32069784,0.31886935,0.34683418,0.4493294,0.42557263,0.30137023,0.35930866,0.29883254,0.33076596,0.2853779,0.41414717,0.34061667,0.27787808,0.27517557,0.3255142,0.40364125,0.36388135,0.34947878,0.44083932,0.35554993,0.35977337,0.320888,0.29040864,0.35139894,0.3151502,0.28648233,0.41068524,0.3545417,0.46869963,0.3554723,0.41746646,0.4504355,0.37338817,0.36305413,0.36428317,0.34758696,0.29427144,0.408442,0.41877016,0.41687438,0.41790718,0.41952676,0.45402506,0.39340684,0.3769877,0.41965887,0.34846997,0.33874905,0.36824766,0.32405743,0.34487817,0.3921556,0.3976171,0.39132312,0.33868995,0.3455424,0.4327244,0.38255325,0.41184905,0.38484418,0.43983394,0.32298857,0.43132102,0.39371005,0.3815306,0.42329094,0.3374566,0.28040573,0.25619885,0.3469405,0.4098234,0.3821734,0.37022322,0.40571183,0.3698386,0.29600504,0.39374283,0.2935605,0.28420722,0.3329221,0.3719538,0.34911036,0.31728682,0.35328573,0.3370936,0.35166493,0.29578617,0.28088558,0.28847417,0.33998084,0.4293804,0.43729112,0.402458,0.41980395,0.42381713,0.39750987,0.43051335,0.43509004,0.4395393,0.24755812,0.29275674,0.39890978,0.44346154,0.421409,0.46327686,0.3682788,0.41851965,0.31160462,0.34944946,0.37339538,0.40878022,0.45635173,0.41307524,0.43063062,0.357666,0.35752466,0.43485874,0.32220492,0.31911004,0.47597152,0.42518872,0.4522546,0.43743214,0.39872488,0.42594758,0.3946035,0.39980707,0.409667,0.41385654,0.4127971,0.41783452,0.45248067,0.45619825,0.44064665,0.44167775,0.38705516,0.40094936,0.4089212
2,0.4092265,0.39423862,0.43280986,0.40967786,0.42385468,0.40690097,0.3723784,0.41630974,0.39214474,0.3350059,0.3091537,0.3482948,0.4333512,0.36512434,0.3022964,0.40369034,0.3497922,0.37735406,0.37436372,0.40193444,0.4286943,0.3645779,0.4258321,0.37659138,0.31243148,0.3589085,0.3138565,0.28143692,0.28118274,0.37687984,0.39983824,0.32713357,0.4195105,0.4300227,0.37374854,0.41012466,0.35251117,0.31396675,0.3877548,0.41962692,0.38462427,0.373855,0.37874418,0.3230608,0.29699904,0.24416663,0.3689628,0.37480706,0.36016372,0.2504573,0.37073556,0.38612908,0.3971989,0.41531903,0.423291,0.41348743,0.3334091,0.3086749,0.33340713,0.35610968,0.4098053,0.3642852,0.32110417,0.3863786,0.5162193,0.44684824,0.36009318,0.37808558,0.3568917,0.35283694,0.41860306,0.38059193,0.34727666,0.34093076,0.33381122,0.3501957,0.40768984,0.29616463,0.2929861,0.31462914,0.31281376,0.3050033,0.3100975,0.33112165,0.33443886,0.32936606,0.35049394,0.44691068,0.35301137,0.39671564,0.37976637,0.42371985,0.4517441,0.3443186,0.2642317,0.31266588,0.3654102,0.37292495,0.4307452,0.4005341,0.44461066,0.39555702,0.36404204,0.39958996,0.38584533,0.35325724,0.36663106,0.3238466,0.33727083,0.35321298,0.2889331,0.3789156,0.3943993,0.34919646,0.3659746,0.31215844,0.27650324,0.43821347,0.41305214,0.3910258,0.4001827,0.39181057,0.30925155,0.36251172,0.33402917,0.41304502,0.38363156,0.27714485,0.29618374,0.29523703,0.36765277,0.38232875,0.3330668,0.3975659,0.36706156,0.32996863,0.26222154,0.36123577,0.29939932,0.3018207,0.3750327,0.36915424,0.31792346,0.2484905,0.3007599,0.27543938,0.33841464,0.27157977,0.2850274,0.299411,0.36926222,0.44448495,0.4411933,0.41511044,0.40359053,0.45281047,0.36813977,0.40550953,0.4394992,0.4661613,0.31500432,0.3007946,0.38943604,0.4959393,0.4393475,0.41669893,0.3276006,0.39283022,0.2923545,0.37361118,0.33806065,0.37142095,0.42008632,0.37266174,0.3665493,0.3261887,0.34450126,0.3867724,0.33255157,0.35869256,0.4159803,0.40037766,0.42392528,0.4195739,0.42692047,0.41365543,0.40352544,0.43040258,0.40557978,0.3684183,0.31778255,0.37040123,0.42947602,0.35400045,0.30876538,0.42482653,0.3656135,0.41001955,0.3809523,0.43721044,0.4256345,0.38917577,0.4536403,0.3754198,0.34933308,0.34818822,0.32120037,0.3254332,0.28634384,0.3463348,0.38094917,0.3529088,0.40563014,0.40113443,0.36766756,0.4101327,0.37757498,0.32036367,0.40182942,0.42115182,0.37658998,0.37348315,0.3935383,0.32057923,0.29982343,0.26863325,0.35917366,0.38066438,0.37025478,0.27748758,0.39480686,0.37300023,0.4019386,0.4131054,0.39316636,0.41493902,0.3181962,0.3438514,0.37636057,0.35697666,0.4050277,0.33696198,0.31043252,0.3774603,0.4741565,0.39634684,0.32098907,0.3464228,0.34158674,0.3444559,0.3101509,0.44190982,0.3201354,0.30955836,0.30425167,0.35013556,0.39353523,0.3472353,0.31783763,0.3851724,0.32056963,0.33698714,0.29456797,0.29606274,0.31919938,0.31928995,0.3077141,0.43626904,0.37434956,0.46888825,0.35831988,0.40722632,0.4473973,0.40583038,0.31808913,0.34617564,0.3176692,0.2990795,0.40118524,0.40631104,0.40517262,0.39605007,0.3984359,0.43588594,0.38937923,0.37396422,0.3795281,0.3564617,0.35251242,0.3690072,0.3157772,0.3763711,0.39679602,0.40808216,0.37447357,0.32939172,0.3138938,0.43782282,0.38967055,0.41239527,0.39492294,0.43568656,0.30574995,0.40327328,0.36557192,0.39682978,0.4342876,0.3397936,0.28517553,0.266846,0.36009628,0.42341816,0.34168246,0.37540475,0.4086161,0.36740923,0.2698756,0.3667906,0.29157996,0.28463075,0.35217842,0.37833267,0.35783318,0.27845335,0.30775875,0.30822602,0.348806,0.29298386,0.2689551,0.31107947,0.34118974,0.43200895,0.45230225,0.40486455,0.43533772,0.43128958,0.38555458,0.43543002,0.45430672,0.4558058,0.2861068,0.29496434,0.40195045,0.45609245,0.43675816,0.4639183,0.37244636,0.403141,0.31392005,0.34084517,0.36453277,0.41403136,0.42009357,0.3768783,0.40183663,0.39427418,0.35003808,0.42205247,0.33539978,0.35138687,0.4821713,0.4310003,0.44898608,0.43629175,0.40285283,0.43275207,0.40014425,0.4037463,0.41296485,0.41683173,0.41056913,0.42051718,0.4524626,0.45891267,0.444812,0.44888315,0.39333022,0.40937188,0.41159683
3,0.43899515,0.38452113,0.44538692,0.43699488,0.44837114,0.4242587,0.40066135,0.39951414,0.36909667,0.3438096,0.2970862,0.3640312,0.4482022,0.38240272,0.30955985,0.3930177,0.32626832,0.391365,0.3766,0.40328017,0.43939787,0.37621355,0.42476615,0.3559353,0.33958027,0.37633446,0.34717095,0.305004,0.2777767,0.39930555,0.41108513,0.35580492,0.42809018,0.43432757,0.41136396,0.38670626,0.3619426,0.33224162,0.3819735,0.4118478,0.3730993,0.37802333,0.38067913,0.3410822,0.32165474,0.24058409,0.36204073,0.36634278,0.3607062,0.22352488,0.35816598,0.3842439,0.37647653,0.40543565,0.41987476,0.41425118,0.33763936,0.31151462,0.34662634,0.3787857,0.44403237,0.3963213,0.30803216,0.41288435,0.5206174,0.44010246,0.36522025,0.36740762,0.39677095,0.36582702,0.43333796,0.3797611,0.31475303,0.3590027,0.35899994,0.38639387,0.38458303,0.29430163,0.2838868,0.26439846,0.30920333,0.28317553,0.28126764,0.3539689,0.312726,0.34311354,0.3636639,0.46529964,0.34476954,0.40832153,0.3744299,0.4159901,0.4485986,0.3889267,0.25199822,0.30205464,0.3283862,0.37693754,0.42483205,0.39762104,0.44335648,0.3833641,0.34693918,0.39056036,0.38898262,0.3574761,0.3385231,0.3483834,0.3651027,0.37198138,0.31874627,0.41418615,0.41609836,0.36523527,0.37392563,0.30368954,0.2487684,0.4332307,0.4265144,0.39773446,0.41510993,0.39364314,0.3105534,0.3446642,0.32037523,0.4378326,0.40275893,0.2952571,0.30513024,0.30310044,0.3826516,0.39829987,0.3019977,0.3890542,0.37941805,0.32645202,0.25770524,0.3469091,0.31170622,0.31881648,0.39858136,0.38609976,0.3315269,0.22238624,0.2679625,0.2616523,0.34975728,0.2835918,0.28066692,0.31873143,0.35752782,0.45004883,0.46447912,0.42779604,0.42232987,0.4481044,0.35853827,0.41813463,0.44533023,0.49309644,0.35734725,0.30055174,0.40507674,0.49887744,0.43836367,0.41017157,0.3424252,0.38175347,0.32029074,0.35551172,0.31231514,0.375782,0.3868604,0.35194248,0.34870186,0.36076742,0.3335077,0.39033934,0.3533419,0.3908448,0.44202447,0.3871645,0.441169,0.44017622,0.4482893,0.43116954,0.42614534,0.41553453,0.3887555,0.37760362,0.32112125,0.3978207,0.43759468,0.373926,0.32242602,0.419197,0.34232497,0.42444843,0.3813315,0.44479436,0.43807903,0.39664152,0.44724178,0.3572407,0.378663,0.40006575,0.34995255,0.35781556,0.29671237,0.37927523,0.39879772,0.39067674,0.43920243,0.4021564,0.4096121,0.39411637,0.38471723,0.34339142,0.3892828,0.42099,0.38131943,0.3734674,0.41014376,0.3439273,0.32330275,0.25666773,0.3556585,0.36654744,0.36683607,0.24909528,0.38335058,0.37266058,0.3828754,0.40509152,0.39511615,0.4133621,0.32269093,0.3462815,0.3881194,0.36838126,0.4437197,0.36870104,0.32663015,0.41628727,0.49300846,0.38928822,0.35253474,0.34745684,0.39618474,0.37207514,0.3534925,0.468872,0.32331726,0.37005454,0.3563389,0.3910322,0.3957757,0.34619352,0.32274452,0.358214,0.31715876,0.33902925,0.29387513,0.3137763,0.30802247,0.34051332,0.34183708,0.46126187,0.4027057,0.46959782,0.37384835,0.40988645,0.44559187,0.4475725,0.2973546,0.33594215,0.30529585,0.31726423,0.39803573,0.39988083,0.40280062,0.37989298,0.37658226,0.41979033,0.39065653,0.37556088,0.34357858,0.37650824,0.37856048,0.3798554,0.33416128,0.4173414,0.40528154,0.42415696,0.36483404,0.3219902,0.2864992,0.44610098,0.40366572,0.41989556,0.4118926,0.43438664,0.3040062,0.3751212,0.3444338,0.42039832,0.4535244,0.35630098,0.30909166,0.2960349,0.3806138,0.43538707,0.32266283,0.38917616,0.41608182,0.3788531,0.25900233,0.34663707,0.30881646,0.30065385,0.3824943,0.39572826,0.37922093,0.26347545,0.28744653,0.3003233,0.35051078,0.30331096,0.27929518,0.3463733,0.3514861,0.43505442,0.4684064,0.41432798,0.4539943,0.43614855,0.36824983,0.44418,0.4686092,0.47599736,0.33495304,0.3134851,0.41317827,0.4648148,0.45344386,0.46727163,0.3847033,0.3910658,0.34601936,0.3447087,0.3773565,0.42625517,0.38425195,0.34352463,0.37550247,0.43863425,0.35472646,0.40751353,0.3681165,0.39043766,0.48718837,0.43838915,0.4496038,0.43933943,0.40912727,0.43939608,0.4093781,0.40898803,0.4190152,0.4230591,0.41427124,0.42873964,0.45233217,0.45865965,0.44890612,0.45659575,0.40156993,0.41777498,0.41659573
4,0.46848577,0.37686998,0.45649505,0.4620037,0.47034344,0.44404727,0.43132594,0.3897145,0.3559236,0.36672324,0.3094733,0.39345622,0.45902798,0.40466654,0.33112666,0.38529631,0.312707,0.40990952,0.38854423,0.40650824,0.4497531,0.39950195,0.42329678,0.34263974,0.38131145,0.4041692,0.38733247,0.34211382,0.28933546,0.41752273,0.42429614,0.3866009,0.4323936,0.43692532,0.4427275,0.37172788,0.3747151,0.3586173,0.3788264,0.4096965,0.36837023,0.38041475,0.39704448,0.36773586,0.3513153,0.2504894,0.3575958,0.3659085,0.36316878,0.21677624,0.35476246,0.38604033,0.36558405,0.39999473,0.4208339,0.42217028,0.3524488,0.33020464,0.36625177,0.40963528,0.47285125,0.433318,0.32110548,0.43839127,0.5181457,0.4384551,0.37649283,0.36572406,0.43594116,0.38347116,0.44512928,0.38657942,0.30917192,0.39304096,0.39862588,0.429727,0.3724331,0.31230614,0.30673563,0.2478477,0.33711666,0.29158592,0.28138313,0.38410097,0.31205124,0.37178066,0.38283575,0.47718897,0.35081545,0.42118752,0.3805674,0.42128545,0.44777215,0.43618587,0.26263598,0.30433872,0.3122962,0.38356477,0.4248227,0.40207303,0.44299078,0.37803462,0.33498734,0.38584197,0.39553618,0.3687735,0.3227241,0.3881067,0.40114072,0.3976807,0.37153408,0.45019463,0.44361538,0.39107087,0.39085966,0.30453333,0.23816869,0.42985427,0.4409804,0.41074497,0.4304291,0.40157717,0.32499903,0.33413807,0.32009926,0.46278104,0.42865592,0.32805777,0.33024248,0.32762668,0.40057394,0.41193193,0.29687777,0.38952246,0.40134975,0.3363137,0.27202448,0.34327188,0.34112817,0.34780568,0.42430985,0.40774882,0.35707107,0.22361411,0.26158458,0.2691979,0.37149167,0.3131774,0.29523197,0.3478024,0.3545481,0.45239565,0.48293945,0.44153953,0.44582087,0.43717927,0.34899932,0.43117553,0.4454263,0.51056516,0.40306503,0.3156272,0.42476752,0.49492007,0.4458506,0.40986562,0.36328423,0.37616146,0.37430915,0.3537382,0.31424728,0.38838047,0.35907537,0.33779067,0.33875448,0.3977697,0.33866978,0.39639944,0.38683435,0.42439118,0.46722645,0.3748973,0.45657915,0.45857355,0.4694527,0.44861,0.44730064,0.40603977,0.38019702,0.3990256,0.3403589,0.43407083,0.4429411,0.40110594,0.35203117,0.41270083,0.3309216,0.4379784,0.3869969,0.44907713,0.44517487,0.41529745,0.43606982,0.34785202,0.41702226,0.45671117,0.38433027,0.3967104,0.32071823,0.4110176,0.42353237,0.42833978,0.4623299,0.410137,0.445733,0.3849154,0.39428413,0.37396738,0.38066447,0.42447534,0.39230618,0.37277204,0.4347405,0.37617955,0.34967622,0.25607613,0.353296,0.35924622,0.36279675,0.23827136,0.38130772,0.37822443,0.37221086,0.40257812,0.40255892,0.41366825,0.3379384,0.36189857,0.4031954,0.38711998,0.47707433,0.41132194,0.36662996,0.45657706,0.5056173,0.40538764,0.39052615,0.36451867,0.4496211,0.40824902,0.4074396,0.4896338,0.35123503,0.44400746,0.41771436,0.43795624,0.41036728,0.36125094,0.36180624,0.3645165,0.34526443,0.36328763,0.3186266,0.34084415,0.31966627,0.3750642,0.3816364,0.4821954,0.43452737,0.47178754,0.39859512,0.4246434,0.44603962,0.48810166,0.304237,0.33499882,0.3138899,0.34605795,0.4012117,0.40014023,0.40581134,0.3713017,0.3577013,0.40685022,0.3957135,0.38176396,0.31871596,0.4051183,0.412784,0.3991519,0.37634912,0.459629,0.41813692,0.44365638,0.36479348,0.31946704,0.2700983,0.45528156,0.42208123,0.43168214,0.43041864,0.43554187,0.31546527,0.35191515,0.33285055,0.4468864,0.47344604,0.38185978,0.34653383,0.3405399,0.4042138,0.44513693,0.33045888,0.41031098,0.42650068,0.40034133,0.2647878,0.33572236,0.34095553,0.32764396,0.41480857,0.4175947,0.406748,0.27490485,0.29754794,0.31513247,0.3589665,0.3243461,0.31264406,0.38971826,0.3736964,0.43576226,0.47886994,0.4251795,0.47210526,0.43543118,0.34928456,0.4518114,0.4728455,0.49126896,0.38788325,0.34736,0.42704216,0.46970567,0.46891934,0.47214875,0.40072593,0.38401815,0.40160623,0.36264968,0.40912735,0.44215602,0.3554332,0.3196877,0.3560325,0.4807815,0.37399748,0.39539802,0.41436258,0.42940816,0.48881158,0.44461906,0.45273602,0.44495872,0.41754833,0.44522136,0.42194986,0.4167105,0.42697382,0.43113998,0.42280456,0.44065648,0.45239,0.45638388,0.4523958,0.4633355,0.41187227,0.42602396,0.4237645
5,0.49204862,0.371197,0.4612985,0.47848135,0.48365387,0.45858008,0.454037,0.38720387,0.3530311,0.39852604,0.341676,0.42928305,0.46315727,0.43048623,0.36580816,0.38204077,0.30929062,0.42455426,0.40481073,0.4070887,0.4527794,0.4264247,0.41806042,0.34021297,0.42694923,0.43571213,0.42669445,0.38300076,0.31465945,0.4349392,0.43833032,0.4179766,0.44073603,0.44676834,0.47013554,0.3648835,0.38922563,0.3875948,0.37796554,0.41192645,0.37167954,0.3825414,0.42531958,0.39809206,0.3797435,0.27136058,0.35732856,0.37394205,0.36974528,0.2295251,0.35939524,0.39127305,0.36475196,0.39922088,0.42551276,0.43917343,0.3738428,0.36028507,0.38954404,0.44419184,0.49416465,0.47070178,0.35933992,0.46192023,0.51457566,0.44283092,0.39496267,0.37615275,0.46727997,0.40524113,0.45456272,0.403477,0.33233768,0.4334105,0.44140252,0.46922508,0.37536052,0.34675097,0.3548557,0.2603451,0.38966355,0.32360092,0.30776942,0.41607204,0.33400178,0.40935853,0.40497872,0.48388773,0.37199327,0.43550706,0.39616624,0.43685415,0.45003822,0.47575623,0.29251167,0.31895563,0.32158569,0.39565033,0.43205884,0.41230676,0.44104457,0.3796975,0.33174646,0.38615993,0.4054682,0.38498926,0.31948268,0.4363575,0.43828043,0.42446524,0.43635187,0.4801595,0.47328973,0.42385164,0.41289,0.3158644,0.24660662,0.42991984,0.45487636,0.4264816,0.4434103,0.41279244,0.3457141,0.33294183,0.32905877,0.4813309,0.45137176,0.36662745,0.36331692,0.36555782,0.41813013,0.42474025,0.3186307,0.39949796,0.42556164,0.35468534,0.3007492,0.3475478,0.37811387,0.37948188,0.44415566,0.42568874,0.38707638,0.25193828,0.28447527,0.29466888,0.4030509,0.354945,0.33167914,0.38330218,0.3679259,0.44851267,0.490385,0.44956818,0.46745694,0.41939223,0.3410239,0.43848953,0.43770677,0.5109696,0.44687706,0.34585243,0.43984044,0.48680896,0.46140242,0.41518423,0.38607532,0.3766813,0.44317043,0.37163362,0.3421068,0.40336022,0.3418069,0.33387986,0.33693475,0.43135113,0.3630348,0.40547132,0.4283506,0.4549477,0.4873095,0.36369792,0.46386266,0.46984968,0.48430967,0.4599437,0.45964453,0.40189314,0.37923172,0.42822814,0.37022048,0.4680227,0.44371906,0.43337923,0.39289078,0.4056829,0.33038056,0.44432297,0.39521495,0.44534618,0.4425933,0.43854898,0.4184589,0.34871045,0.45437384,0.5022413,0.41502917,0.42917445,0.353006,0.43766674,0.4499687,0.46304598,0.47942355,0.42908823,0.47523516,0.38042372,0.40468055,0.40558484,0.37564114,0.42873418,0.406771,0.37374046,0.46440896,0.4105631,0.372967,0.26566622,0.35373062,0.36084312,0.36183566,0.24516594,0.38578355,0.38814613,0.3702,0.4047706,0.4130688,0.41941828,0.36065453,0.3859277,0.4195735,0.41196138,0.5003673,0.45813197,0.4232502,0.49197537,0.51371497,0.437543,0.42837057,0.39629242,0.49039233,0.44540864,0.4595658,0.50167483,0.3987035,0.50958884,0.46923107,0.4786733,0.43442538,0.3887542,0.4219558,0.3965207,0.39604118,0.40005556,0.36331218,0.37341613,0.3517576,0.4162802,0.41891333,0.4965969,0.46462926,0.47576055,0.42760563,0.4454366,0.4491486,0.5179714,0.33384103,0.3432014,0.3428501,0.38136637,0.41223273,0.40622735,0.4098859,0.3702871,0.346437,0.39773563,0.4039061,0.3920635,0.30854964,0.43798164,0.44954535,0.4228752,0.43305662,0.49555874,0.43615833,0.46474817,0.37430194,0.32503864,0.26798677,0.46272314,0.4414142,0.4445435,0.4447022,0.43760255,0.33479556,0.3374939,0.33084032,0.469298,0.48621842,0.4071019,0.3865814,0.39252442,0.42580932,0.4533964,0.36251146,0.43540433,0.43634924,0.42277583,0.28506854,0.33317718,0.37820944,0.35822794,0.43820027,0.43559507,0.43071637,0.30985028,0.33583954,0.34712628,0.37624323,0.35230958,0.3655735,0.43447155,0.40832856,0.4317527,0.47849888,0.4316856,0.4856162,0.4268984,0.33298123,0.45329767,0.4644427,0.49522403,0.4377645,0.39123243,0.43661386,0.47196317,0.48083913,0.4769499,0.41653556,0.38268548,0.4655525,0.3938965,0.4513824,0.4571433,0.33887938,0.30922592,0.34573725,0.5110874,0.40722284,0.38934097,0.46413258,0.4626496,0.48622453,0.44823998,0.45637628,0.45037562,0.42844167,0.45100015,0.4369259,0.42768255,0.43606335,0.4397869,0.43377444,0.45348912,0.4533224,0.4545286,0.4558189,0.46869805,0.42435968,0.43482855,0.4328112
6,0.50563794,0.36804828,0.4583603,0.48356393,0.485562,0.46304283,0.4632039,0.3908069,0.3587052,0.43078128,0.38342658,0.46334863,0.459912,0.456729,0.40796542,0.3815708,0.31282628,0.43048686,0.41847762,0.40275404,0.4456966,0.44866008,0.40933558,0.3494699,0.4662836,0.4647754,0.45801595,0.41747737,0.34924662,0.453663,0.45190814,0.44875935,0.45759657,0.46797797,0.49568465,0.36485633,0.40463477,0.41430512,0.3799237,0.4166899,0.38325176,0.38708982,0.45932245,0.42759123,0.4018956,0.29792076,0.3625423,0.3865287,0.37844017,0.25763693,0.36950666,0.39950758,0.3721027,0.40210932,0.43302953,0.4631859,0.39682788,0.3948875,0.41359004,0.4772631,0.50844914,0.5048691,0.41577214,0.48350397,0.51403177,0.4518426,0.41984066,0.39959916,0.487319,0.42991152,0.46347484,0.43032795,0.38062924,0.47025537,0.47570166,0.49584034,0.39345014,0.39013618,0.41535667,0.29500523,0.4511773,0.36824906,0.35355216,0.44488636,0.37586552,0.44839203,0.4273538,0.48669776,0.40543133,0.45121285,0.41755575,0.45693573,0.4551282,0.50140816,0.33296695,0.3426411,0.3548244,0.41546082,0.44639313,0.42657486,0.43798214,0.38751963,0.33889112,0.39144343,0.41897422,0.4034955,0.32776248,0.48393685,0.469991,0.44622174,0.49794012,0.50037116,0.5008734,0.45869803,0.43550602,0.33634374,0.27193198,0.43358526,0.46676826,0.441424,0.4522034,0.42472708,0.36645398,0.34166706,0.34281474,0.489342,0.46378872,0.40054417,0.39484343,0.40996882,0.43235362,0.4380904,0.36223575,0.4167701,0.44504535,0.375572,0.33675155,0.3553272,0.41214177,0.4050741,0.45277345,0.43423665,0.41280022,0.30364054,0.3340616,0.32966995,0.44020048,0.40065023,0.3881179,0.4199894,0.39951771,0.4377146,0.4858188,0.4493759,0.481315,0.3983526,0.3365649,0.4363202,0.423906,0.49469504,0.48288575,0.38707817,0.44521514,0.47807592,0.48161498,0.4239809,0.40730518,0.38365552,0.50908166,0.40744594,0.3888724,0.4153448,0.33765736,0.34149775,0.34337717,0.45693052,0.4053973,0.4170446,0.47138578,0.47991243,0.49917227,0.3556053,0.4607812,0.4719572,0.48953184,0.46218827,0.46056828,0.40244,0.38401613,0.4571336,0.40207276,0.49118403,0.43959013,0.46618503,0.4364079,0.39795372,0.3361551,0.44201335,0.401938,0.43276832,0.43079117,0.45900849,0.39773843,0.3593375,0.4825223,0.52775335,0.4344449,0.4461325,0.38594943,0.45678508,0.47213405,0.4933082,0.494335,0.4589799,0.49866462,0.378921,0.41552138,0.43259442,0.3750086,0.43223068,0.42214122,0.37957364,0.4936631,0.44135728,0.38950497,0.28209713,0.3585424,0.36921936,0.36493966,0.26583636,0.39356622,0.40033284,0.37544024,0.4102187,0.4247088,0.4309927,0.3863691,0.41165328,0.43574023,0.43962497,0.5128313,0.50289774,0.48358446,0.5178796,0.5185333,0.4739088,0.46116418,0.43814668,0.5138783,0.47715,0.4999249,0.5055709,0.45485023,0.55150837,0.4978102,0.504828,0.46329784,0.4213776,0.4814191,0.43923405,0.4538791,0.43659186,0.41764483,0.40687048,0.3985165,0.45699075,0.4484025,0.5030608,0.48843095,0.4800417,0.4565516,0.46392047,0.4544696,0.5324482,0.37560415,0.35791373,0.38796383,0.41980398,0.43056887,0.41692215,0.41320685,0.37644902,0.345781,0.39293274,0.4150023,0.40532297,0.3134398,0.46952066,0.48222706,0.44581124,0.49055895,0.52055436,0.457544,0.48462215,0.39046356,0.33953738,0.279027,0.4663032,0.4583982,0.45612165,0.45124003,0.43898362,0.3562426,0.33380544,0.33753568,0.4824293,0.48772997,0.4235376,0.4186145,0.4419104,0.44129628,0.46064046,0.4097507,0.45979366,0.4426167,0.43824032,0.31451917,0.33630484,0.41007277,0.38481358,0.446246,0.44366086,0.44296673,0.3600068,0.3933936,0.38497746,0.4011853,0.3818227,0.42954728,0.4741622,0.45167455,0.42261812,0.46692893,0.43119624,0.49155238,0.4131091,0.32298064,0.44633627,0.44612983,0.4870252,0.47763756,0.43654794,0.4382661,0.47250807,0.48851728,0.4795959,0.42943758,0.38724843,0.51995194,0.43462256,0.4929099,0.46708733,0.33662137,0.31271538,0.34521553,0.5239801,0.44984642,0.39063352,0.5076011,0.48719752,0.47968748,0.44926077,0.45897865,0.4530606,0.44136176,0.4575687,0.45245612,0.4411848,0.4453133,0.44774976,0.4447371,0.46460733,0.45533442,0.45472604,0.45933625,0.47255322,0.43793947,0.44419652,0.44277668
7,0.50759804,0.36903706,0.4498054,0.47813123,0.47725642,0.45675206,0.4581068,0.3989715,0.37053716,0.45512706,0.42155606,0.48906475,0.45032793,0.48068562,0.45068005,0.38063657,0.31843787,0.4288092,0.42423788,0.39461395,0.43118015,0.46123815,0.4017823,0.36872166,0.49255767,0.48724622,0.47747198,0.43937528,0.3874355,0.475168,0.465577,0.47698948,0.48347747,0.49942595,0.5196074,0.3705996,0.41948137,0.43508732,0.3852939,0.42233276,0.401319,0.3950607,0.49109122,0.45247117,0.41473484,0.32335863,0.3731297,0.39771146,0.38456982,0.2936446,0.38272098,0.40995908,0.38501987,0.40728444,0.44206408,0.48909476,0.4166314,0.42658165,0.4353727,0.5038191,0.51716965,0.53323454,0.47777373,0.5037289,0.5192729,0.46337155,0.44794285,0.43491575,0.49584344,0.45523667,0.47411883,0.46432033,0.44444427,0.49626586,0.49359143,0.50489837,0.42301297,0.43154472,0.47116625,0.3425566,0.5035285,0.41200268,0.40822884,0.4661753,0.43041238,0.4826572,0.44844544,0.4869021,0.44504666,0.46745557,0.4406424,0.4752342,0.46189484,0.51124793,0.37270677,0.36969438,0.40648907,0.4443522,0.46570143,0.44362527,0.43598887,0.40012956,0.35569292,0.40100235,0.43494695,0.42179358,0.34590328,0.5219545,0.49165812,0.45863503,0.54355294,0.5099869,0.52217203,0.48936856,0.4545088,0.36190346,0.30818182,0.43975416,0.4757614,0.45345268,0.4563079,0.4350268,0.38352466,0.35960427,0.35855883,0.48671776,0.46377888,0.42289352,0.41781184,0.4518649,0.44114956,0.4519056,0.41751868,0.4372685,0.45604932,0.3936552,0.3711792,0.36238188,0.43575388,0.4198853,0.45074782,0.43251488,0.42819756,0.36924407,0.40207043,0.36340353,0.4754862,0.44000992,0.45548654,0.45254058,0.4458991,0.42174858,0.4726648,0.44115323,0.48520735,0.38063544,0.3368894,0.4243711,0.40878642,0.46751842,0.5079262,0.43276936,0.4402753,0.4722147,0.5026879,0.43328637,0.42412913,0.39731124,0.5558819,0.45605132,0.4420367,0.42095435,0.3471023,0.35975483,0.35781738,0.47287843,0.45860514,0.42929316,0.50976115,0.49793977,0.50143623,0.35439956,0.44987237,0.466033,0.48539612,0.45598736,0.4519011,0.40721533,0.39294907,0.47780442,0.4268534,0.50032485,0.43168902,0.49479747,0.47417107,0.3892821,0.34284365,0.43509674,0.40427524,0.4150728,0.41517395,0.4719009,0.3823164,0.3777223,0.49739933,0.5325822,0.4402646,0.44697574,0.41291606,0.46906152,0.48698157,0.51711965,0.50915116,0.4952641,0.5165858,0.38023475,0.42622268,0.45105532,0.37937054,0.43502158,0.43604138,0.39124075,0.51648253,0.46450529,0.39782092,0.30072215,0.3682152,0.3799708,0.37002757,0.29346535,0.4030447,0.41311967,0.38601527,0.41764292,0.43587604,0.44619438,0.40952355,0.43280396,0.45015743,0.46536726,0.51642567,0.540225,0.53313303,0.53287584,0.5215006,0.5026535,0.48587126,0.48233733,0.5208346,0.4990543,0.523932,0.5037156,0.5054531,0.5647519,0.5003498,0.512525,0.49046835,0.45009744,0.5199576,0.47663465,0.5016317,0.46129215,0.46826437,0.43603858,0.4500896,0.49095595,0.46793547,0.5021523,0.50302976,0.48249522,0.48104814,0.4738699,0.46098015,0.531314,0.41683418,0.37477216,0.4407381,0.45775282,0.45356125,0.43143708,0.4165651,0.38922817,0.3562429,0.39304268,0.42833313,0.41999194,0.33184698,0.49401453,0.5048245,0.46346596,0.5354307,0.533364,0.47844282,0.49993116,0.40911746,0.36102864,0.2991199,0.465298,0.4708778,0.4653456,0.44975245,0.43873784,0.3753585,0.34156218,0.35199803,0.48504147,0.4781881,0.42812327,0.43682012,0.47937664,0.44859347,0.46679336,0.45831594,0.478604,0.44434574,0.44389468,0.3450866,0.34177503,0.43019685,0.40169784,0.44017655,0.44046512,0.4407157,0.4120274,0.45561042,0.41617203,0.42906234,0.40632358,0.49091884,0.5040614,0.49643612,0.41000104,0.44801742,0.42386842,0.48954454,0.40068048,0.3212884,0.43187666,0.4251327,0.4700225,0.5035661,0.47480115,0.43243587,0.4723828,0.49333423,0.4784367,0.43776193,0.39773172,0.5524788,0.47822,0.52257454,0.46969825,0.348067,0.32891184,0.35441297,0.52000004,0.49307963,0.39851534,0.5382911,0.5023682,0.4708989,0.44906217,0.4597848,0.45210892,0.45474675,0.4647178,0.46605808,0.45518208,0.45343593,0.4538411,0.45416492,0.4724433,0.4579876,0.456786,0.46249008,0.47472826,0.45061502,0.45313132,0.45212704
8,0.49859124,0.37544525,0.43869933,0.46512184,0.46201047,0.4417664,0.44067448,0.40976703,0.38587278,0.46675798,0.44555777,0.5017434,0.43701392,0.501367,0.4892653,0.37804547,0.32310778,0.42266676,0.42068833,0.38517728,0.41369307,0.46264198,0.3997807,0.39426228,0.50235605,0.4999578,0.4853584,0.44744158,0.42428696,0.49966738,0.47997943,0.49997663,0.5151021,0.5363577,0.5409009,0.3811274,0.43196064,0.44791883,0.39407584,0.42752317,0.42198136,0.4054605,0.5136951,0.4697841,0.4181273,0.34291255,0.38786387,0.40400252,0.3857049,0.329402,0.39720747,0.4213857,0.4005983,0.41377753,0.45076603,0.5113,0.4296261,0.44911733,0.4524721,0.5201588,0.52135384,0.55307716,0.5307424,0.5222776,0.53024477,0.4744442,0.47398055,0.47696832,0.49392542,0.47725597,0.4869906,0.49944985,0.50889933,0.50672287,0.49153695,0.4956044,0.4570102,0.46093503,0.50763834,0.39095095,0.53406525,0.44299027,0.45960942,0.47738883,0.48667508,0.50807023,0.46635887,0.48535213,0.48352012,0.48255518,0.4619186,0.48678035,0.46864527,0.5059701,0.40289018,0.39414972,0.46673045,0.4805596,0.4859541,0.46154338,0.4362727,0.41525552,0.37959188,0.41319236,0.45082834,0.43759733,0.3712018,0.5446008,0.5011036,0.4603615,0.5663615,0.50996256,0.534032,0.5105964,0.4669355,0.38746333,0.3475884,0.44665757,0.48114145,0.4609546,0.45592016,0.4415332,0.39524227,0.38415688,0.37426466,0.4758185,0.45222738,0.43155077,0.4286228,0.48326725,0.4436389,0.46442783,0.47134596,0.4565584,0.4576098,0.40534204,0.39655092,0.36610654,0.4453698,0.42348754,0.44217756,0.42304933,0.43159023,0.43491146,0.47497997,0.38784164,0.50179225,0.46466723,0.5197788,0.47649366,0.49895552,0.40399116,0.45521548,0.42594635,0.47955856,0.37130988,0.3422527,0.4055229,0.39660814,0.4360258,0.5227849,0.47593328,0.4267349,0.47090417,0.5200724,0.44045103,0.43475002,0.416351,0.5750921,0.50975144,0.48705995,0.41909844,0.36840078,0.38559625,0.3783026,0.47964138,0.51068175,0.4405304,0.53874564,0.50868803,0.49451587,0.36244842,0.43545768,0.4548303,0.4740625,0.44366896,0.43656856,0.41529506,0.40443957,0.4859744,0.4390565,0.49560252,0.42218614,0.51676416,0.50175774,0.3807619,0.3473971,0.42799017,0.4021326,0.39741588,0.40171912,0.47517133,0.3786536,0.4004014,0.49847308,0.519695,0.4351175,0.4365711,0.4306018,0.4771147,0.4940811,0.53223866,0.5248146,0.53038985,0.5293893,0.38464975,0.43556494,0.45949113,0.3879532,0.43744504,0.4463802,0.40719345,0.52872425,0.47744346,0.3984249,0.31816834,0.38224885,0.39008388,0.37529778,0.3217042,0.41359335,0.4255621,0.3996358,0.42619684,0.44502446,0.46239477,0.42505902,0.44510683,0.46108663,0.48498327,0.5135852,0.5653381,0.56149316,0.5381059,0.5233295,0.514828,0.5000496,0.5198386,0.5137897,0.50780463,0.53043246,0.4978802,0.53861874,0.5502452,0.47975212,0.500565,0.50906956,0.467962,0.52730405,0.4975775,0.5270883,0.46702147,0.50344414,0.45687765,0.49506763,0.5139571,0.47680858,0.4955792,0.5078068,0.4818847,0.49706894,0.47295573,0.4674126,0.5167993,0.4473182,0.3899334,0.4899144,0.4903299,0.47721866,0.44818342,0.42099482,0.40690458,0.3758345,0.39791185,0.44224763,0.43423018,0.3604573,0.5076526,0.5141925,0.4733533,0.55901456,0.53463334,0.49522978,0.5086492,0.4267759,0.3861259,0.32384452,0.46001965,0.47763434,0.4708525,0.44170725,0.43650973,0.38931075,0.35956627,0.3721696,0.47840852,0.45946214,0.42264286,0.43997166,0.49927625,0.44763193,0.47090742,0.49493805,0.48836452,0.4419643,0.43985534,0.36948696,0.3468988,0.43688473,0.40643886,0.4254306,0.42844462,0.42627558,0.45331624,0.50749904,0.4326767,0.45431054,0.421164,0.53655,0.5211995,0.5342466,0.39693588,0.42651567,0.4111022,0.48034176,0.39500868,0.32829258,0.41321883,0.4082732,0.4482066,0.5164486,0.5003472,0.42100096,0.47258362,0.49617913,0.47309604,0.44077817,0.41323796,0.55833304,0.51715004,0.5323834,0.46507767,0.370213,0.3548941,0.37179953,0.5037459,0.52715915,0.41115525,0.55293703,0.5088786,0.46245244,0.44921622,0.45824054,0.44791895,0.46667904,0.47141668,0.47578093,0.4676041,0.4592504,0.45723036,0.46070284,0.47588703,0.4606164,0.4596895,0.46484557,0.47531402,0.46094313,0.4607011,0.45945725
9,0.48201337,0.38887942,0.4284805,0.44938222,0.44484076,0.42244527,0.41550267,0.42114282,0.40234044,0.46502107,0.4508762,0.4990251,0.4249611,0.518963,0.52138007,0.37637445,0.32665634,0.4158801,0.41077906,0.37812403,0.39841208,0.4547453,0.40614766,0.42095268,0.49533424,0.5003188,0.48528594,0.44464818,0.45603555,0.52560705,0.49435037,0.5156117,0.5464895,0.5723292,0.55853707,0.39535084,0.4411445,0.4529895,0.4063611,0.43125892,0.44045815,0.41723675,0.52238697,0.4778714,0.41523314,0.35523733,0.4056535,0.40632397,0.38389853,0.35882267,0.4120952,0.4329132,0.41610795,0.42143804,0.45695266,0.5254078,0.43430462,0.45896956,0.46387598,0.52444935,0.5213628,0.56149733,0.5629597,0.5374775,0.5432057,0.4810369,0.49242768,0.5166608,0.4833491,0.49133673,0.5002496,0.5275997,0.5581027,0.49942344,0.47037464,0.47082266,0.48640212,0.47233936,0.516837,0.42706636,0.5376881,0.45385674,0.49661276,0.4784437,0.5323105,0.5221778,0.47870597,0.4825342,0.51443666,0.49485928,0.47856417,0.48841444,0.47322714,0.48841286,0.4198801,0.41151604,0.52212703,0.51821655,0.5015994,0.47754493,0.43818352,0.42999628,0.40665677,0.42556483,0.4635263,0.44946548,0.39938834,0.54951924,0.4987035,0.4532626,0.56437266,0.5026068,0.5343942,0.5194654,0.47118986,0.409203,0.3831412,0.4526127,0.48261437,0.46260965,0.45247096,0.44294938,0.40155256,0.4109968,0.38836887,0.46041206,0.43143642,0.42874217,0.42754173,0.4993429,0.44057474,0.473308,0.51121,0.4708064,0.45083338,0.40996265,0.4091988,0.36660188,0.4414001,0.41831452,0.432418,0.41012815,0.42480874,0.4874724,0.5380345,0.3997355,0.51503515,0.47106686,0.5678968,0.48904702,0.547672,0.38895708,0.43781102,0.40595755,0.46583202,0.37410024,0.3535935,0.38512045,0.39093375,0.40607423,0.5312121,0.51072454,0.4078625,0.47321156,0.5280972,0.44403124,0.43914565,0.4376525,0.56492364,0.5590928,0.51243293,0.41093206,0.3970549,0.41435742,0.4011167,0.47909835,0.5491576,0.45006087,0.5550025,0.51281077,0.4812146,0.3807248,0.4223992,0.44262296,0.45931038,0.42895737,0.41839036,0.42537665,0.41695994,0.48167863,0.4381797,0.47942147,0.4151501,0.53177047,0.51826155,0.3757508,0.34980914,0.42406556,0.3987558,0.38519278,0.39587167,0.46928284,0.38964617,0.422561,0.48778987,0.4938116,0.42474145,0.4223966,0.43885258,0.48410243,0.49408287,0.5375256,0.5416615,0.55679864,0.5378909,0.39236358,0.4423733,0.45909762,0.3993357,0.43950644,0.45222455,0.42529264,0.5290559,0.4793141,0.39418688,0.33305427,0.40069845,0.39990366,0.3816602,0.3464534,0.42501485,0.43794504,0.4141984,0.435873,0.45098433,0.47796118,0.43053493,0.447036,0.46750912,0.4962615,0.50649166,0.5745963,0.56395537,0.5355948,0.52326846,0.5047639,0.5023716,0.5427585,0.49644172,0.5015327,0.5204982,0.48865047,0.5478924,0.5125561,0.44335687,0.47114882,0.5139055,0.47179952,0.5026383,0.49642092,0.5249062,0.45206302,0.5158754,0.46769822,0.523796,0.52401704,0.4756042,0.4852322,0.5044253,0.47801915,0.5020722,0.46193787,0.47219115,0.4929095,0.46134645,0.4010004,0.52468467,0.5120707,0.49695414,0.46452057,0.4269187,0.42638344,0.40046105,0.4061118,0.45458466,0.44675383,0.39375225,0.5091522,0.5106316,0.47530788,0.55786544,0.5259061,0.50546527,0.51026624,0.4411338,0.41198137,0.35007694,0.4514715,0.47818488,0.47078335,0.43015617,0.43250084,0.39727986,0.38432774,0.3946223,0.46520936,0.43382642,0.41190177,0.43115288,0.5008403,0.4405561,0.47187725,0.5109486,0.48800042,0.43683758,0.4282419,0.3840625,0.35084957,0.43232277,0.39997685,0.40881974,0.41207698,0.40483144,0.4762351,0.53845763,0.43184936,0.4732666,0.42548192,0.5583801,0.5245269,0.55817443,0.38734272,0.40726358,0.3955368,0.46479005,0.39989913,0.34452483,0.39496544,0.40089133,0.4252639,0.5213038,0.51074743,0.40683526,0.47390172,0.49628207,0.46429607,0.43887672,0.43178517,0.5379468,0.5448576,0.5185811,0.45550722,0.39732793,0.38567787,0.39393982,0.4815912,0.5447562,0.42617297,0.55058455,0.50869834,0.45642754,0.4504468,0.4536787,0.4414242,0.47563392,0.47640014,0.48085105,0.4771106,0.46220344,0.45777977,0.4629456,0.47404915,0.46262378,0.46256968,0.46611235,0.47456938,0.46868768,0.46673653,0.46406624
10,0.4632196,0.4108932,0.4234977,0.4368355,0.4315925,0.404412,0.38954073,0.43170953,0.41832078,0.4521715,0.43879834,0.48167306,0.4204076,0.5339916,0.5458723,0.37971094,0.3298244,0.41261253,0.3995301,0.37745756,0.39042196,0.44175148,0.42252132,0.44358203,0.4741736,0.48767778,0.48220822,0.4364583,0.48032978,0.55001086,0.50763565,0.5226953,0.5706156,0.6006579,0.57133985,0.41205138,0.44716367,0.45211613,0.42227995,0.43310732,0.45301357,0.43006575,0.51492184,0.47659647,0.4106987,0.3607921,0.42558917,0.40772596,0.38331866,0.37797123,0.42731026,0.4444137,0.4296765,0.43082887,0.45898217,0.5284954,0.43106306,0.45560667,0.46952537,0.5164527,0.5171319,0.5563387,0.5683842,0.54720867,0.5522547,0.47942638,0.4996549,0.5448517,0.46609685,0.4937746,0.5105589,0.54123753,0.58140314,0.47552714,0.43510497,0.4362054,0.50303686,0.4638432,0.49771613,0.44097775,0.5153233,0.44241232,0.512241,0.4708396,0.55786294,0.5240082,0.48386416,0.4781404,0.5338964,0.50336176,0.4884016,0.47909158,0.47353265,0.46321282,0.42407444,0.41926855,0.5611753,0.54966384,0.5070855,0.4887876,0.44037023,0.44157895,0.43210286,0.43577492,0.47016716,0.4568931,0.42522797,0.53692365,0.48663735,0.4410046,0.5391728,0.49059618,0.5222715,0.5150023,0.4664421,0.4249589,0.4095313,0.45659682,0.4808453,0.45816964,0.4491809,0.43922338,0.40378729,0.4353905,0.40022615,0.4454172,0.40559262,0.4194937,0.4182443,0.4987908,0.4336104,0.4762968,0.528824,0.47722638,0.43825182,0.4092396,0.4090477,0.3661114,0.42746577,0.40791306,0.426756,0.3992405,0.41214177,0.51854753,0.5808236,0.39938602,0.5135958,0.45979246,0.59227335,0.4892892,0.5821893,0.38147056,0.42557538,0.3855205,0.44690296,0.39200428,0.3723458,0.36937648,0.39546648,0.38357776,0.537269,0.53334725,0.38829425,0.476595,0.5214746,0.44419384,0.43861076,0.4572322,0.52804583,0.5960651,0.51273406,0.39925966,0.42647856,0.44131783,0.42214823,0.47395623,0.56575465,0.45763156,0.5566124,0.5111369,0.46618623,0.4091921,0.41597906,0.43460187,0.4458966,0.41638595,0.40248144,0.43644708,0.42937273,0.4679175,0.42725977,0.45614764,0.41563845,0.54040235,0.5245808,0.37826246,0.3512925,0.42614153,0.39839044,0.38303268,0.40195394,0.4565222,0.41604033,0.43935043,0.46894562,0.4616419,0.41588184,0.41243452,0.43941656,0.4921682,0.48904577,0.5331394,0.55865675,0.5692773,0.54260045,0.40345797,0.44606608,0.45252573,0.41222748,0.4412703,0.45418736,0.4437952,0.5183815,0.4712144,0.38932794,0.34480125,0.42400774,0.41122174,0.39146492,0.3648947,0.43711576,0.45122206,0.42843482,0.4473788,0.45350504,0.49165052,0.42659515,0.43947038,0.46934727,0.49893403,0.49682766,0.56616414,0.54057974,0.52738154,0.51957417,0.47128683,0.49367595,0.54663223,0.47319147,0.4805597,0.4970412,0.47580403,0.53221446,0.46011502,0.40198782,0.4305214,0.5029479,0.46154374,0.45269126,0.4724822,0.49605015,0.41972962,0.50325185,0.46874714,0.53080064,0.5211121,0.46622235,0.47207084,0.49560657,0.47120768,0.49590734,0.44354346,0.47366238,0.46528652,0.45750916,0.40682915,0.538638,0.5189859,0.5082456,0.47760475,0.43445328,0.44404167,0.42503124,0.4156279,0.46315798,0.45718247,0.4250736,0.4991908,0.4965589,0.4708049,0.53281295,0.5092068,0.5077309,0.5044887,0.4501794,0.43655464,0.375371,0.44138303,0.47279942,0.46422136,0.41998369,0.42756727,0.40027216,0.41118595,0.4157018,0.44949996,0.4054094,0.40181968,0.41677514,0.48709586,0.43082026,0.46898913,0.503057,0.47832793,0.43084982,0.41311616,0.38812774,0.35440174,0.42109597,0.38535818,0.39681745,0.39711905,0.3827132,0.47799566,0.54410243,0.4150415,0.4839296,0.42084292,0.5536984,0.5148383,0.5643919,0.38528782,0.39563456,0.38131163,0.44507113,0.41801366,0.370365,0.38193828,0.40736783,0.40555853,0.5236871,0.5063802,0.39408666,0.47677553,0.49213058,0.45343935,0.43339223,0.45059848,0.4960588,0.5573716,0.4817661,0.4445285,0.42242405,0.41525492,0.41662365,0.4603408,0.54253006,0.44098246,0.53248197,0.50406235,0.45372885,0.4526254,0.4455799,0.43353176,0.48050082,0.47841352,0.48134696,0.48283827,0.46240625,0.45609763,0.46018422,0.4668351,0.46352252,0.46488923,0.46591038,0.4725181,0.4740173,0.47127476,0.46590155
11,0.4470715,0.44104713,0.427006,0.4317538,0.4263695,0.39232257,0.36964196,0.44081426,0.43279946,0.43222472,0.4145763,0.45359764,0.42716587,0.546018,0.56146264,0.39022934,0.33298674,0.4158421,0.39096233,0.38565624,0.39285603,0.42840672,0.44847545,0.4587879,0.4438758,0.46461165,0.47977057,0.4277996,0.4957519,0.569439,0.5186381,0.52110267,0.5818662,0.61627233,0.5779457,0.429345,0.45050293,0.44729215,0.4409038,0.43315563,0.4583751,0.4436998,0.49259916,0.46727282,0.4078193,0.3603191,0.44631162,0.41029882,0.3869896,0.38492376,0.4425406,0.4558504,0.44039893,0.4423396,0.45668623,0.5198212,0.4215153,0.44097632,0.46986634,0.49772325,0.5087816,0.53785324,0.5472701,0.5498993,0.5524963,0.46828583,0.49548152,0.55637705,0.4444145,0.48384348,0.51471585,0.53659755,0.57624346,0.43995374,0.39348856,0.398442,0.5033373,0.43748915,0.4556377,0.4297647,0.47240186,0.41136315,0.5050025,0.4566287,0.5600748,0.51416135,0.48129097,0.471378,0.54099315,0.5079282,0.4904331,0.46024776,0.4687604,0.43592048,0.41788456,0.417135,0.5789436,0.5690016,0.49963763,0.4935397,0.4419968,0.4482992,0.4517838,0.44242495,0.46924052,0.46008524,0.44448325,0.50956273,0.46802714,0.42739236,0.4962348,0.47609162,0.49888787,0.49801853,0.45295614,0.4337849,0.42387885,0.45836538,0.47731528,0.44899175,0.44938925,0.43152702,0.40359595,0.4539925,0.40982443,0.43513232,0.37976998,0.40866518,0.40537202,0.48378816,0.4245064,0.47249147,0.52201587,0.47492012,0.42274848,0.40543064,0.3982207,0.36722517,0.40837115,0.39555344,0.42831755,0.39479652,0.3981775,0.52566487,0.59934294,0.38916147,0.49807364,0.43436167,0.5919638,0.4784277,0.5973726,0.38445336,0.42255464,0.3698568,0.42647785,0.4253646,0.3985708,0.36296132,0.41253862,0.3732357,0.54280853,0.5420753,0.37279296,0.47846144,0.49847037,0.4420745,0.43476626,0.47194037,0.47195515,0.61643857,0.48928326,0.38709742,0.45046723,0.4632207,0.438586,0.46659067,0.55925614,0.46308818,0.54375213,0.5042851,0.4536202,0.445656,0.41943452,0.43430692,0.43749538,0.40943006,0.3934983,0.44758067,0.44078016,0.44904,0.41091582,0.43091312,0.42638782,0.5432255,0.5223513,0.39003175,0.35260162,0.43580118,0.40321642,0.39290524,0.42138797,0.44012508,0.45570874,0.44801357,0.4459116,0.43083584,0.41315797,0.41159272,0.4347814,0.5013222,0.48172295,0.52111673,0.57313657,0.5666306,0.54353094,0.41703042,0.44662106,0.4424165,0.42534542,0.44281763,0.4537143,0.46117762,0.49921963,0.45619914,0.38701147,0.3527618,0.45123613,0.42429888,0.4058477,0.37512484,0.44908425,0.46549484,0.44168678,0.4609335,0.45326397,0.5019592,0.41603643,0.42505938,0.46705726,0.49412543,0.48581082,0.5416729,0.4970623,0.5154404,0.51115286,0.420308,0.47756436,0.5325537,0.448684,0.4488205,0.46515658,0.4596433,0.49652395,0.40443882,0.36584654,0.3880721,0.4791751,0.43994194,0.3906081,0.43068755,0.44798118,0.37756643,0.4693248,0.46156555,0.51705825,0.5072268,0.4519865,0.45641488,0.4836575,0.46201873,0.48179314,0.42144245,0.4711172,0.43998536,0.438359,0.40745544,0.53233916,0.51146644,0.50833213,0.48535007,0.44316864,0.45702416,0.4452391,0.4246299,0.46644053,0.46561864,0.44900012,0.48011237,0.47562954,0.46208644,0.48955795,0.4875929,0.502011,0.4911363,0.45214137,0.45786166,0.39727625,0.43197748,0.4628974,0.45242336,0.4156376,0.42308143,0.3998369,0.43571213,0.4326834,0.4353484,0.37968984,0.396468,0.40334517,0.4638242,0.42171234,0.46257076,0.47402126,0.46193296,0.42562887,0.3989547,0.38276252,0.35873815,0.40798268,0.36661038,0.39326847,0.3883082,0.36504942,0.4604357,0.5264151,0.38674083,0.48531568,0.40959063,0.52570045,0.49531516,0.553486,0.3928262,0.39543307,0.37244418,0.42480063,0.44932196,0.4042069,0.37733796,0.42929903,0.39297372,0.5265144,0.49025303,0.38680798,0.48083434,0.4832276,0.44211262,0.42620403,0.46684566,0.44214824,0.55455697,0.42885137,0.43526322,0.4400946,0.43872115,0.43625492,0.44519305,0.52283084,0.45345435,0.5025668,0.49666628,0.45418653,0.45530424,0.43429273,0.42504892,0.48084757,0.47689533,0.47794545,0.4842842,0.46051407,0.4533285,0.4531059,0.45553738,0.46302867,0.4664495,0.46392822,0.46910474,0.47689468,0.47426486,0.46540362
12,0.43604016,0.4751612,0.43860513,0.43473506,0.4297138,0.38821778,0.35981873,0.44827276,0.44517988,0.40991873,0.3849581,0.42156628,0.44370675,0.5532785,0.5665845,0.40614185,0.33629605,0.4260953,0.38663712,0.40224034,0.40573725,0.41847685,0.480332,0.46579942,0.4111804,0.43706775,0.47870314,0.42123538,0.5007243,0.5809224,0.52523094,0.5122289,0.57865685,0.6174797,0.5776217,0.4452,0.45157,0.4398747,0.4601802,0.4320368,0.4576906,0.45757684,0.46096644,0.45217502,0.40714934,0.3546742,0.46612233,0.4137628,0.39501458,0.38075367,0.4569047,0.46705428,0.44817078,0.45569575,0.45160908,0.5017239,0.40841392,0.41930893,0.4658582,0.47212815,0.4972335,0.50968814,0.5060595,0.54481465,0.5430023,0.4502398,0.48290113,0.55063593,0.4218936,0.46498564,0.5112735,0.5155523,0.5469702,0.40105325,0.35446224,0.36420435,0.48959824,0.3999358,0.4023808,0.3989336,0.41901046,0.36878765,0.47870553,0.43806255,0.54161286,0.49490178,0.4716776,0.4627468,0.5370471,0.50899076,0.4852285,0.4358021,0.46020937,0.41192007,0.40467975,0.40705013,0.575727,0.57297945,0.48121858,0.49225846,0.44367003,0.45018357,0.4637028,0.44528508,0.46167445,0.45971322,0.45582622,0.47303304,0.4465461,0.41554847,0.44530454,0.46126202,0.46860924,0.4714094,0.4334756,0.43596146,0.42642912,0.45813283,0.47337037,0.43788192,0.45410195,0.4220713,0.4027118,0.46580118,0.4178431,0.4310084,0.35789245,0.39960563,0.39331293,0.45979542,0.41553155,0.46339735,0.49475777,0.4654876,0.40731704,0.4003239,0.38026735,0.37117985,0.38912004,0.3838754,0.4366824,0.39765403,0.38555357,0.51153594,0.59457976,0.3727106,0.47211537,0.40081325,0.5707014,0.4600632,0.59291077,0.3970907,0.42902166,0.3623217,0.40737224,0.4691334,0.42927665,0.36689025,0.44027337,0.37608665,0.54703206,0.53679144,0.36451796,0.47741172,0.46357876,0.4387284,0.42889538,0.48092535,0.409469,0.6192182,0.44972214,0.37712395,0.4659647,0.47851586,0.44996747,0.4585746,0.5348062,0.46642485,0.5192902,0.49332285,0.44536036,0.48458314,0.43159363,0.44155622,0.43534732,0.40920815,0.39341298,0.45781517,0.45056024,0.42930076,0.39310744,0.40859455,0.44533652,0.5409345,0.5138293,0.40867656,0.35365334,0.45236385,0.41219294,0.41276124,0.4512561,0.4238958,0.5020418,0.4489657,0.42259228,0.4077346,0.41685158,0.41967335,0.42709562,0.5098759,0.4738549,0.5056126,0.5823091,0.5523332,0.54124284,0.431333,0.44444484,0.43076548,0.43790823,0.4442073,0.45216757,0.4762412,0.47542307,0.43813473,0.38781703,0.35623884,0.47942048,0.43681422,0.42299217,0.37693518,0.45997497,0.47987568,0.453445,0.47577888,0.4514893,0.50748676,0.40258047,0.40781432,0.461433,0.48358545,0.47472256,0.5072838,0.44517738,0.50163335,0.4993162,0.36530295,0.45938113,0.5067975,0.4276167,0.41444987,0.43208337,0.44274688,0.45157966,0.3570496,0.34129453,0.35334447,0.45036793,0.41230333,0.33215505,0.38167503,0.3940615,0.33566195,0.42423606,0.44832474,0.48996004,0.48607036,0.43731564,0.4399419,0.4703492,0.45192167,0.46514493,0.39990535,0.46563712,0.42167032,0.41024587,0.40385252,0.51194537,0.49414945,0.49774405,0.4875469,0.45255274,0.46411842,0.45878768,0.43187353,0.4644357,0.4720989,0.46335348,0.45557538,0.45228916,0.45159566,0.43896082,0.46542758,0.48967388,0.4711707,0.4471054,0.4740488,0.41359544,0.42528465,0.45128575,0.43895054,0.41840234,0.42051068,0.39783278,0.45473492,0.44472513,0.42504486,0.36083156,0.39688292,0.3951107,0.43835077,0.4156195,0.45441198,0.43300655,0.44320807,0.42215338,0.38908827,0.37062883,0.36431634,0.39669374,0.34788886,0.3980983,0.38703296,0.35384184,0.43024337,0.49316788,0.35371283,0.47800776,0.39416772,0.48374197,0.4714605,0.53042334,0.4082718,0.40629533,0.3706657,0.40737674,0.4892981,0.44143644,0.38110864,0.46281847,0.38883045,0.5297374,0.46717358,0.38695115,0.48499033,0.47109833,0.4319818,0.41905123,0.47871044,0.38901812,0.54006875,0.37349513,0.4293525,0.44861418,0.45386678,0.45082524,0.43799317,0.4932778,0.46238893,0.46740878,0.48772413,0.45686132,0.45819542,0.4219642,0.41737258,0.4771957,0.4724446,0.4718935,0.4816319,0.45747232,0.4507177,0.44389233,0.44299266,0.4612499,0.46718872,0.46022603,0.4646066,0.47710115,0.47566956,0.4632365
13,0.43026093,0.505241,0.45429245,0.44286752,0.43876776,0.39137745,0.36016178,0.4542394,0.45534265,0.38990828,0.35697,0.39450696,0.46353123,0.55311364,0.56018555,0.42200938,0.33980775,0.4410262,0.3862572,0.42304617,0.42572004,0.41386107,0.5109607,0.46556738,0.3841882,0.41295156,0.4770023,0.4174236,0.4935315,0.5810497,0.52401435,0.49838305,0.5629129,0.6053093,0.5697308,0.4587338,0.45064795,0.43097714,0.47765166,0.43094635,0.4532073,0.47035447,0.42871413,0.43396664,0.4071822,0.3454417,0.48271778,0.41601995,0.404181,0.36974442,0.46928683,0.47743204,0.4535893,0.46959466,0.44626725,0.47890428,0.39558974,0.39676318,0.45873988,0.4453785,0.48353773,0.47788045,0.45737147,0.53105325,0.52597356,0.4311717,0.46662307,0.52997583,0.40331706,0.44356364,0.50090885,0.4852294,0.50437486,0.36950517,0.3271217,0.33986634,0.46865717,0.36200014,0.35480618,0.36197203,0.37025067,0.32839304,0.4425635,0.4180241,0.5098174,0.4705385,0.45740917,0.4540776,0.5249048,0.50666267,0.47511092,0.41212398,0.4508032,0.39513516,0.38888705,0.39254287,0.55453396,0.5597339,0.45816123,0.4873848,0.44723204,0.4487204,0.46809506,0.44488466,0.45055103,0.45629105,0.46099317,0.43524215,0.4258258,0.40754595,0.3988339,0.44826573,0.43806577,0.4402633,0.41325936,0.43253046,0.4199357,0.45609,0.46904588,0.4279611,0.46077126,0.4138164,0.40372384,0.47147214,0.42604986,0.43089026,0.34234852,0.39489084,0.3870806,0.43506545,0.4096628,0.45197323,0.4570625,0.45287764,0.3955744,0.39560038,0.36054707,0.37734014,0.37541053,0.37535334,0.4480781,0.40516987,0.3750378,0.48391643,0.57164735,0.3548755,0.44202933,0.36761144,0.535528,0.4395474,0.571248,0.41510653,0.44101644,0.36316457,0.39058,0.51227236,0.45762026,0.37784368,0.47114784,0.38880044,0.5468126,0.5187698,0.36402085,0.47333544,0.4266467,0.43497303,0.42190644,0.48517424,0.35596377,0.6054162,0.40764716,0.37254766,0.4736749,0.4863525,0.45772704,0.45031953,0.5015222,0.46750808,0.48840567,0.47981542,0.44101828,0.51762086,0.44760096,0.45270875,0.43852562,0.41440392,0.40057638,0.46652296,0.4587015,0.41225007,0.3763036,0.393789,0.46613717,0.5341722,0.5017433,0.42823762,0.35408607,0.472185,0.42177764,0.43633312,0.48389018,0.41169295,0.5444226,0.4452278,0.40331763,0.39576307,0.4233354,0.43250814,0.417796,0.51450855,0.46505252,0.49087143,0.5829924,0.53261817,0.5360304,0.4451895,0.44052503,0.41928118,0.4501885,0.44575107,0.45039776,0.48811638,0.45158425,0.42026243,0.39025626,0.3551448,0.50381625,0.44498914,0.43796837,0.3721932,0.46965325,0.4930335,0.46322155,0.49027178,0.44946823,0.5069091,0.39008063,0.39267653,0.45373362,0.4691292,0.4644032,0.47209102,0.39960015,0.4865592,0.4865837,0.3224391,0.4440484,0.47790095,0.41356146,0.38740122,0.40543917,0.42944032,0.41160843,0.32660675,0.3313113,0.33304343,0.42639834,0.38561887,0.2910352,0.33969954,0.3503392,0.3045869,0.38235578,0.43146276,0.46093178,0.46261352,0.42644846,0.42612195,0.45759422,0.44372317,0.4510322,0.38390326,0.45969075,0.41240272,0.3826362,0.39744297,0.48618123,0.4727553,0.48038566,0.48608556,0.46276227,0.46588066,0.46555,0.43697202,0.45891488,0.47600707,0.4694227,0.42996594,0.43077368,0.4417138,0.39460498,0.4468083,0.47270918,0.44753736,0.43766478,0.4833329,0.42250934,0.42219922,0.4412892,0.42819527,0.42573225,0.4208825,0.39737117,0.46690133,0.45320457,0.41848445,0.3503187,0.4023825,0.39438805,0.41791004,0.41382566,0.44672635,0.39396217,0.42741632,0.4208167,0.38534012,0.35633639,0.37041914,0.39019474,0.33294898,0.40789625,0.39143994,0.34848616,0.3983252,0.45675993,0.32394087,0.46436998,0.37749,0.4415306,0.4491284,0.5025268,0.4268519,0.4235542,0.3747981,0.39423233,0.5285701,0.4745085,0.38993132,0.49801207,0.3916458,0.5307026,0.44224977,0.3933658,0.48744002,0.45812842,0.42508394,0.41314763,0.48554587,0.34930623,0.52008617,0.33176124,0.42737696,0.45021048,0.46131617,0.46014535,0.43685716,0.46354535,0.46740863,0.43477938,0.47751418,0.4603453,0.46096927,0.41258812,0.41287282,0.47082326,0.46645463,0.4648551,0.47590715,0.4541133,0.44902483,0.43530434,0.43271765,0.4587337,0.46683756,0.45534727,0.4597582,0.474285,0.47521913,0.4599301
14,0.42857954,0.5236684,0.46892154,0.45164254,0.4491418,0.3993477,0.36734957,0.4592015,0.46389753,0.37541488,0.33621907,0.38004303,0.47926658,0.54304254,0.54220504,0.43202257,0.34266332,0.45631993,0.38873264,0.4419253,0.447577,0.41464245,0.53291976,0.46036857,0.36960542,0.3987078,0.47098783,0.41564256,0.4730223,0.5659145,0.5114064,0.4817391,0.5377897,0.58211654,0.5529637,0.47029254,0.4477568,0.42158037,0.490703,0.43132797,0.4473763,0.47955072,0.40436396,0.4150877,0.40498108,0.33362213,0.49346206,0.41489646,0.4090465,0.35609198,0.47903314,0.48599613,0.45788875,0.48240688,0.4431175,0.4570137,0.3866912,0.37909418,0.44983414,0.42324176,0.46802413,0.44847748,0.41610703,0.50743586,0.50402147,0.41654426,0.4513896,0.4984504,0.39202854,0.4257734,0.48568693,0.4547944,0.46371377,0.35421258,0.31772557,0.32972664,0.44909877,0.33395356,0.32772836,0.3334728,0.3400552,0.30336875,0.4084338,0.39979202,0.47490296,0.44661012,0.44161642,0.4466254,0.50825524,0.5006013,0.46373242,0.39610904,0.44370505,0.38662714,0.3743614,0.37706652,0.5206908,0.5292766,0.4387673,0.48272496,0.45479414,0.44633922,0.46689576,0.44244027,0.4399903,0.45033994,0.46327943,0.40417576,0.40873408,0.40402952,0.36692774,0.4380167,0.41411605,0.41111115,0.39820307,0.42466533,0.4076054,0.45233184,0.46326295,0.4212294,0.4647036,0.40944868,0.40894634,0.47241414,0.43609488,0.43041378,0.3336505,0.3955292,0.39078876,0.41786125,0.40906885,0.44093424,0.42174086,0.44212404,0.3904361,0.39258277,0.34428576,0.38370752,0.37189803,0.37163508,0.4568258,0.41253,0.36574703,0.4530757,0.53862053,0.33928886,0.41493192,0.34281233,0.49606675,0.42157573,0.5365354,0.43289188,0.45249864,0.37021166,0.37528464,0.54338145,0.47580317,0.389713,0.49524498,0.40510064,0.53762656,0.49078977,0.3693051,0.46679112,0.39792883,0.43144122,0.4147096,0.48663867,0.3226109,0.57780874,0.37799487,0.37620533,0.4768423,0.48662442,0.4636791,0.44034827,0.46992275,0.46603462,0.45711303,0.46507365,0.4391562,0.5376181,0.46180442,0.46292895,0.44503364,0.42216018,0.4107082,0.47378024,0.46611094,0.4003112,0.36206406,0.38960353,0.48196137,0.5230682,0.4882688,0.44272947,0.3533971,0.4897064,0.4278682,0.45571804,0.5100881,0.40618896,0.57299954,0.44107983,0.39199182,0.39468187,0.4268128,0.4441895,0.40711397,0.51065564,0.45305476,0.47924167,0.57123286,0.51352125,0.5266673,0.4582907,0.4361656,0.40924862,0.46256775,0.448223,0.44896194,0.49580395,0.43201348,0.40437037,0.39124095,0.34932116,0.5194516,0.4457243,0.44469965,0.3631099,0.47910434,0.503746,0.47102842,0.5029155,0.4482961,0.4999093,0.3816749,0.3838412,0.44585165,0.45305526,0.45456564,0.44450304,0.37192672,0.46924335,0.47445503,0.3026585,0.43435213,0.4536939,0.4074215,0.37494773,0.39019105,0.42321727,0.38938537,0.31707513,0.33575857,0.33012938,0.41590312,0.3664082,0.27493474,0.3165226,0.3290506,0.29192615,0.3561001,0.41331947,0.44144633,0.44189483,0.42169875,0.417964,0.44732332,0.4403014,0.4428048,0.37768957,0.45578313,0.41123828,0.3640737,0.38923836,0.46355775,0.451828,0.46242017,0.4844475,0.4749089,0.46467677,0.46750367,0.4406965,0.45293146,0.47677055,0.47052446,0.40756154,0.41414425,0.43441296,0.36723545,0.4337715,0.45390758,0.42506278,0.42783818,0.4843409,0.4225421,0.42201006,0.43524295,0.4232315,0.43285257,0.42425257,0.40165597,0.47261766,0.46036738,0.4137173,0.3468971,0.41116855,0.40142572,0.40763095,0.41616273,0.44102785,0.3700105,0.4188656,0.42131105,0.38773012,0.34485024,0.37551057,0.39019075,0.32375365,0.4173117,0.39742503,0.3465135,0.37542167,0.42965075,0.30312696,0.44814554,0.36266544,0.41222563,0.43216848,0.47679928,0.44298857,0.44057444,0.3816686,0.38411894,0.55717343,0.49576455,0.39886963,0.5233099,0.39820027,0.5248295,0.41908768,0.40250167,0.4859898,0.44630188,0.423199,0.40936646,0.4881609,0.3311134,0.5010075,0.31550732,0.4292485,0.4495587,0.46365052,0.4652246,0.4370284,0.44228998,0.46884722,0.4109191,0.46513265,0.46338502,0.4630351,0.41001907,0.413731,0.46333507,0.46046653,0.45840967,0.46849495,0.4509692,0.44830012,0.42928103,0.4272477,0.45639214,0.4650965,0.45037562,0.45567507,0.46830484,0.47253332,0.45587772
15,0.42864612,0.5275367,0.47793773,0.45647433,0.45636007,0.40821725,0.37544855,0.4640492,0.47211295,0.36678648,0.3245624,0.38066486,0.48604095,0.52262014,0.5140589,0.4324718,0.34188652,0.46755895,0.391411,0.4534873,0.46584877,0.4191688,0.5423809,0.45406237,0.36943564,0.39664978,0.4573155,0.41402686,0.4399093,0.5349078,0.48654127,0.46435034,0.50792843,0.5523225,0.52748936,0.48055828,0.4428037,0.41179138,0.49730027,0.4343365,0.44299692,0.48277414,0.3928218,0.3972549,0.39653683,0.31793776,0.49700797,0.40883547,0.4044503,0.34054112,0.48658034,0.49227718,0.46256933,0.49381247,0.4439809,0.44137308,0.38339373,0.36896414,0.4405153,0.40943947,0.45103768,0.4256287,0.3926834,0.47492468,0.48042265,0.4086796,0.44081184,0.46217066,0.3878881,0.415325,0.46821734,0.4314327,0.43822402,0.35804152,0.3268804,0.333887,0.4380066,0.32013884,0.3272236,0.3205424,0.3338621,0.29890764,0.38484952,0.38546535,0.44646063,0.42753348,0.42684782,0.44066536,0.49087167,0.49128863,0.45430985,0.3916222,0.44087356,0.3844688,0.36157364,0.36249104,0.4822355,0.48607457,0.4297595,0.48235816,0.4675391,0.4454858,0.46319357,0.43985987,0.43348172,0.44318637,0.46586037,0.3846681,0.39680403,0.4040326,0.35285944,0.4298811,0.4016217,0.38946953,0.39208084,0.41373876,0.39156938,0.44736737,0.45557827,0.41815636,0.46205273,0.40996552,0.41808754,0.47079974,0.44793847,0.4255377,0.32958996,0.39969552,0.40440574,0.41261044,0.41353586,0.43213847,0.3983858,0.4371975,0.39196253,0.39117,0.33319584,0.38727474,0.37906206,0.37170234,0.45773524,0.4139054,0.35471308,0.42658317,0.5040407,0.32528043,0.3959755,0.32977545,0.46222004,0.40838403,0.4958445,0.44479045,0.45792615,0.37930846,0.35983187,0.5568226,0.47945902,0.39573154,0.5055066,0.41774997,0.5166783,0.45741028,0.37618917,0.45901924,0.38353148,0.42855722,0.40809324,0.48772815,0.31217209,0.54161584,0.36968336,0.3878242,0.47969693,0.48138702,0.4692445,0.42647004,0.44898877,0.46212766,0.43045336,0.44987845,0.43761104,0.5422976,0.4694868,0.4679458,0.45195234,0.42857307,0.41848543,0.48036855,0.4743147,0.3938998,0.3508747,0.395676,0.48849374,0.50778276,0.47396842,0.4485361,0.34973714,0.50013405,0.4268158,0.46459302,0.52359337,0.40721142,0.58343226,0.44048047,0.3898164,0.40114346,0.42160347,0.44930923,0.3934639,0.4952552,0.43591008,0.47137806,0.5454822,0.4996575,0.51203686,0.4701618,0.43215588,0.40038195,0.4745596,0.45257124,0.44846645,0.4985545,0.41974244,0.39066002,0.3863548,0.33721977,0.5238228,0.4375641,0.43895024,0.34991267,0.48971915,0.5114759,0.47773913,0.5138344,0.44891006,0.48857704,0.37877968,0.38241822,0.43985838,0.43839172,0.4445226,0.42901853,0.366651,0.44891995,0.4636363,0.3085626,0.43058363,0.4392784,0.40724972,0.37887844,0.38679275,0.42454267,0.39107928,0.32685947,0.35077494,0.3441655,0.42322588,0.35766146,0.28447425,0.31605667,0.33415732,0.2990676,0.34992132,0.395127,0.43789357,0.42674977,0.42241788,0.41600758,0.44073027,0.44269508,0.4413414,0.38215932,0.45526236,0.41489896,0.35729077,0.37913236,0.44974092,0.4342256,0.44972947,0.48645267,0.49024776,0.46375582,0.4683653,0.44454807,0.44915888,0.47520396,0.4706308,0.39094603,0.40365353,0.43071148,0.3603563,0.4260666,0.43704307,0.408307,0.42108366,0.47734472,0.412969,0.42312068,0.43367565,0.4248158,0.4352342,0.42953804,0.4112978,0.47391006,0.46771938,0.40823942,0.34699345,0.42026335,0.4136511,0.408895,0.4210691,0.4382597,0.36747134,0.41912904,0.42246258,0.39405757,0.33806807,0.37732318,0.3957658,0.31873614,0.42085102,0.39949092,0.3433695,0.3659773,0.41842175,0.29112506,0.43298513,0.35082594,0.40250492,0.4218795,0.45826167,0.4515647,0.45117003,0.3869899,0.37451917,0.56953543,0.5009208,0.40253794,0.5312146,0.4041627,0.5085494,0.39908177,0.40993935,0.4796224,0.43713346,0.42657745,0.40803358,0.4889117,0.33561248,0.4869519,0.3289628,0.43394336,0.45167294,0.46449012,0.46784517,0.43333858,0.43508485,0.4680375,0.39816588,0.44943717,0.46525654,0.46397218,0.41565487,0.42033714,0.45626628,0.4557205,0.45342052,0.46054253,0.44839483,0.44823736,0.42642683,0.42714506,0.45529154,0.46219093,0.44673017,0.4534665,0.45978066,0.46771517,0.45153058
16,0.42680985,0.51722914,0.47793907,0.453132,0.45589843,0.41209632,0.37705636,0.4695685,0.4808484,0.36171603,0.319837,0.39372754,0.48159397,0.4943124,0.47917706,0.4213465,0.33314168,0.47067347,0.3892969,0.453223,0.47442976,0.42307493,0.53872406,0.45094165,0.38099793,0.40534106,0.43516898,0.41021958,0.39788675,0.4932598,0.4528465,0.44814053,0.4795013,0.52253765,0.49709103,0.4897453,0.43618867,0.4008715,0.49713957,0.4403855,0.44277957,0.47958592,0.3944507,0.38156927,0.37871593,0.29633194,0.49401024,0.396153,0.3879902,0.32122222,0.49255934,0.49643338,0.46847975,0.5046442,0.4498827,0.43517032,0.38482064,0.3655808,0.4317745,0.40463632,0.4338124,0.41095787,0.39051634,0.43785957,0.45961636,0.4073453,0.43695256,0.42851132,0.38820335,0.4130137,0.45092624,0.41876173,0.4342115,0.3780921,0.35032314,0.34863538,0.4387483,0.31897366,0.35166898,0.32234398,0.3493118,0.3125711,0.37438136,0.37531003,0.43034896,0.41505465,0.41479716,0.43607056,0.47578546,0.48051313,0.4482045,0.39818582,0.44253516,0.38537398,0.3475119,0.34941363,0.44850558,0.43906403,0.43377924,0.48839033,0.48468927,0.44705442,0.46011576,0.43876424,0.43244684,0.4364197,0.47059342,0.37708113,0.38991615,0.40519938,0.3537809,0.42269227,0.40211466,0.37760824,0.39497378,0.40114707,0.37277234,0.44203138,0.44686067,0.41782767,0.45131952,0.4142728,0.42821524,0.46894583,0.45973647,0.41397193,0.326222,0.4037212,0.42345518,0.41923764,0.42070493,0.42624447,0.39056093,0.43949562,0.39725232,0.38948327,0.3255056,0.3840991,0.39274666,0.37178355,0.4477044,0.4046021,0.33839747,0.40715453,0.4747184,0.3089331,0.3863367,0.32694536,0.44103152,0.40017587,0.4584479,0.4459933,0.45379016,0.38504,0.34281692,0.5517677,0.46794653,0.38996336,0.49921018,0.4207979,0.4853276,0.42406216,0.37897107,0.45200184,0.38428578,0.4267376,0.40232763,0.49000183,0.32112086,0.50408286,0.38378912,0.40349936,0.48583817,0.47451767,0.4753367,0.40796292,0.44357225,0.4565907,0.4110942,0.4346023,0.43350115,0.53285825,0.46740848,0.4643358,0.45481077,0.4283784,0.4181897,0.48704284,0.48412076,0.39098835,0.34169346,0.4083965,0.48360637,0.48926735,0.457987,0.44367826,0.33958104,0.5002101,0.414875,0.45848677,0.52101743,0.41038382,0.5760476,0.44588056,0.3947584,0.41064858,0.40468615,0.4444646,0.37442103,0.46878287,0.41382036,0.4668362,0.50899804,0.49341974,0.49280423,0.4795286,0.42874858,0.3908968,0.48523158,0.45926926,0.4494155,0.49706033,0.41571158,0.37845182,0.37200692,0.31704196,0.5176742,0.41999087,0.4201106,0.3310613,0.5016768,0.5158907,0.48416242,0.524199,0.4521137,0.47620293,0.38077676,0.38574123,0.43682885,0.4276876,0.43389785,0.4252696,0.38145447,0.42607224,0.4544344,0.33627066,0.4309554,0.43565148,0.4094839,0.39586794,0.39159885,0.4305384,0.4150981,0.34982565,0.3697842,0.37149665,0.4468961,0.35774812,0.31450856,0.33442575,0.36209428,0.32107306,0.36052465,0.37671137,0.44919333,0.41683066,0.4255848,0.41841853,0.43771288,0.44955614,0.44488928,0.3938077,0.4580523,0.41960883,0.35846394,0.3664954,0.44614568,0.42092505,0.445342,0.49406493,0.5084418,0.46514872,0.4721517,0.44965765,0.44822705,0.47291574,0.47350463,0.38011682,0.39838383,0.43028265,0.37078765,0.42195496,0.42539883,0.3991562,0.41841304,0.46405905,0.39403927,0.4239093,0.43545336,0.43151462,0.43006513,0.43481737,0.42378438,0.47399777,0.47572473,0.3999559,0.34601593,0.4263492,0.42650682,0.41942447,0.4262024,0.43850684,0.38472173,0.42630827,0.42224228,0.3997798,0.33372107,0.37250763,0.40329283,0.31349006,0.41451362,0.39292917,0.33381832,0.3670775,0.42214096,0.28283867,0.42053932,0.34032786,0.410896,0.4175567,0.44882542,0.44909376,0.4511164,0.38604796,0.36334425,0.5639426,0.48896664,0.39590672,0.5194326,0.4050518,0.4819364,0.38189074,0.4111123,0.4691808,0.4310868,0.4338738,0.40854913,0.48999417,0.35801265,0.47870618,0.36909384,0.43966797,0.46052498,0.4675579,0.47016877,0.42280182,0.44285807,0.4669651,0.3947384,0.42984036,0.46536422,0.46368515,0.42807937,0.4308453,0.4506425,0.45289147,0.44983068,0.45281813,0.44659898,0.4484837,0.42610663,0.43105212,0.45623472,0.45897806,0.4456206,0.45368084,0.44994032,0.4613448,0.44726172
17,0.41980582,0.49341154,0.4678128,0.43903792,0.44420335,0.40467405,0.3661435,0.47585025,0.48967656,0.35696727,0.31738862,0.41367295,0.46613717,0.4630234,0.4428483,0.39817664,0.31353283,0.46199012,0.37712416,0.43725687,0.46710944,0.41961998,0.5224605,0.45380586,0.39905083,0.42104766,0.40719593,0.40239376,0.35302183,0.45001674,0.41689616,0.4346238,0.45800135,0.4993849,0.4681981,0.49745053,0.42927998,0.38847637,0.49186224,0.4492064,0.44825193,0.47197786,0.40629756,0.3690433,0.35177043,0.26866928,0.48646894,0.37532964,0.36108676,0.29654863,0.4966377,0.49871886,0.47530228,0.51540107,0.46106422,0.43848833,0.3884408,0.36612523,0.4240926,0.40718102,0.41875663,0.4042502,0.40727243,0.4026447,0.4457875,0.4111994,0.43974468,0.4033669,0.38992834,0.41713578,0.43572518,0.41736296,0.45066985,0.40789026,0.3808307,0.3681729,0.4501485,0.32599118,0.39387435,0.333651,0.3792336,0.33770877,0.37502736,0.36889017,0.4278265,0.40863326,0.40627047,0.43243387,0.464337,0.4703199,0.44528824,0.4120483,0.44754556,0.38672185,0.32817674,0.33809114,0.42659727,0.39806038,0.44954833,0.49992573,0.5038449,0.45011717,0.45975727,0.43972188,0.43649492,0.4310208,0.47737777,0.37883595,0.3869767,0.4047571,0.364122,0.41617945,0.4144205,0.37492755,0.40418035,0.38789278,0.35145652,0.43671682,0.4385476,0.41830632,0.4335782,0.4199311,0.43549258,0.46813747,0.46854225,0.3956013,0.32027224,0.40389106,0.4412479,0.4344107,0.42736486,0.4225099,0.3964887,0.44762877,0.40199074,0.38471955,0.31834325,0.37037778,0.40627277,0.36772788,0.42619133,0.38374832,0.31542617,0.3940119,0.454414,0.28681678,0.38398173,0.33065787,0.43483856,0.39582738,0.43177378,0.43461448,0.43974742,0.38294396,0.32374644,0.5292055,0.44262445,0.3692887,0.4770242,0.41199803,0.4487696,0.39536232,0.3724528,0.44791067,0.39685634,0.42627367,0.39745918,0.49357754,0.34299695,0.4723969,0.41523787,0.41769943,0.4968831,0.46968994,0.48206866,0.3861788,0.45331684,0.45076662,0.39945456,0.42005506,0.42459774,0.51104945,0.45494998,0.4503586,0.4488164,0.41626257,0.40516233,0.49388716,0.49478403,0.3880419,0.33243796,0.42295223,0.4669711,0.46977776,0.43971604,0.42749375,0.31977788,0.4876764,0.38903928,0.4347348,0.50037634,0.40818244,0.5531458,0.45781988,0.40324396,0.41942534,0.37737492,0.4288072,0.34899294,0.43504196,0.38929984,0.46465364,0.4690345,0.4944793,0.47152168,0.4848875,0.426473,0.37944254,0.4939559,0.46811837,0.45202932,0.49368602,0.41871983,0.3673147,0.34818465,0.28909913,0.5037476,0.39323634,0.39113683,0.30535465,0.5132071,0.5163192,0.49008784,0.5344221,0.4584597,0.4651598,0.38560572,0.38898206,0.4363259,0.4219468,0.42319757,0.4298408,0.4091326,0.402731,0.4467671,0.37678596,0.43234017,0.4400068,0.4108002,0.4191355,0.39887136,0.4368267,0.45342454,0.37765318,0.38576287,0.40518725,0.4801713,0.3620436,0.35426787,0.36197948,0.403182,0.3484473,0.3805862,0.35785466,0.46874782,0.41005227,0.42764625,0.42241532,0.4369732,0.45806047,0.45040193,0.40634835,0.46311328,0.4230594,0.35979638,0.35130274,0.45048067,0.41159245,0.44917428,0.50632787,0.5270456,0.46879047,0.48137367,0.45627674,0.44897425,0.47109428,0.481476,0.37359503,0.3961687,0.43176603,0.39162722,0.4198679,0.42052165,0.39696077,0.418341,0.4464869,0.3669662,0.42305282,0.43869916,0.4405538,0.4170041,0.43791178,0.43496326,0.475957,0.48384994,0.387872,0.34023732,0.4267508,0.43517488,0.43448067,0.4291159,0.44034493,0.41393209,0.43590364,0.41829804,0.39907965,0.3274047,0.3574774,0.4078304,0.3037126,0.39696485,0.3764743,0.31499174,0.37199277,0.4345304,0.27199224,0.4104235,0.32875472,0.43024507,0.41700807,0.44705743,0.43560168,0.4395256,0.37532595,0.3495627,0.5405252,0.46088517,0.37626642,0.48981157,0.39824882,0.4490977,0.36665177,0.40206715,0.45662895,0.42724836,0.44310918,0.409896,0.4921183,0.389445,0.47470838,0.42559272,0.44453162,0.47803277,0.47543535,0.4737138,0.40565908,0.46169803,0.46711946,0.3968203,0.4073264,0.46324012,0.46244612,0.44399163,0.44189698,0.44678718,0.45211476,0.44709054,0.44592732,0.4456098,0.44878867,0.4267805,0.4365094,0.45946264,0.45656115,0.4477408,0.4562692,0.44015482,0.45423764,0.44325724
18,0.4070151,0.45689777,0.4496519,0.41506246,0.42091578,0.3829468,0.34148774,0.48240876,0.49713558,0.35035095,0.31234044,0.4343592,0.44222534,0.43506926,0.41131535,0.3644664,0.28371602,0.44007,0.3527105,0.4043547,0.44088075,0.4032026,0.49494132,0.46275362,0.41802433,0.43889767,0.37894437,0.3905739,0.31210098,0.41390413,0.38627765,0.42474222,0.4463301,0.48695588,0.44700325,0.5032808,0.42398596,0.37573552,0.48412174,0.46016625,0.45896268,0.46281776,0.42363873,0.36072767,0.319977,0.23777457,0.47622824,0.34644362,0.32803166,0.2671736,0.4976455,0.49913272,0.48191866,0.5252782,0.476792,0.44854912,0.39148334,0.36755374,0.4177134,0.41451266,0.40898526,0.404465,0.43606117,0.37557685,0.44157884,0.41869304,0.44633234,0.38941994,0.39108363,0.42398006,0.42397058,0.42538002,0.4803804,0.4392509,0.410097,0.38639054,0.4667531,0.33612153,0.4417809,0.34757608,0.41362485,0.366121,0.3822814,0.3662126,0.436168,0.40683746,0.4011741,0.42918536,0.45602652,0.4618353,0.44504675,0.42798167,0.4539965,0.38758954,0.30178055,0.3285562,0.41880447,0.37005892,0.4732289,0.5139618,0.52224493,0.4530304,0.46251813,0.44232398,0.44423336,0.42724138,0.4843371,0.38649592,0.38695884,0.40098247,0.3784593,0.41166982,0.43582386,0.37944928,0.41602325,0.37417218,0.32751718,0.43106228,0.4319471,0.41756812,0.4122863,0.42425898,0.43693125,0.46823433,0.47149867,0.37289232,0.31130514,0.39804193,0.4518721,0.45244876,0.43069047,0.419013,0.41064796,0.4580326,0.40270758,0.37488994,0.30975932,0.34479287,0.41377792,0.35786784,0.39597088,0.3555364,0.28831792,0.3848006,0.44366586,0.25909135,0.38539994,0.33724084,0.44109333,0.39318815,0.4183665,0.41281447,0.4189852,0.37161922,0.3039633,0.49145293,0.4060836,0.33546168,0.4424796,0.39385822,0.41422856,0.37441224,0.35476983,0.44841352,0.41558757,0.42718604,0.39371386,0.49762535,0.37039924,0.45165172,0.45397818,0.4257855,0.5118517,0.4687091,0.48857358,0.36392185,0.47266433,0.44620776,0.39496297,0.408212,0.41104418,0.47853443,0.4348705,0.42729205,0.43177325,0.3902203,0.378619,0.5004332,0.5045155,0.38203484,0.3211674,0.43553042,0.4404018,0.4529958,0.42071122,0.40103492,0.29018408,0.46234795,0.34967032,0.39448544,0.46246478,0.394273,0.51842296,0.47478357,0.41230106,0.42551786,0.34546986,0.40493205,0.31941816,0.40010998,0.36680925,0.46397272,0.43421364,0.5005427,0.45203525,0.48575962,0.42629614,0.3667589,0.50047976,0.47851312,0.45615497,0.4908275,0.42612222,0.35762164,0.31915358,0.256645,0.48487988,0.35893682,0.35674396,0.27375793,0.52154607,0.51206565,0.49446294,0.5432033,0.46779457,0.4558603,0.39067098,0.38799554,0.4370499,0.42058405,0.41418308,0.43869564,0.43983316,0.38279438,0.44086695,0.4180961,0.43158004,0.44753283,0.40953597,0.4406786,0.40340537,0.44014013,0.49389347,0.4029229,0.39387804,0.43608892,0.5131305,0.36546275,0.38987675,0.38697416,0.444098,0.3709679,0.40210983,0.3395862,0.48786238,0.40461212,0.4261524,0.42581487,0.43684947,0.46549535,0.45510113,0.41424176,0.46897137,0.4251422,0.35392615,0.334405,0.45825246,0.405359,0.45910093,0.52020407,0.54263836,0.47318506,0.4957953,0.4639286,0.44966638,0.47015104,0.49409065,0.3699593,0.39519632,0.43364224,0.4150125,0.41968682,0.42206213,0.4000731,0.41830498,0.42618424,0.33387005,0.4198626,0.44192818,0.44915944,0.39866877,0.43723825,0.440937,0.48127544,0.49058482,0.37308648,0.32893392,0.4206952,0.4364722,0.44834027,0.42798448,0.44120094,0.44399336,0.4428117,0.40933526,0.38808802,0.31547004,0.33075106,0.40564683,0.28809804,0.3706925,0.35342753,0.28888637,0.3742553,0.447638,0.25526863,0.40120572,0.31506175,0.45109093,0.41733846,0.4494673,0.41477817,0.4193678,0.35454977,0.33406314,0.50161916,0.4195091,0.3452239,0.44809642,0.3846666,0.41698748,0.35364836,0.38150492,0.444399,0.424255,0.45277515,0.41149998,0.49474353,0.41975176,0.47276405,0.48245928,0.4472944,0.503058,0.48839262,0.47855392,0.38552183,0.4839142,0.46866056,0.40110752,0.38514397,0.45928958,0.46105465,0.45953423,0.45016912,0.44436938,0.4530241,0.4447346,0.44044915,0.44527987,0.44912213,0.42681855,0.44122747,0.46463853,0.45569605,0.45317113,0.4608599,0.43164068,0.44731292,0.43961802
19,0.39099294,0.4106291,0.42820054,0.3858265,0.38995707,0.34994823,0.30802405,0.48863888,0.50151306,0.34171164,0.3018875,0.4506167,0.41397798,0.41679916,0.39043352,0.3242211,0.24848138,0.4076158,0.31887358,0.35860264,0.3990655,0.37323913,0.45905614,0.47530875,0.4334797,0.4538949,0.35695556,0.3772046,0.28113016,0.39067572,0.36790374,0.41893423,0.44465962,0.48551917,0.43727258,0.50737464,0.4218638,0.36531103,0.47630066,0.4724587,0.47264013,0.45406124,0.44102678,0.35745478,0.29013675,0.20877168,0.46398062,0.31255066,0.29445907,0.23631367,0.4944624,0.49744985,0.48707488,0.5324075,0.49511635,0.46060914,0.39215595,0.36787036,0.41280723,0.4240769,0.4072079,0.41019502,0.46637216,0.3613284,0.44776478,0.42837653,0.45165431,0.38651,0.39118132,0.42880538,0.4164866,0.43874615,0.51146924,0.46418,0.43088132,0.39871985,0.4804457,0.34487632,0.48112985,0.35747376,0.44220725,0.39038628,0.39051625,0.36790782,0.44957715,0.40836534,0.3988588,0.42607418,0.44917727,0.4550631,0.44698277,0.44108075,0.45979184,0.3886565,0.27060694,0.32069796,0.4224465,0.3580136,0.49949893,0.5266726,0.5377551,0.45445025,0.4671535,0.4457116,0.4536365,0.4248796,0.48882315,0.3968599,0.3894258,0.39420873,0.39275318,0.41156656,0.4624396,0.38880587,0.4273132,0.3597249,0.30122662,0.4245205,0.42814487,0.41470057,0.39232022,0.4252778,0.4314618,0.46821105,0.4669415,0.35080725,0.30258107,0.38660383,0.45228687,0.46645135,0.4291222,0.41344413,0.4253451,0.46612492,0.39848682,0.36025053,0.29977456,0.31064957,0.41259357,0.34413335,0.36334,0.32799053,0.26303115,0.37656346,0.44004482,0.23003346,0.38683254,0.34378412,0.45324206,0.38982314,0.41621515,0.38589838,0.39717683,0.35356742,0.28740957,0.4432066,0.36280572,0.29561812,0.40178397,0.37276506,0.38870382,0.3629704,0.32903686,0.45419204,0.43444702,0.42946976,0.39163366,0.5007846,0.39629203,0.44355762,0.48692355,0.4256379,0.5276478,0.4711637,0.4932238,0.3448021,0.49196643,0.4442104,0.39684415,0.40159824,0.39561084,0.43803972,0.41248634,0.3995509,0.40583995,0.35407197,0.3433155,0.50610423,0.51140606,0.37204468,0.30740255,0.44441223,0.40783644,0.4431774,0.40494144,0.36754605,0.25505388,0.4275677,0.3024383,0.34468028,0.41308695,0.3676554,0.47708097,0.49338883,0.42065966,0.4290811,0.31739065,0.37931192,0.29097134,0.3708148,0.35209048,0.4642408,0.41182107,0.50821084,0.43831402,0.4833172,0.42906705,0.35565293,0.504513,0.4897636,0.4612297,0.48913863,0.43471733,0.3503771,0.2918588,0.22514674,0.46303916,0.32090715,0.32191452,0.24007474,0.5243662,0.50303936,0.49616605,0.5481543,0.4789466,0.44721377,0.39390895,0.3814991,0.43790144,0.42203698,0.40937868,0.44811836,0.46367085,0.37139362,0.43784237,0.4494375,0.42679977,0.45309436,0.40609473,0.45379415,0.40249333,0.4398439,0.5237821,0.42146033,0.39343616,0.45574272,0.53554237,0.36447427,0.41049242,0.40061688,0.47262055,0.38228312,0.4181632,0.32422915,0.4981199,0.39981338,0.42030767,0.4278587,0.4363209,0.47050658,0.45681635,0.41557413,0.4740132,0.42727888,0.33775055,0.31753385,0.4638592,0.4009439,0.47178647,0.53206646,0.55230427,0.47633943,0.51240575,0.47186083,0.44894332,0.46989086,0.50789917,0.36860055,0.39492425,0.43497393,0.43399093,0.42238364,0.42818502,0.40699965,0.416412,0.40453035,0.29815045,0.4147238,0.44460216,0.45558894,0.38015243,0.43255588,0.43956107,0.48948443,0.49386656,0.35929686,0.31575543,0.4103464,0.43013182,0.4558881,0.42235488,0.4387197,0.46416622,0.44321612,0.39636794,0.367726,0.2972548,0.2953156,0.39619043,0.2693602,0.34202385,0.33064762,0.26234484,0.36986488,0.45459944,0.23445378,0.39131296,0.30042246,0.46437338,0.41609627,0.45221588,0.39221618,0.39642993,0.32772145,0.32064378,0.45273137,0.3702433,0.30917144,0.40318757,0.36888018,0.3929984,0.34492204,0.35263616,0.43525344,0.42155766,0.46247172,0.4136671,0.49680793,0.44087055,0.4707254,0.5239215,0.44783482,0.5313887,0.50406706,0.4835367,0.36859995,0.49997061,0.47055903,0.40589446,0.36788958,0.4551605,0.4606489,0.47158676,0.45389363,0.44258466,0.45474258,0.4425701,0.436768,0.4453213,0.44966853,0.42546406,0.4440265,0.47096235,0.4564499,0.46128663,0.46685523,0.42527083,0.44139832,0.43645748
20,0.37588543,0.36076364,0.40868127,0.35782182,0.3580882,0.3137382,0.27456683,0.49356726,0.5011839,0.33263585,0.2868274,0.45940843,0.38590595,0.412578,0.38400108,0.2838915,0.21533355,0.37110206,0.28266272,0.30934006,0.35091653,0.33529884,0.4190874,0.48728272,0.44310984,0.4625166,0.3464444,0.36625117,0.26421338,0.38284156,0.36642063,0.41755554,0.45143682,0.49198622,0.44016957,0.50980854,0.4233539,0.36028922,0.46964502,0.48462144,0.48572373,0.44615754,0.45325294,0.35934484,0.268962,0.18721612,0.4493793,0.27962825,0.26620463,0.2086554,0.48643857,0.49307784,0.48938665,0.53429335,0.5126009,0.46911713,0.39023155,0.3664998,0.40937382,0.43347847,0.41461027,0.41980183,0.4872529,0.36213878,0.46303645,0.43887877,0.45130703,0.3926303,0.39148664,0.42812073,0.41379452,0.45227176,0.53149426,0.4775006,0.43978745,0.40422642,0.48388755,0.34922484,0.50110763,0.35878608,0.4582725,0.40560383,0.39432892,0.3744025,0.46084452,0.41213572,0.3990621,0.42373452,0.44220167,0.44970614,0.45001715,0.44833684,0.4632697,0.39167374,0.24032518,0.31455764,0.43134186,0.36111677,0.52214074,0.53392047,0.54831696,0.45333737,0.4713853,0.4487195,0.46184322,0.4231943,0.4886026,0.40710655,0.39410704,0.38666752,0.40442285,0.41786486,0.48886588,0.40041447,0.43560764,0.3445117,0.27421498,0.4172835,0.42805025,0.41047484,0.37800464,0.42241043,0.4205871,0.46672618,0.45520714,0.33530495,0.29965717,0.37309507,0.4433759,0.47133207,0.42320475,0.40475598,0.4333549,0.46810707,0.39139605,0.34337512,0.2904501,0.27536517,0.4038282,0.33066428,0.33600667,0.3093668,0.2464165,0.36661005,0.43900374,0.20580456,0.38494185,0.3484925,0.46333292,0.38492942,0.42116636,0.36004636,0.38000348,0.33416325,0.2796173,0.39153275,0.31931376,0.25959164,0.36236814,0.35618106,0.37731504,0.36137757,0.30215743,0.46466404,0.44884866,0.43336606,0.391814,0.5009164,0.41550052,0.44597185,0.5027433,0.41837096,0.5401568,0.47474155,0.49420324,0.3330123,0.5012426,0.44528168,0.4038432,0.4018575,0.38221714,0.39407736,0.39334986,0.37296945,0.37662014,0.3163022,0.30768526,0.50995475,0.5136043,0.3595344,0.2928838,0.4500134,0.374481,0.4431891,0.39664373,0.33242676,0.22185113,0.38976377,0.2569782,0.29626063,0.3621313,0.333444,0.43453997,0.50908893,0.42852306,0.43217757,0.30083814,0.36024588,0.26970068,0.35277194,0.35034278,0.46524307,0.40606388,0.5134504,0.4331626,0.47939867,0.43480375,0.3495402,0.50529,0.5005994,0.46606287,0.48719743,0.44157642,0.3466637,0.27318242,0.20044479,0.4394768,0.28502423,0.29167184,0.20994328,0.52020997,0.48963243,0.49414212,0.5466334,0.4895228,0.43764502,0.39455923,0.3712604,0.43846852,0.42435792,0.41086867,0.454787,0.47351068,0.37264642,0.43898535,0.46480623,0.41837734,0.45240527,0.4027068,0.45555535,0.39691463,0.43755764,0.5341259,0.43291983,0.38844758,0.4602903,0.5399342,0.35805124,0.4129681,0.40006864,0.48206905,0.3819571,0.42368248,0.31434762,0.4929614,0.39578658,0.4112701,0.4292837,0.43582383,0.47324657,0.4537438,0.4122609,0.4767711,0.43136275,0.31369352,0.30313683,0.46175557,0.39667493,0.48305297,0.53847694,0.55378187,0.47611246,0.5265708,0.4789794,0.44579706,0.469352,0.5179957,0.36945608,0.39574766,0.43561822,0.44381478,0.42860147,0.43588695,0.41634768,0.4119497,0.38304818,0.2644831,0.40919417,0.4468902,0.45916206,0.36690482,0.42516986,0.43148363,0.49872532,0.492156,0.3516213,0.3074761,0.40058106,0.41921157,0.4548411,0.4138349,0.43230113,0.46751162,0.4359991,0.38271168,0.34350276,0.27568108,0.25853866,0.38237226,0.2527774,0.31867397,0.3156439,0.24390288,0.35784188,0.45090112,0.2152156,0.37956718,0.2876392,0.46387357,0.4126766,0.4524385,0.37318748,0.37677854,0.30176064,0.31514966,0.40149486,0.32070413,0.27705306,0.36405584,0.35709634,0.382627,0.34305966,0.32247305,0.43174505,0.41960236,0.4726726,0.41709134,0.49670708,0.44926983,0.4664968,0.54060704,0.44721487,0.5570455,0.5181456,0.48718044,0.36163902,0.5018168,0.47154436,0.41060647,0.359522,0.45293814,0.4620059,0.47866228,0.45350182,0.44063804,0.456156,0.4406344,0.43494993,0.44540697,0.45057446,0.42322415,0.4449589,0.4771862,0.45826906,0.47058162,0.47323215,0.421431,0.4369611,0.43392137
21,0.36569947,0.3152787,0.3946753,0.33717874,0.33251595,0.2838609,0.2500441,0.49514303,0.49435306,0.32573292,0.27184546,0.46058804,0.36216104,0.42304456,0.392337,0.2510629,0.19166726,0.33836702,0.25271595,0.26752126,0.3077298,0.2991158,0.37997094,0.4935705,0.44720697,0.4642152,0.34988213,0.36139405,0.26337257,0.3902428,0.38315526,0.4208962,0.4643994,0.5018089,0.45465824,0.50939614,0.4272374,0.36253405,0.4640224,0.4939014,0.4937204,0.43838236,0.4567278,0.36554307,0.2610326,0.17735805,0.43187746,0.2547257,0.24844517,0.18896602,0.47312188,0.48473576,0.48680854,0.5280681,0.5244068,0.4692856,0.38690606,0.36437008,0.40696797,0.44043255,0.43068266,0.43187928,0.4919041,0.37811887,0.48459092,0.44937268,0.44410053,0.4050039,0.3946789,0.42164266,0.41649106,0.46171966,0.5323452,0.4788022,0.4389837,0.40614828,0.47371003,0.34852073,0.4983969,0.35107884,0.46119985,0.41022536,0.39063847,0.38485405,0.46393564,0.41721502,0.40279287,0.4237836,0.43454412,0.4457787,0.4520616,0.4496101,0.4636831,0.3987478,0.21759632,0.31058583,0.4386152,0.3758199,0.53462684,0.53134704,0.5508365,0.44847938,0.472128,0.44969568,0.46504727,0.42072025,0.4821928,0.41494444,0.4003706,0.38128707,0.41267425,0.43101585,0.5083721,0.4113952,0.4387272,0.32916474,0.24984542,0.4108349,0.4321811,0.4070152,0.37176234,0.4167457,0.40794,0.46206734,0.43868375,0.33152145,0.30798233,0.3631125,0.42939776,0.4661042,0.4155157,0.39434654,0.43116662,0.4624218,0.38556135,0.32826358,0.28503016,0.2473381,0.39148247,0.32135913,0.31996423,0.30499744,0.24386793,0.35387278,0.43592322,0.19194056,0.37755862,0.3509011,0.46515486,0.38032246,0.42931038,0.34032235,0.37118986,0.31955606,0.28600657,0.3441952,0.28248748,0.23587973,0.3305966,0.34978563,0.3824076,0.36853883,0.2820015,0.4781401,0.45709783,0.43925992,0.39420876,0.49487463,0.4263869,0.454297,0.49645534,0.40789473,0.5448528,0.47567034,0.48986694,0.33275843,0.49456823,0.4486416,0.41426796,0.40935743,0.37439248,0.35235327,0.38119426,0.35289845,0.35103214,0.28637058,0.2802472,0.5100259,0.5089626,0.3478186,0.28126234,0.45418373,0.3457393,0.4526428,0.39757925,0.30226278,0.19832976,0.35628194,0.222911,0.25947598,0.31947055,0.3008399,0.39516735,0.51683265,0.4364491,0.43774822,0.30040058,0.35402906,0.26012784,0.34889388,0.36434358,0.46678156,0.417474,0.5125085,0.43720752,0.474795,0.44199634,0.35073352,0.5014126,0.5083888,0.46862072,0.48215845,0.44486606,0.34727928,0.26771566,0.18703376,0.4152676,0.25789744,0.2708565,0.1887983,0.5080285,0.47211125,0.48690122,0.5362051,0.49593243,0.4259933,0.39304158,0.36086702,0.43856105,0.42554584,0.4197069,0.45661294,0.46691376,0.3879118,0.4449205,0.4640452,0.408537,0.44313756,0.40239564,0.44761804,0.39053962,0.4355283,0.52186996,0.43962622,0.38589412,0.45202488,0.5233489,0.3478735,0.4018986,0.38871485,0.47263354,0.37434623,0.416651,0.31167042,0.46940556,0.39311564,0.40192884,0.43179297,0.4369539,0.4745639,0.44475624,0.40840733,0.47630286,0.43916267,0.28862515,0.29388806,0.44824132,0.39103106,0.48816228,0.5360968,0.544831,0.4702109,0.53304976,0.48323786,0.4389768,0.4663371,0.5197919,0.37253004,0.39815122,0.43579534,0.4432217,0.43787766,0.44138247,0.42604372,0.40482402,0.3632184,0.23784126,0.40575776,0.44901666,0.45983478,0.36267158,0.41753227,0.41974205,0.5060243,0.48495644,0.35455093,0.3110527,0.3968942,0.4087578,0.44632322,0.40562966,0.42357996,0.45286003,0.4231408,0.37272125,0.32286972,0.25588217,0.22916809,0.36890295,0.24364008,0.30647284,0.3137824,0.24032763,0.34020522,0.43524268,0.20432045,0.36560342,0.27976078,0.44769186,0.4084253,0.44869176,0.36120433,0.36469766,0.28388697,0.32320967,0.3552212,0.27860382,0.25698322,0.33658862,0.35450953,0.38808557,0.34956095,0.2990473,0.43528217,0.41932732,0.48379618,0.421665,0.4918033,0.4464707,0.45840785,0.5307588,0.44716534,0.57342905,0.52526623,0.48803857,0.36954147,0.4859821,0.4707095,0.4155346,0.36237785,0.45408818,0.46505725,0.4809423,0.45098454,0.43824202,0.45640138,0.43909606,0.43481395,0.44526985,0.45164785,0.42159414,0.4449544,0.48166382,0.46020916,0.47869208,0.4783799,0.4199898,0.43391842,0.43214867
22,0.36344635,0.28140637,0.38786292,0.32842878,0.31909338,0.2682605,0.24134435,0.4905215,0.4792433,0.32430604,0.26430768,0.45646536,0.34637105,0.44442976,0.41178018,0.23253667,0.18338966,0.31593376,0.23657127,0.24159142,0.27842343,0.27436674,0.34688675,0.48952237,0.4480219,0.4611716,0.3665416,0.36486548,0.2793732,0.40975598,0.41561803,0.42819566,0.48001963,0.5100118,0.47641978,0.5033148,0.43080372,0.37180826,0.45787117,0.49693084,0.49214548,0.4296045,0.45094573,0.37497115,0.2686249,0.18261997,0.41213593,0.24381998,0.24535492,0.18181634,0.45434105,0.47102562,0.47699252,0.5118734,0.52569014,0.4592621,0.38431874,0.36398625,0.4045358,0.4432196,0.453451,0.44563317,0.4800638,0.4077696,0.5088273,0.4599708,0.43181,0.42100108,0.40336967,0.41192684,0.42506167,0.4652633,0.51261955,0.47206053,0.4347669,0.40953234,0.45145747,0.34553137,0.47720557,0.33951402,0.45532438,0.40662843,0.3810828,0.39742368,0.45640725,0.4231774,0.4117584,0.42765507,0.4263634,0.44307745,0.45108065,0.44751015,0.46134022,0.41141227,0.20816606,0.3105607,0.44011518,0.39767572,0.53169584,0.5154236,0.5421506,0.43879545,0.4658642,0.44710183,0.4597871,0.41594663,0.4689537,0.41956115,0.4077167,0.38036212,0.41916615,0.44971758,0.5149548,0.41917998,0.43559426,0.31600437,0.23301518,0.4075039,0.44014993,0.40696692,0.3743628,0.41076052,0.39781561,0.45241186,0.42102447,0.34277514,0.3315701,0.36190623,0.4156672,0.453021,0.40920115,0.3852095,0.42037642,0.44999707,0.3852452,0.31938967,0.28721747,0.23326229,0.3807613,0.3191508,0.31818476,0.31711307,0.25910017,0.34013835,0.42822704,0.19306938,0.36524147,0.35236835,0.45600337,0.3789,0.43771178,0.33043835,0.37260836,0.31539044,0.3109688,0.3077908,0.25783333,0.23009552,0.31080052,0.35680407,0.4021329,0.38234267,0.2753874,0.49215022,0.4602746,0.44731376,0.3978623,0.47969908,0.43147725,0.46386638,0.4706685,0.39934152,0.5374906,0.47003418,0.47909075,0.34683213,0.47184482,0.45216918,0.42678744,0.42346552,0.37448612,0.31869683,0.37777388,0.34322885,0.3352567,0.27159497,0.26734942,0.5036486,0.49537885,0.34112212,0.27730772,0.45891488,0.3263387,0.46737227,0.40609804,0.283406,0.19072972,0.3329356,0.20675695,0.24088904,0.29137626,0.2793954,0.36265358,0.5121761,0.44444087,0.44781488,0.31744802,0.3626463,0.26487392,0.35868698,0.39349085,0.46780843,0.4421078,0.5026441,0.44769466,0.46845862,0.4475983,0.35968503,0.49108592,0.50980586,0.46646655,0.47090483,0.4443142,0.35317665,0.27737603,0.1884434,0.39208102,0.24512933,0.26346317,0.18101938,0.48726788,0.45079133,0.4727255,0.51584685,0.49449837,0.412512,0.39052382,0.35434836,0.43736345,0.4240383,0.43577266,0.4538048,0.44674748,0.41554645,0.4550725,0.4521053,0.39971417,0.4259564,0.40732974,0.4344928,0.3881879,0.43515813,0.4897852,0.44499803,0.3922722,0.43703187,0.4878803,0.33825713,0.38635397,0.37466413,0.4497836,0.36616766,0.39972576,0.31717208,0.43036485,0.39286023,0.3956624,0.43671605,0.4407816,0.474965,0.43056887,0.40838277,0.47254813,0.45194075,0.2710025,0.29285967,0.42359218,0.3840453,0.48277178,0.52200687,0.52401763,0.4568087,0.5267711,0.4820742,0.42732444,0.45784932,0.510177,0.37828693,0.40243113,0.43546513,0.4352602,0.44913507,0.44134954,0.4333502,0.39584604,0.34671348,0.22278601,0.40722805,0.45079187,0.4582016,0.36905468,0.41245067,0.40815988,0.5074996,0.47257155,0.37040842,0.33152807,0.40272814,0.40316924,0.43300924,0.4007463,0.41520503,0.42480326,0.40857458,0.37006873,0.31229252,0.2435302,0.21424209,0.36013955,0.24637537,0.30830866,0.32770035,0.25594345,0.32180807,0.41024718,0.20807326,0.3507093,0.27962962,0.41865408,0.40502745,0.44045952,0.35824943,0.3627562,0.2800013,0.34827211,0.31915063,0.2498563,0.25472066,0.32318556,0.36414027,0.40699112,0.3642266,0.28883663,0.44532526,0.4215593,0.49535945,0.42601398,0.47902262,0.43782666,0.4458315,0.49855572,0.44934413,0.5742837,0.5203178,0.48457882,0.3936807,0.45473444,0.46723962,0.422082,0.37702674,0.45908064,0.46913108,0.4795459,0.44848716,0.43565,0.45521346,0.4379883,0.43587968,0.444744,0.452346,0.42246348,0.44535372,0.482773,0.46124777,0.4831346,0.4804758,0.42032906,0.4316028,0.43118396
23,0.37014073,0.26364517,0.38840765,0.33327362,0.32066143,0.27158245,0.2528301,0.4773599,0.45521104,0.33186632,0.27169302,0.45064563,0.34078398,0.4687781,0.43542576,0.23292367,0.19576705,0.30750158,0.23921667,0.23588817,0.2674107,0.26710156,0.32424548,0.47331163,0.4485454,0.45682928,0.39234072,0.37723634,0.31200963,0.43467343,0.4564416,0.43703565,0.49216375,0.5109899,0.4972537,0.48790154,0.4309086,0.38580835,0.4481307,0.49106616,0.47823143,0.41877645,0.438846,0.38720924,0.2919983,0.20733172,0.39251325,0.25056833,0.2598019,0.19214475,0.43068352,0.45132732,0.45876622,0.48633626,0.5135994,0.44147432,0.384614,0.36841658,0.4007086,0.441323,0.4788491,0.4604343,0.45780727,0.44647467,0.5303937,0.47045702,0.41845974,0.4382041,0.41871315,0.4031311,0.4390396,0.4638256,0.47843033,0.46364868,0.4341806,0.41822308,0.42334858,0.34628388,0.44766164,0.33358964,0.44719324,0.40087748,0.3724452,0.41060406,0.44074458,0.43022263,0.42655662,0.4348655,0.41829273,0.440697,0.44673616,0.44589803,0.45752394,0.42975757,0.21659687,0.31817734,0.4368467,0.42309654,0.5117773,0.48557144,0.521045,0.42428952,0.45043984,0.44050142,0.44504297,0.4082908,0.44990662,0.42224127,0.41609755,0.38484138,0.42733943,0.4705989,0.50617623,0.42263705,0.42761862,0.3094229,0.2293525,0.40904212,0.45019493,0.4121257,0.38502693,0.40754208,0.39408103,0.43706122,0.40618575,0.3692711,0.37177727,0.3726553,0.40678334,0.4368132,0.4067592,0.38043755,0.40665084,0.4340666,0.3930113,0.32062852,0.30089542,0.2375629,0.37661877,0.32680142,0.3307691,0.34545857,0.2942898,0.3303861,0.41642207,0.21405885,0.3521538,0.35643968,0.4382876,0.3832443,0.44417405,0.3329604,0.38454926,0.32593128,0.35589793,0.28638068,0.24876994,0.24565198,0.30532038,0.37816557,0.42922032,0.3998894,0.28698912,0.5035758,0.46040285,0.45682594,0.40138417,0.4548512,0.4358096,0.4709734,0.43489993,0.3976086,0.5159886,0.45584592,0.46209744,0.37524003,0.4391874,0.45294702,0.44034407,0.4415788,0.38268247,0.2978066,0.3832244,0.3453076,0.3326248,0.27560157,0.2723188,0.4885336,0.47190946,0.3431187,0.2860448,0.4652504,0.31898808,0.48039526,0.41822633,0.28024957,0.20404395,0.32268575,0.2116564,0.24331129,0.2796869,0.27541503,0.34026507,0.49361467,0.4520635,0.46241945,0.35039434,0.38386127,0.28527585,0.3779673,0.4326096,0.46645147,0.47038838,0.48222104,0.4583187,0.4577608,0.44819695,0.37501028,0.47250155,0.50224584,0.4575219,0.4515998,0.44082877,0.36586457,0.3017007,0.20865797,0.3720106,0.24996507,0.27183086,0.19081539,0.45860213,0.42632562,0.45085374,0.48669347,0.4831357,0.39896774,0.38847077,0.3547775,0.43317506,0.41920674,0.45659858,0.4485285,0.42084312,0.45037478,0.46654043,0.43648782,0.39427376,0.40506712,0.41803968,0.42154926,0.39313552,0.4365005,0.4470528,0.45273972,0.41093257,0.4220825,0.44172534,0.33513317,0.37567642,0.36713287,0.42203188,0.36380866,0.3805595,0.33153388,0.38597444,0.39657116,0.3954532,0.44367304,0.44671372,0.47397047,0.41488788,0.4146685,0.4665005,0.46955934,0.26773623,0.3037173,0.39383513,0.37896737,0.46499714,0.49515545,0.4920343,0.43580952,0.5048268,0.47398654,0.41104743,0.44173247,0.48893425,0.38790405,0.40868804,0.43429303,0.42622676,0.4613639,0.43464866,0.43615866,0.3871764,0.33540747,0.2233052,0.41537255,0.45161486,0.4553415,0.3851982,0.41214517,0.4002763,0.49981815,0.45647842,0.39793822,0.3703165,0.41827354,0.4049769,0.4187733,0.40086368,0.40929598,0.39245787,0.39658713,0.37636572,0.31557694,0.24415684,0.21831284,0.359528,0.2653253,0.324788,0.35744324,0.29300267,0.3096701,0.38247076,0.2323238,0.33810508,0.29018635,0.38502014,0.40393996,0.42821065,0.36537006,0.37207896,0.29382983,0.38950825,0.29590905,0.2379501,0.2736706,0.32362095,0.38629836,0.43183193,0.38539514,0.2953516,0.4585761,0.42593822,0.5055564,0.42829883,0.45673516,0.4302506,0.4297168,0.4538094,0.4547383,0.5560526,0.50083303,0.47570822,0.43084326,0.41612574,0.46028402,0.43172994,0.40108326,0.46697468,0.47304836,0.4758888,0.4472388,0.43337995,0.45301533,0.43705207,0.43733105,0.44379237,0.4520295,0.42705217,0.4470937,0.4795583,0.46072772,0.48246348,0.47833103,0.4215053,0.42906138,0.4309535
24,0.38425097,0.26290023,0.39448085,0.3496981,0.33617768,0.29488677,0.2862668,0.45529592,0.42398858,0.35018978,0.29841644,0.44670382,0.34492078,0.48644185,0.45528936,0.25422344,0.23431233,0.31358182,0.26299322,0.25149873,0.27526766,0.27935076,0.3138413,0.44767493,0.45119324,0.45474488,0.42031184,0.39654207,0.35858363,0.45656428,0.49456432,0.44464192,0.49421495,0.50061345,0.5084349,0.46101645,0.4255138,0.40066877,0.43171492,0.47527465,0.45286924,0.40527362,0.42513004,0.40180576,0.3281513,0.2559274,0.3756937,0.27576497,0.29213575,0.22507156,0.40362313,0.4262646,0.43343705,0.45423242,0.48857334,0.42101234,0.38870865,0.37932292,0.39477992,0.43543816,0.50142735,0.47548667,0.4349713,0.48578382,0.5431486,0.4791501,0.4096215,0.45468396,0.43981618,0.39998016,0.45646703,0.46082005,0.44179228,0.4594716,0.44146693,0.43317902,0.3984069,0.356794,0.4214671,0.34222236,0.44252497,0.39979815,0.37281975,0.42328855,0.42343757,0.43852922,0.4454207,0.44313526,0.41164285,0.43769306,0.44059327,0.4475949,0.45410702,0.4520829,0.24601424,0.33699462,0.43434808,0.45023677,0.47837248,0.44563934,0.48924777,0.40679574,0.42732856,0.43084216,0.42328554,0.39839673,0.42820117,0.42512852,0.4250981,0.39436606,0.44007093,0.4888357,0.48427367,0.4225608,0.41791597,0.31366685,0.24354558,0.4155569,0.4598454,0.42225417,0.40111348,0.40958217,0.3990227,0.41742292,0.39706868,0.4066271,0.42533797,0.39516816,0.40582448,0.42389846,0.40952685,0.38271135,0.39680538,0.41943,0.4085589,0.33371535,0.32853225,0.26280236,0.38181224,0.3457368,0.3544024,0.3861184,0.3478472,0.33062983,0.4034721,0.25956997,0.34395692,0.36690167,0.41955647,0.39507475,0.4478163,0.34836546,0.40482706,0.35291353,0.41613212,0.2809424,0.25640863,0.28396836,0.31404105,0.41184068,0.45292357,0.41800618,0.3184422,0.5096115,0.45959112,0.46571824,0.4035949,0.42337224,0.44349694,0.47328135,0.4020354,0.40584907,0.48258066,0.43440458,0.44089913,0.41440836,0.40771088,0.4485949,0.4534826,0.45906606,0.39658684,0.2916482,0.3953553,0.35711572,0.34266087,0.29820994,0.2954462,0.46416047,0.43991962,0.3550746,0.31076667,0.4728439,0.3232158,0.48473105,0.42944854,0.29392585,0.24267262,0.32557544,0.23834404,0.26670083,0.28313625,0.29103875,0.32953155,0.46448445,0.45857224,0.47990957,0.39358413,0.4117642,0.3206717,0.3995953,0.47220773,0.4618613,0.49008057,0.45229775,0.46231073,0.44024834,0.44189754,0.39360148,0.44522893,0.48470616,0.44105962,0.42516086,0.43550724,0.38610882,0.3370093,0.2513119,0.35635567,0.27253175,0.2957329,0.22275993,0.42438725,0.39963195,0.42267135,0.45124415,0.4623756,0.38708645,0.387959,0.36310259,0.4244986,0.41127524,0.47730637,0.4438584,0.3994089,0.48454547,0.47490957,0.42381683,0.3948413,0.38742512,0.43387955,0.41369298,0.40556654,0.43904173,0.40748665,0.46531224,0.44070804,0.41267484,0.39769953,0.34323588,0.375534,0.37200168,0.39835352,0.37067598,0.36840492,0.3543026,0.3496598,0.40554392,0.4032876,0.450774,0.4526217,0.4705394,0.40344882,0.42618093,0.45993817,0.48974174,0.28247622,0.32904866,0.36923113,0.38170865,0.43726692,0.45789438,0.4519862,0.40991056,0.4691717,0.45964155,0.3924569,0.41848525,0.45971715,0.40196702,0.41646427,0.43230024,0.42228127,0.47403428,0.42292905,0.43426102,0.3813096,0.33044347,0.24225734,0.4294775,0.45106146,0.45222455,0.40734822,0.41744155,0.39838696,0.48226002,0.43949446,0.43179932,0.4234054,0.44026238,0.4147246,0.40892488,0.40629598,0.40712702,0.36641634,0.39060944,0.39058617,0.33326307,0.26222578,0.24424931,0.36897498,0.3037609,0.35362947,0.39913958,0.34968117,0.31048745,0.3601596,0.28160733,0.3312923,0.3132889,0.35838804,0.40699992,0.41436642,0.38181713,0.3912205,0.326121,0.4406745,0.2858746,0.24416435,0.31444323,0.33522177,0.41804728,0.4524983,0.41055384,0.31880087,0.46965104,0.43114978,0.51147735,0.42735788,0.4265622,0.42892197,0.41276377,0.41016316,0.4627206,0.52082413,0.469089,0.4616462,0.47322655,0.3817363,0.44956458,0.44440603,0.4290008,0.47533137,0.47516412,0.47128558,0.44715747,0.4320895,0.45083833,0.43596753,0.43833196,0.44258156,0.4504264,0.43497568,0.4500402,0.4721482,0.45869678,0.4769767,0.47216228,0.42277527,0.42583895,0.43142956
25,0.40236846,0.2768058,0.4017149,0.37257984,0.36139214,0.33597216,0.33987132,0.42695546,0.389915,0.37705413,0.3434241,0.4466918,0.35486796,0.48991632,0.46415883,0.29508,0.30231303,0.33175153,0.30717856,0.28725797,0.30029237,0.31034067,0.3140913,0.41879752,0.45641947,0.4573591,0.44241628,0.4172002,0.41192064,0.46947,0.52068126,0.44941694,0.4843475,0.47953546,0.505328,0.42504635,0.41475266,0.4122217,0.408456,0.45097777,0.42148176,0.38930193,0.41372856,0.41658255,0.36958715,0.3274735,0.36269528,0.31688273,0.33836055,0.2829239,0.37536937,0.39779368,0.40467888,0.418783,0.45457593,0.40204564,0.39592725,0.395763,0.3874192,0.4266105,0.5170931,0.4899647,0.42020425,0.51694155,0.54473704,0.48483044,0.40977985,0.4699781,0.46374047,0.4059316,0.4742758,0.4605969,0.41451183,0.46193677,0.45595577,0.4523865,0.38457394,0.37855145,0.4057469,0.36896428,0.44370243,0.40687868,0.3858966,0.4332762,0.4111754,0.44698325,0.46462044,0.45069465,0.4077429,0.43386412,0.4343463,0.45337686,0.45288476,0.47494733,0.29584706,0.36680105,0.43828145,0.4779632,0.43898094,0.4027501,0.45117897,0.3898908,0.40173545,0.42003137,0.3995128,0.38771757,0.4081416,0.4289478,0.43295112,0.4077491,0.45716706,0.5001256,0.45460176,0.4205775,0.40866747,0.32935217,0.27714524,0.42607898,0.4675797,0.43574512,0.41862354,0.41776925,0.41166952,0.39664745,0.39420894,0.44708025,0.4843757,0.42458704,0.4129264,0.41881624,0.41715956,0.39394,0.39564532,0.4104645,0.42896163,0.35699478,0.36829343,0.30912015,0.39482254,0.37318134,0.3824346,0.43037573,0.4116141,0.3434591,0.39202568,0.32986662,0.34388912,0.38415492,0.40778124,0.41411906,0.44989687,0.37330186,0.42804176,0.39442262,0.48181853,0.28968343,0.27934873,0.3428752,0.33371398,0.4521755,0.4638924,0.43403372,0.3674579,0.5095704,0.4614253,0.471432,0.40393832,0.39059532,0.45516258,0.4700722,0.38194132,0.4234916,0.4439224,0.40966797,0.41866592,0.45743173,0.3885104,0.43891186,0.46415025,0.4716471,0.41227418,0.2987231,0.40876937,0.37391853,0.36204243,0.33614513,0.3342131,0.43285638,0.40336037,0.37483957,0.35037798,0.47986344,0.3353038,0.47632408,0.4355048,0.32179698,0.30861485,0.3393435,0.28487197,0.30836985,0.2989601,0.32529783,0.3288613,0.43169326,0.4623253,0.49711555,0.43709102,0.4377656,0.3666256,0.4162246,0.503122,0.45549524,0.49347958,0.41871756,0.45662546,0.416431,0.42962682,0.411216,0.41225705,0.4581623,0.41870385,0.39507118,0.428814,0.41167703,0.3759892,0.31534696,0.34453934,0.309357,0.33162075,0.2796245,0.38828942,0.3718254,0.39173496,0.4120122,0.43498403,0.37686926,0.38944107,0.37834254,0.41173732,0.4007687,0.49322087,0.4427414,0.39031714,0.5111657,0.4782698,0.41889882,0.40312776,0.3802244,0.45338365,0.4142811,0.42294082,0.44316724,0.38270712,0.48129246,0.47535992,0.41228306,0.36710852,0.36322024,0.38682917,0.39042756,0.38572133,0.38666737,0.36887667,0.38213474,0.3305971,0.41911992,0.41876733,0.45640743,0.4557383,0.46459693,0.4004951,0.43953112,0.4546534,0.5085035,0.31530184,0.3674887,0.3587352,0.3969976,0.405647,0.41572878,0.40841258,0.38419327,0.42717394,0.44173712,0.3750649,0.39153042,0.4286821,0.41867703,0.42444634,0.43029302,0.42611924,0.48676437,0.409147,0.42906177,0.3792236,0.33114967,0.2798951,0.44680393,0.4496325,0.4497853,0.42999205,0.427708,0.40209013,0.4573986,0.42442846,0.4652986,0.48268723,0.46246478,0.4299916,0.40734816,0.41599774,0.40993723,0.35483533,0.39252353,0.40999046,0.36293712,0.29900858,0.29325208,0.38689858,0.36004904,0.38863093,0.44405705,0.41761377,0.32726863,0.34936514,0.3556391,0.33141002,0.3471356,0.34759483,0.41588688,0.40340093,0.4032846,0.41505745,0.37394893,0.49358544,0.28767917,0.26753634,0.37343514,0.3529051,0.45390728,0.46049696,0.437095,0.35657275,0.47429526,0.43707696,0.5107526,0.42341602,0.39320442,0.43486172,0.3985736,0.3795658,0.47045437,0.47660342,0.431506,0.44424504,0.5111299,0.36167365,0.43630233,0.45818016,0.45464316,0.4816827,0.47430107,0.46685943,0.4475929,0.4325589,0.44996127,0.43461335,0.43836075,0.44146815,0.4479026,0.44490635,0.45367694,0.4616258,0.4557948,0.46829993,0.463504,0.4238536,0.42235094,0.43271694
26,0.4200562,0.3013926,0.40468466,0.3954782,0.39028054,0.38947654,0.40695083,0.39720252,0.35834405,0.4068048,0.4007931,0.44979146,0.3646134,0.47554544,0.45688316,0.35013005,0.3954201,0.35745627,0.3669689,0.33972698,0.3390842,0.3566098,0.32138246,0.39258417,0.46176237,0.46413547,0.45213953,0.43173733,0.4622,0.47133017,0.53067535,0.450423,0.4656327,0.45180395,0.48765317,0.38654053,0.40028447,0.41766426,0.38166672,0.42205602,0.39153537,0.37182704,0.4064024,0.4280953,0.40708348,0.41168642,0.3526946,0.36843765,0.39051735,0.36101457,0.3484454,0.36859062,0.37700322,0.38277715,0.41779622,0.38658747,0.4045522,0.41448167,0.379607,0.41511494,0.52345896,0.50235814,0.41719493,0.53422433,0.5372384,0.48807952,0.4200712,0.48473138,0.48611936,0.42123073,0.48929578,0.46550286,0.40273365,0.46899575,0.47286686,0.47204125,0.3860907,0.4082409,0.4013938,0.41187027,0.44950193,0.42144343,0.4096536,0.43761906,0.4074169,0.45283386,0.4801088,0.45704702,0.40732718,0.42967695,0.42852086,0.4627839,0.4548666,0.4934336,0.35976434,0.4034916,0.45050845,0.5040039,0.40161532,0.36357337,0.41224027,0.37712368,0.3794782,0.409961,0.37876335,0.37759534,0.39324912,0.43216297,0.43667194,0.42311105,0.47445682,0.5013768,0.42256728,0.4174932,0.4002552,0.35329938,0.32776746,0.43954134,0.47282586,0.45069903,0.43311608,0.43124852,0.4273646,0.3780236,0.39558324,0.48295325,0.5399295,0.45235574,0.42417172,0.42140105,0.42748252,0.41381624,0.40470734,0.40928528,0.45028698,0.38634163,0.41433635,0.3730648,0.4103868,0.40289,0.40781143,0.46789727,0.4735584,0.36642927,0.38216963,0.41660428,0.35159552,0.4050364,0.4065487,0.4374491,0.45270884,0.40092486,0.44718552,0.44504392,0.5431597,0.3091123,0.31444293,0.41520506,0.35901406,0.4915436,0.45711327,0.44591042,0.42777884,0.5047676,0.4694968,0.4729022,0.40239546,0.36118728,0.46780065,0.4615242,0.37830788,0.44616544,0.40788132,0.38579676,0.39819497,0.4958343,0.3872889,0.42573342,0.46947008,0.4762368,0.42557836,0.3155626,0.41643175,0.39013398,0.3860383,0.38395178,0.38335928,0.39927712,0.36744925,0.3980115,0.39990264,0.48307395,0.34972087,0.45410043,0.4326487,0.35825267,0.39749563,0.36035472,0.34583095,0.36311635,0.32374004,0.37452263,0.3343501,0.4015318,0.46102014,0.5089907,0.4704818,0.45357847,0.4154868,0.42302796,0.52051187,0.44896117,0.47945878,0.38865495,0.44179887,0.39019945,0.41430524,0.4241277,0.37924063,0.42556068,0.39387777,0.36541575,0.42056337,0.43781647,0.41065675,0.39242893,0.3347429,0.35421923,0.37345204,0.35852736,0.35418656,0.34416187,0.36249003,0.37144643,0.4048068,0.36748487,0.3930162,0.39865845,0.39692956,0.38810053,0.50089276,0.44604284,0.39583933,0.52583104,0.47762248,0.42467687,0.4185046,0.3875581,0.47344723,0.42407545,0.44176996,0.44946894,0.37711757,0.49509603,0.50509405,0.4218924,0.35504723,0.3921128,0.4075481,0.42054126,0.3875233,0.41005152,0.38209552,0.40952578,0.33092946,0.43422583,0.4385511,0.45979053,0.45401075,0.457439,0.4063388,0.45186037,0.4514991,0.5211873,0.3628336,0.41380644,0.36583453,0.42508164,0.37654427,0.37474525,0.36559117,0.36337098,0.38781995,0.4236988,0.3618429,0.3650327,0.40114823,0.43436274,0.43079636,0.42893034,0.43627924,0.49766836,0.39565077,0.4223286,0.38030288,0.33557105,0.33325738,0.46431416,0.44792712,0.4485882,0.44778734,0.44145814,0.4079272,0.42961475,0.41238368,0.49362174,0.5402871,0.47784865,0.44488505,0.41340926,0.42747235,0.41858044,0.36124104,0.40228987,0.43174732,0.4003319,0.35170126,0.36349884,0.40798116,0.4263654,0.42184487,0.48192665,0.48483488,0.35861307,0.35158744,0.44607845,0.3371026,0.3865979,0.35531014,0.43033826,0.3992343,0.42281502,0.43631458,0.4311083,0.5425209,0.29863864,0.3051638,0.44258597,0.3707406,0.4880306,0.4508052,0.46220702,0.40411198,0.47132266,0.44430602,0.5033997,0.41780618,0.36173698,0.4452947,0.38970125,0.36793697,0.47416,0.43313882,0.3950996,0.42622408,0.53678954,0.36048844,0.42291248,0.46965602,0.47277853,0.48486996,0.47015926,0.463584,0.44838628,0.43521288,0.45115402,0.4329302,0.4372138,0.4406049,0.4448726,0.4555083,0.4575952,0.44950357,0.45284727,0.45816416,0.45405993,0.42442796,0.41915166,0.43473503
27,0.4329141,0.3340388,0.40048122,0.41316956,0.41725418,0.44797036,0.4771704,0.37051684,0.33314446,0.43386352,0.46335682,0.4527591,0.3698785,0.4443722,0.43345279,0.4121279,0.5006749,0.3862781,0.43450862,0.40392417,0.3873344,0.41221187,0.33325675,0.37175077,0.46308884,0.47177646,0.44694963,0.4354464,0.50284433,0.4628031,0.5245681,0.44689724,0.44125208,0.42106456,0.4574707,0.35190794,0.38380837,0.4163219,0.3555706,0.3927041,0.3682434,0.35439268,0.40304732,0.4343469,0.43497628,0.4948876,0.34534752,0.42413864,0.4407628,0.44880974,0.32519513,0.34141847,0.35391566,0.34916887,0.38386652,0.3760805,0.41247395,0.4311265,0.37143332,0.40073663,0.51877815,0.510179,0.42496666,0.5354215,0.52291566,0.48902833,0.43898737,0.4993757,0.50271624,0.44322902,0.49966025,0.47454888,0.40704718,0.47646043,0.48630473,0.48804396,0.40362805,0.44154528,0.4055383,0.46613166,0.45669946,0.44046137,0.44023752,0.4349817,0.4124807,0.45376724,0.48956075,0.4614468,0.41159502,0.42601717,0.42318916,0.4744674,0.45982507,0.50262564,0.42850065,0.44283247,0.46993512,0.52575105,0.3713666,0.33184144,0.37650844,0.36995518,0.36384225,0.4014541,0.36419052,0.36873788,0.38539267,0.43262073,0.4337286,0.43802157,0.48613414,0.49062225,0.39170033,0.4133097,0.3929036,0.38238454,0.391274,0.45478088,0.47474617,0.46498245,0.4410452,0.44774565,0.4408789,0.36357975,0.39851528,0.5089899,0.58521396,0.47101587,0.43405446,0.42865634,0.43765154,0.43905947,0.42263976,0.41546336,0.46908125,0.41766343,0.4608004,0.4478603,0.4232469,0.43008193,0.42694896,0.4926594,0.5247849,0.39568084,0.37307116,0.50605726,0.36552128,0.42615807,0.41557512,0.46106493,0.45782927,0.42508316,0.45750043,0.49802324,0.5933686,0.3365766,0.35913688,0.4909278,0.38623497,0.52410525,0.4325621,0.45251787,0.49105752,0.4966495,0.48299006,0.47105518,0.39896813,0.337544,0.47656795,0.44912386,0.39017624,0.46869612,0.3796158,0.3651865,0.38101164,0.5229758,0.40368944,0.41120377,0.46669534,0.4704336,0.4331016,0.34006888,0.41409823,0.4017488,0.41011184,0.43555,0.4361562,0.36822584,0.336391,0.42056423,0.45431545,0.47907263,0.36228794,0.41961554,0.41981828,0.3976071,0.49788195,0.38558266,0.41412604,0.42520398,0.35474148,0.4326086,0.3435913,0.37674037,0.45341042,0.51042557,0.48801824,0.45539632,0.46031073,0.41896865,0.52318114,0.4416406,0.45027602,0.3649649,0.41926882,0.36602736,0.39856046,0.43060493,0.35097432,0.39089215,0.36988312,0.33963525,0.41077676,0.4606547,0.4365445,0.47203997,0.3266108,0.40131262,0.4157367,0.4506558,0.32519543,0.31852424,0.33857858,0.33302107,0.375792,0.35989937,0.39817357,0.42174628,0.3818215,0.373866,0.49754474,0.45156777,0.41296726,0.5257673,0.47315237,0.44008085,0.43832612,0.4088346,0.48933688,0.44072685,0.45874116,0.45648283,0.38888028,0.5004893,0.5212292,0.43896955,0.36082557,0.42642942,0.43384364,0.45854393,0.40278536,0.43808046,0.40470973,0.43239248,0.34861082,0.4475618,0.45858237,0.45980686,0.44721764,0.450196,0.41839075,0.46147472,0.4501107,0.52386487,0.41935462,0.46264425,0.3892572,0.46244225,0.3539276,0.33931458,0.3267976,0.3493306,0.35663626,0.40798542,0.3545602,0.34185073,0.37989485,0.44621357,0.43399686,0.42776105,0.4488596,0.5030867,0.38391107,0.4156626,0.38421333,0.34289473,0.39835706,0.47953779,0.44516417,0.44791707,0.45694894,0.45674744,0.41190103,0.4028581,0.40323356,0.5139947,0.5903893,0.48209238,0.45318675,0.42301938,0.43763003,0.43196833,0.3842433,0.41779572,0.45348337,0.4407285,0.41542915,0.44909793,0.42673475,0.493232,0.44811228,0.506525,0.5421959,0.40103304,0.36476415,0.5389873,0.34735972,0.4270532,0.37955454,0.44767532,0.40254685,0.43539655,0.44967723,0.49022776,0.5835488,0.31676564,0.35438043,0.512375,0.38561922,0.51626027,0.4227493,0.48252797,0.45613265,0.46154347,0.45148405,0.4912571,0.4116179,0.3354236,0.45576504,0.38698375,0.37448788,0.47135872,0.39682242,0.36422178,0.4100602,0.5462931,0.37664315,0.4115254,0.47495958,0.47918946,0.48479435,0.46271193,0.46180692,0.44963846,0.43964502,0.45411503,0.43070197,0.43486863,0.4395383,0.44110763,0.46532267,0.46080488,0.43723843,0.4504514,0.4475186,0.44466892,0.42392698,0.41625273,0.43700826
28,0.438257,0.37360495,0.39057642,0.42353615,0.43893543,0.50344276,0.5396779,0.35034367,0.31700063,0.4548165,0.52413124,0.452334,0.37058038,0.40303499,0.40035704,0.47393715,0.6007486,0.41545433,0.5009185,0.4734229,0.4400764,0.4696135,0.349864,0.35679364,0.45730793,0.47674048,0.42945164,0.4287382,0.53266287,0.4469333,0.5057698,0.43919185,0.4141688,0.39092502,0.41922054,0.32610986,0.36765817,0.40977344,0.33483687,0.36671823,0.35398734,0.33970025,0.4025973,0.43547675,0.45264173,0.56692123,0.34213048,0.4781547,0.4842342,0.53466606,0.30847338,0.3194717,0.3380468,0.32159495,0.3566763,0.3713287,0.41829777,0.44247988,0.363192,0.38397232,0.5031089,0.5112047,0.44037426,0.5221029,0.5035396,0.48723534,0.46313447,0.51384413,0.510667,0.46777868,0.50510246,0.48500687,0.4250019,0.480758,0.49185145,0.4968875,0.43479353,0.47452578,0.41419038,0.52519435,0.46214092,0.46043923,0.47418362,0.4261264,0.42541608,0.44949841,0.49295208,0.46276993,0.42205364,0.42375875,0.4188009,0.48633435,0.46658963,0.49954724,0.49389958,0.4814392,0.4944632,0.54170656,0.350129,0.30941948,0.34685805,0.36846408,0.3558223,0.3948162,0.35684335,0.36196136,0.385364,0.42893183,0.42365482,0.4502596,0.4883203,0.46848992,0.3639981,0.40781564,0.38709182,0.41455457,0.4621951,0.47046292,0.4726217,0.47667328,0.44157588,0.4642088,0.44938275,0.35457134,0.40192628,0.5230215,0.6161894,0.4776843,0.43910962,0.43733618,0.44538045,0.46446204,0.4466903,0.42706996,0.48311466,0.44802803,0.5035292,0.5238951,0.4306842,0.4529575,0.44023582,0.5044037,0.5620561,0.42889908,0.36620006,0.58573943,0.38335776,0.44497415,0.4326938,0.4813232,0.46589133,0.44327506,0.45853746,0.5465137,0.62846315,0.37092495,0.41095504,0.56031704,0.41471624,0.54689294,0.39579567,0.45479548,0.5487719,0.48634687,0.49754903,0.46772778,0.39395395,0.32123423,0.47757745,0.4364593,0.41416356,0.48726392,0.36115998,0.34936464,0.36832944,0.5358949,0.43336454,0.3974152,0.4552836,0.4542257,0.43340686,0.3719673,0.4029417,0.40782896,0.43113637,0.48507985,0.4857953,0.34388438,0.31353813,0.44002473,0.5084571,0.4663259,0.3722186,0.3784235,0.40029806,0.4357745,0.5943585,0.41341308,0.48252866,0.48907918,0.39021298,0.49175426,0.3572964,0.35791558,0.43989706,0.49901858,0.49005577,0.44479588,0.49729872,0.4070328,0.5129234,0.43207183,0.41139978,0.3477991,0.3916562,0.3481231,0.38445687,0.4309817,0.33108392,0.35874295,0.34958446,0.32077718,0.39994726,0.47812793,0.4532939,0.5457121,0.32223827,0.44694638,0.45509264,0.54355174,0.30428672,0.29813343,0.32284564,0.30132753,0.3516084,0.3562213,0.40402603,0.4453055,0.36789313,0.3593815,0.4825578,0.45606837,0.4360305,0.51087666,0.4644578,0.46085843,0.45878768,0.4400054,0.4965448,0.45982122,0.47119606,0.4612915,0.41286317,0.49352115,0.51957965,0.45796174,0.38051948,0.4626525,0.46077672,0.49946117,0.42737043,0.46692613,0.43218416,0.44917676,0.3799828,0.45696434,0.4756951,0.45535845,0.43677327,0.44348878,0.43309763,0.46793514,0.44970542,0.51484513,0.47848392,0.50945675,0.42499292,0.5033729,0.3392812,0.31235257,0.29527634,0.34242994,0.33549374,0.39607558,0.3538857,0.324067,0.36628693,0.45284918,0.43322167,0.42601013,0.45986348,0.49984807,0.37458628,0.40984398,0.39116833,0.35399172,0.47005188,0.49088246,0.44022173,0.44668356,0.4567085,0.4714959,0.41214362,0.38015622,0.39718166,0.52517664,0.62862873,0.4750499,0.4519242,0.4315171,0.44403294,0.44702604,0.41906917,0.43571052,0.47325802,0.47968024,0.4834514,0.53898364,0.4402377,0.5522937,0.46619478,0.5171066,0.5853075,0.45010343,0.38617748,0.6207042,0.36169386,0.4649527,0.41536045,0.46391928,0.41167024,0.4406546,0.45408902,0.5441799,0.61326826,0.34166732,0.41242072,0.57451314,0.3984971,0.5363251,0.38149709,0.49551985,0.5069766,0.44727796,0.45643774,0.47655106,0.40528756,0.31660625,0.4622456,0.3904679,0.39407638,0.4619544,0.37009603,0.34117672,0.39781398,0.5392959,0.40469646,0.4037014,0.47175375,0.47253045,0.4819724,0.45263362,0.46097812,0.4511582,0.4449563,0.4577583,0.4279714,0.43172267,0.43775678,0.43636295,0.47305763,0.4621905,0.42614725,0.44882694,0.43675452,0.43550286,0.42226902,0.41366702,0.4390677
29,0.43626717,0.41806135,0.37938988,0.42765018,0.45428973,0.5488974,0.58631396,0.33987007,0.31293446,0.46836278,0.5758271,0.4467179,0.36991787,0.36048976,0.3655452,0.52911735,0.6811477,0.44342262,0.5581741,0.5403076,0.4915115,0.5208662,0.3725153,0.3481792,0.44354627,0.4762841,0.40584993,0.41575363,0.5523631,0.42753485,0.4796314,0.42847762,0.38801888,0.36470228,0.3787398,0.31358474,0.35560083,0.40143204,0.32483956,0.34826982,0.34991297,0.33165312,0.4032218,0.43251973,0.46289718,0.62263006,0.34540498,0.5253023,0.5193447,0.6088241,0.3020818,0.30633378,0.3320197,0.30387574,0.33894455,0.37127283,0.42256916,0.44823697,0.35660303,0.3660747,0.47889617,0.5040266,0.45897797,0.49824706,0.48110282,0.48331162,0.48717523,0.52638054,0.50900674,0.49003568,0.50536895,0.49344137,0.45123312,0.47950926,0.48777056,0.49673817,0.47394106,0.503023,0.42412546,0.5807872,0.46353388,0.47882316,0.506852,0.41309136,0.443759,0.44029418,0.49058712,0.4607656,0.43751007,0.42290515,0.41588292,0.49649695,0.47376284,0.48435953,0.5499092,0.51576644,0.51949185,0.54993045,0.33787528,0.2976367,0.3263444,0.3729307,0.35568354,0.3909822,0.35626757,0.3590118,0.3929787,0.4201217,0.40813053,0.4590193,0.4799032,0.43899825,0.3406356,0.4003972,0.3830383,0.44722375,0.5321834,0.48531026,0.46672297,0.48485813,0.43703154,0.47813886,0.45209587,0.35226634,0.4062261,0.5257154,0.6312289,0.4731735,0.4385401,0.44425464,0.44955802,0.4850756,0.47327706,0.4418743,0.49183968,0.47578457,0.539776,0.59079415,0.43221298,0.47107184,0.45010585,0.50596696,0.5859121,0.46353093,0.36387217,0.6478284,0.40118843,0.45938972,0.45338988,0.49501634,0.47545782,0.45607606,0.45304674,0.5843066,0.6466362,0.41060695,0.4653335,0.6163377,0.44487324,0.55872774,0.35565934,0.4544337,0.5940914,0.4748886,0.5093294,0.46452326,0.38898084,0.31430554,0.46953532,0.4255752,0.44533765,0.49960098,0.35288033,0.34024373,0.36171776,0.53420895,0.46897304,0.38682365,0.4365684,0.4306115,0.42763343,0.41012466,0.38800216,0.410158,0.44748765,0.5270182,0.5261278,0.32993606,0.3025202,0.45517772,0.5554103,0.44605544,0.38139638,0.33842105,0.37908116,0.4700245,0.67311054,0.44234324,0.54371715,0.5484321,0.42807928,0.5433006,0.376755,0.34581172,0.42178583,0.4760039,0.48125756,0.42662397,0.525396,0.39271665,0.4942053,0.4201083,0.37102953,0.33785143,0.3633622,0.34090394,0.3743756,0.42723173,0.3233558,0.33404413,0.33597338,0.31148627,0.38823053,0.48879915,0.4632252,0.6071641,0.32455385,0.48846796,0.48976657,0.624364,0.29486284,0.28688997,0.31801474,0.2807091,0.33533117,0.35703298,0.41065222,0.46807313,0.35728487,0.34642684,0.45857787,0.45719847,0.4595592,0.4845036,0.4527499,0.4835859,0.4761231,0.47539398,0.4932436,0.4775775,0.47827998,0.46251324,0.44305143,0.4740347,0.5008738,0.47434273,0.40958464,0.4963079,0.48478466,0.5383652,0.4564416,0.49384156,0.4601514,0.45947483,0.42044562,0.46070957,0.48740315,0.4471485,0.42480814,0.43835908,0.44725332,0.47288316,0.44990394,0.4954927,0.5337048,0.5496608,0.46682823,0.5410199,0.33254614,0.29595506,0.27471024,0.34350187,0.32514203,0.38946626,0.3594316,0.31390145,0.36087105,0.45295563,0.4284574,0.42391884,0.4666242,0.48717773,0.36717564,0.40416434,0.40087235,0.36977378,0.5400272,0.49817747,0.43366483,0.44499004,0.44992787,0.48426223,0.40916714,0.36366853,0.3947342,0.5275132,0.65219843,0.45959118,0.44188133,0.4360124,0.4460342,0.46071815,0.45981574,0.45339534,0.48999274,0.51345366,0.54706067,0.6190437,0.44803694,0.59740824,0.4773867,0.5162767,0.61339015,0.49998456,0.41348788,0.6822522,0.37818488,0.4967358,0.4559033,0.475625,0.4244217,0.4416079,0.45187163,0.58677894,0.6296351,0.37285355,0.47377238,0.6229474,0.41188654,0.54703885,0.33646673,0.50083333,0.55082446,0.4322843,0.4590884,0.46158004,0.39985198,0.3078197,0.4628971,0.39906186,0.4216545,0.44797146,0.35326487,0.3276002,0.39084214,0.51849896,0.43840685,0.40072557,0.46003422,0.4552176,0.47734016,0.44172776,0.46038753,0.45297033,0.45029816,0.4610166,0.42549646,0.42866552,0.43556502,0.4313795,0.47820652,0.46173105,0.41738358,0.44801062,0.42641136,0.4268949,0.42041105,0.41219586,0.44087517
30,0.43001378,0.46420327,0.37217504,0.428933,0.46444014,0.580765,0.6142672,0.34094867,0.32293597,0.475727,0.61305344,0.4360218,0.37228593,0.32420856,0.33485445,0.57345045,0.73619086,0.46955997,0.60180736,0.5976578,0.53674453,0.5601428,0.4022202,0.34638676,0.42322922,0.46885943,0.38337123,0.40234077,0.5626602,0.40846658,0.45198074,0.41580194,0.36613697,0.34394303,0.34169245,0.31661662,0.35115898,0.3951358,0.32901865,0.34048057,0.35575753,0.33343822,0.40332228,0.4268402,0.4702839,0.6613747,0.35655522,0.5624843,0.54727334,0.665195,0.30903113,0.30461168,0.33738667,0.29838687,0.3319593,0.37419716,0.42701364,0.44991767,0.3541198,0.34915105,0.44986007,0.48797196,0.47528225,0.4680281,0.45724532,0.47812182,0.505521,0.5329179,0.49895915,0.50560987,0.49961472,0.49591967,0.47764093,0.47146186,0.4751417,0.48828697,0.5130022,0.5230575,0.43315554,0.62417966,0.46019524,0.493579,0.5324673,0.39841586,0.46254933,0.42620748,0.48214465,0.45669866,0.45397255,0.4227597,0.41410273,0.5034913,0.48008814,0.46044853,0.5935642,0.54258794,0.5381221,0.5473379,0.33374238,0.2972907,0.31741184,0.38360325,0.36315534,0.39111662,0.361358,0.36176932,0.40646553,0.40633732,0.3901353,0.4652445,0.46209717,0.40777442,0.3226516,0.39081827,0.38111237,0.47730628,0.59196806,0.49826014,0.45852712,0.48986244,0.4318568,0.48815513,0.44959775,0.35732093,0.41187024,0.5205313,0.6311238,0.4609461,0.43342885,0.44714195,0.4506585,0.498312,0.49764,0.4575596,0.496221,0.49982208,0.5674417,0.6415875,0.42903274,0.4849068,0.46042702,0.5019412,0.59941846,0.49509317,0.36660174,0.6902276,0.41576114,0.46784225,0.4713094,0.5007102,0.48312798,0.46601146,0.44554427,0.6078842,0.6484726,0.453083,0.5163203,0.6567263,0.47700077,0.56055456,0.3209855,0.45199254,0.6239048,0.4631363,0.5164036,0.4618312,0.38646287,0.3184323,0.45383245,0.4149927,0.47740504,0.504812,0.353727,0.33934647,0.3619901,0.52031255,0.5015444,0.38132855,0.41266602,0.40353855,0.41922766,0.45147148,0.37562326,0.4121258,0.45925194,0.5578408,0.5537818,0.32816488,0.30553618,0.4666586,0.5892748,0.42168126,0.39280844,0.30669963,0.36105576,0.49907082,0.727845,0.47079647,0.59261376,0.5978211,0.46577471,0.58046675,0.40197343,0.34116763,0.4011995,0.4458017,0.4688691,0.40768793,0.5461033,0.3824996,0.4736566,0.40715742,0.33729416,0.33625665,0.33976203,0.34699675,0.37041572,0.42236227,0.3299511,0.3201659,0.3313395,0.31300142,0.37608454,0.49192062,0.47026122,0.65313745,0.33527872,0.52413803,0.5195692,0.68517935,0.29919764,0.2876007,0.3255221,0.2732916,0.32855964,0.36162692,0.41892162,0.48948473,0.35213688,0.33701226,0.4303631,0.45360178,0.47996047,0.4524614,0.4410354,0.5066301,0.48859185,0.50928205,0.4813551,0.49245602,0.48120025,0.4615993,0.4741654,0.4459576,0.47033983,0.48712295,0.44405043,0.52319926,0.5056422,0.571639,0.4862074,0.51768,0.48519635,0.4635392,0.4643633,0.45773515,0.49210334,0.43821624,0.41391653,0.4363379,0.45835972,0.47900558,0.45069638,0.4697466,0.5800044,0.58000165,0.50765544,0.5689434,0.3330315,0.2912269,0.26763955,0.35339382,0.32550654,0.38929966,0.37037754,0.31325376,0.36265102,0.4461007,0.42087424,0.4229837,0.46823102,0.4668838,0.36119244,0.3978851,0.41245106,0.39014235,0.5992261,0.50261366,0.4277447,0.44414577,0.4419806,0.4945211,0.404923,0.35396847,0.39569947,0.5234027,0.6609435,0.44051227,0.42665547,0.43671533,0.4452576,0.47209463,0.5007517,0.46977127,0.503703,0.5400086,0.59836507,0.67904985,0.4515486,0.6263789,0.48529375,0.5090532,0.62921447,0.5446463,0.44485682,0.7216503,0.39453182,0.51998127,0.49455124,0.48214105,0.43952453,0.4426251,0.4473672,0.61459786,0.63332933,0.40889323,0.5307869,0.65550387,0.428357,0.5489401,0.29754382,0.5006794,0.58358806,0.42071941,0.46168908,0.44825393,0.39713997,0.3109701,0.4588975,0.4107565,0.45379725,0.43242663,0.3450974,0.3237034,0.3890413,0.49020278,0.47283494,0.40291747,0.44154292,0.43185183,0.47197887,0.43183005,0.45956746,0.4555609,0.45501265,0.4631132,0.42437822,0.42653087,0.43393385,0.42757484,0.4811148,0.4605756,0.41154262,0.44794393,0.41732657,0.41966718,0.4198053,0.41304767,0.44272527
31,0.42471698,0.5079454,0.37392452,0.4321139,0.47222635,0.59914964,0.62558043,0.35306028,0.3458781,0.48026714,0.6339787,0.422924,0.38195443,0.30016118,0.3135755,0.6054913,0.7669009,0.49345624,0.6312892,0.64077145,0.5723946,0.5848656,0.43804413,0.35145375,0.4004906,0.45559523,0.3684558,0.39414734,0.5650687,0.39516255,0.42942,0.40301505,0.3524493,0.33028886,0.3143803,0.3338045,0.35613596,0.39398,0.3469494,0.34406927,0.36946565,0.34632716,0.40311667,0.42027566,0.47912273,0.6845011,0.37524393,0.5893439,0.57040656,0.7011716,0.32991868,0.31545562,0.3534002,0.30554295,0.3353634,0.38006127,0.43291473,0.44915715,0.3578362,0.3367839,0.42049813,0.46434808,0.48454234,0.4360764,0.43443325,0.47205442,0.51511866,0.5295472,0.48394948,0.5122997,0.48799393,0.49003863,0.49641797,0.45740634,0.45770067,0.4746537,0.54405576,0.5316066,0.43961728,0.64834934,0.45425624,0.50223124,0.5463779,0.38466084,0.4757384,0.4086847,0.46876532,0.45341176,0.46776658,0.42339584,0.41217813,0.50589657,0.4845173,0.4337834,0.6247065,0.5595656,0.5448705,0.5319782,0.33707556,0.30870336,0.32096836,0.39987713,0.3771249,0.39595592,0.37123418,0.37115225,0.42239323,0.3904439,0.37358782,0.47052604,0.43860403,0.3803551,0.31184518,0.38073602,0.38243732,0.50227416,0.63476425,0.5085308,0.4506464,0.49286607,0.4312698,0.49359956,0.44401088,0.36930415,0.4188533,0.51321965,0.6188595,0.44693437,0.42643255,0.4463873,0.45064223,0.5046627,0.5150237,0.47164214,0.49782658,0.5182748,0.58408844,0.6736774,0.4236437,0.49505612,0.47537026,0.49811232,0.6068215,0.5185364,0.37414634,0.714494,0.42733413,0.46934307,0.48132166,0.5003791,0.48682737,0.47652414,0.44146758,0.6171267,0.63722825,0.49463075,0.55834484,0.6827006,0.51037157,0.5557078,0.2996022,0.44774795,0.63831383,0.4521655,0.5187172,0.458733,0.3883282,0.33397037,0.4341881,0.40319008,0.5036245,0.5032779,0.36145678,0.34720743,0.3685462,0.5007943,0.5235708,0.38144603,0.38722384,0.37687898,0.4133493,0.49124894,0.3719926,0.41777256,0.46826756,0.577022,0.56929785,0.33777732,0.32171237,0.47689903,0.6071848,0.39790562,0.40937516,0.28892174,0.35160616,0.52296484,0.75896174,0.49716398,0.6278525,0.6338694,0.5002944,0.600428,0.43104967,0.34421518,0.38134295,0.41487753,0.46040648,0.3951285,0.56236947,0.3828928,0.45930606,0.39598846,0.317326,0.34453368,0.32689035,0.36533663,0.37375125,0.41945615,0.3495449,0.31808358,0.33660337,0.3251339,0.3660123,0.48793694,0.47835442,0.682694,0.3545204,0.5536452,0.54560226,0.72404265,0.3171698,0.30159184,0.34437242,0.2790758,0.33133715,0.37040207,0.42919955,0.50823194,0.35388634,0.3337578,0.40343708,0.44496867,0.49524134,0.4218818,0.43356466,0.52803373,0.49711648,0.5367966,0.46563303,0.5043803,0.4820372,0.46185452,0.5016174,0.41558978,0.4365548,0.49713674,0.47964022,0.5406109,0.5245828,0.5967599,0.51362115,0.53655183,0.5045304,0.4625569,0.50463957,0.44875577,0.48960665,0.432855,0.40704417,0.43879315,0.46436223,0.48765782,0.45206887,0.4429719,0.614954,0.5993461,0.5412441,0.5821141,0.34050038,0.29870832,0.27482635,0.3718304,0.33529902,0.3956195,0.38633892,0.3232808,0.36941886,0.43457454,0.41291746,0.42500773,0.4652445,0.44275856,0.35805357,0.3922083,0.42533076,0.41446668,0.64158076,0.50575036,0.42518958,0.4457765,0.438809,0.50206125,0.40204802,0.3505748,0.39925313,0.5172168,0.65736485,0.4234409,0.4114081,0.4364183,0.44472173,0.48253348,0.5363538,0.4845628,0.5148127,0.55869836,0.63200647,0.7155088,0.45283026,0.63960457,0.49431857,0.5023131,0.6376523,0.57906586,0.47868052,0.741539,0.41067898,0.5339872,0.5259227,0.4860761,0.4573985,0.44803733,0.44590417,0.62762564,0.62810385,0.44706577,0.5764589,0.67355996,0.44992858,0.5450499,0.27275956,0.49911466,0.60376483,0.4163289,0.46721542,0.43751755,0.39870527,0.32650396,0.4532558,0.42403582,0.48631376,0.41836005,0.34369522,0.32830897,0.39125127,0.4635276,0.5043037,0.40923417,0.419652,0.40781644,0.46661705,0.42395288,0.45805007,0.45918944,0.45867,0.4634427,0.42555636,0.42598686,0.4338817,0.42617193,0.48269302,0.46030128,0.40859643,0.44848788,0.41046056,0.4149148,0.4217273,0.41704682,0.4449956
32,0.42635587,0.5449644,0.388175,0.4421894,0.48154387,0.6066422,0.62522763,0.37368593,0.37767196,0.48501533,0.63909197,0.4121996,0.40232244,0.29265615,0.3061809,0.6262326,0.77645075,0.5147575,0.64865005,0.6676586,0.59683037,0.5956985,0.47611248,0.36296043,0.38148743,0.44074872,0.36549395,0.39493313,0.5616041,0.39385352,0.4179302,0.39377794,0.35194063,0.32707793,0.30355126,0.3610099,0.37071294,0.3997315,0.37572253,0.35757187,0.38769534,0.37049082,0.403739,0.41462448,0.49218038,0.69317734,0.4004943,0.6075892,0.5911424,0.71676904,0.36299866,0.3390995,0.3772509,0.3245838,0.3473761,0.3898644,0.44090262,0.44779044,0.3690811,0.33266422,0.39588296,0.4374653,0.48408806,0.40796205,0.4167377,0.4656206,0.5163522,0.51487917,0.4692215,0.51115894,0.47280818,0.47671685,0.5022168,0.44062796,0.44138256,0.46095183,0.5614956,0.52717286,0.4423188,0.64909333,0.44947964,0.5021587,0.54575884,0.3738606,0.47815293,0.39095125,0.4545545,0.45495224,0.47686973,0.42632267,0.4087884,0.50235325,0.48617908,0.41164193,0.64411867,0.56525683,0.5369769,0.50473297,0.3466733,0.33142197,0.3364945,0.4200849,0.39580342,0.40566152,0.38519278,0.38700864,0.43657348,0.3767556,0.36262774,0.47644994,0.41471738,0.3616272,0.30964932,0.37292334,0.3881666,0.52107006,0.657948,0.51576006,0.44598582,0.49523118,0.43962392,0.49471027,0.43889037,0.38703895,0.42751443,0.50972074,0.5985234,0.43829635,0.42195657,0.44496956,0.45256507,0.50742716,0.5221993,0.4820177,0.49843517,0.5293921,0.58769083,0.68768823,0.4193971,0.50114524,0.49679416,0.49910623,0.6111524,0.53018594,0.3862702,0.7229055,0.43866962,0.4636907,0.48118103,0.49870104,0.48706016,0.49056622,0.4454022,0.61410993,0.61791366,0.53102434,0.58838004,0.69642377,0.542463,0.5483678,0.29783458,0.442641,0.6392074,0.44332612,0.51757455,0.45393786,0.39577344,0.3597468,0.41518152,0.39070463,0.5181746,0.49706712,0.3734595,0.36346206,0.38013414,0.4851491,0.5311,0.38669083,0.36519125,0.35505947,0.41556326,0.5242707,0.3816276,0.43093234,0.47769353,0.5867259,0.576295,0.3563976,0.34788063,0.4880548,0.6083824,0.3796188,0.43327147,0.28895622,0.35504878,0.5429271,0.7694418,0.5200272,0.651036,0.65550154,0.5295402,0.6045914,0.46046227,0.35468245,0.36572048,0.39000905,0.4606357,0.39396992,0.57620454,0.3989137,0.45750067,0.39057824,0.3172932,0.36441356,0.3308474,0.39213374,0.38455093,0.42078874,0.37842378,0.3271587,0.35161456,0.34744352,0.3617527,0.4781969,0.4901144,0.6958552,0.38231802,0.57796156,0.5695585,0.7421754,0.3467765,0.32956743,0.3716736,0.2974328,0.34270018,0.38522255,0.44112784,0.52256083,0.36330715,0.33911616,0.38342974,0.43273127,0.5041044,0.39961296,0.43470544,0.5442916,0.50400305,0.5540642,0.45240995,0.5138278,0.48311046,0.4668511,0.52099055,0.38925293,0.4094365,0.50589925,0.51111233,0.5472041,0.54105616,0.6109504,0.53536475,0.5473792,0.51531154,0.45850462,0.5335572,0.43629405,0.48192057,0.43518153,0.40677807,0.44608843,0.46410495,0.4980478,0.4537029,0.42087758,0.6375628,0.6077739,0.5625914,0.57767683,0.35476333,0.3185431,0.29616362,0.39701727,0.3524719,0.40726927,0.4072646,0.34432828,0.37896067,0.4223958,0.40746534,0.43111002,0.45880726,0.41977754,0.36028948,0.38926688,0.43970415,0.44277686,0.66552055,0.50859827,0.42831704,0.45093265,0.44498274,0.5068033,0.40349352,0.35322016,0.4049827,0.51354045,0.64486706,0.413526,0.40185,0.43894926,0.44793358,0.4946134,0.56164443,0.49792984,0.523791,0.56976324,0.6457134,0.7296619,0.45375997,0.6379918,0.5068319,0.5019312,0.6425034,0.5993991,0.51180494,0.7449648,0.428739,0.5391725,0.54578114,0.49137774,0.4786924,0.46072286,0.4518905,0.6282934,0.61890775,0.48408175,0.6076206,0.67992663,0.4768901,0.53931016,0.26778316,0.49961144,0.61207664,0.421813,0.4778038,0.4293555,0.4052041,0.35332054,0.44869837,0.43781617,0.5135189,0.40849954,0.34733364,0.34002012,0.3964113,0.44706625,0.529681,0.4180131,0.39913532,0.3890704,0.4613162,0.41872716,0.45542687,0.46354505,0.4612378,0.4617512,0.42970067,0.42792156,0.43625003,0.4279928,0.48395586,0.4621824,0.40815726,0.44951916,0.40650192,0.41347423,0.42713305,0.42459428,0.44811717
33,0.43930924,0.57246906,0.41543385,0.46265638,0.4960373,0.6075362,0.61980176,0.39898035,0.41289222,0.49105886,0.63079184,0.4085565,0.43440723,0.30396518,0.31546295,0.638353,0.7683819,0.5339223,0.6576792,0.6795915,0.6111327,0.59684247,0.5109076,0.37959924,0.37191683,0.42981058,0.3765239,0.40621266,0.55462354,0.40864992,0.420398,0.3925702,0.36825866,0.33802575,0.31432346,0.39315462,0.39365345,0.41263893,0.41195932,0.37773964,0.40660238,0.4049525,0.40555513,0.4109025,0.51038516,0.6885929,0.43089336,0.62011224,0.6108668,0.7145648,0.40444624,0.37415442,0.40497515,0.35321176,0.36481312,0.40315247,0.45090404,0.4480714,0.38801438,0.3384162,0.38027135,0.41341147,0.47404015,0.3886694,0.40793905,0.4596177,0.5118692,0.4908788,0.46009877,0.5056525,0.45776287,0.45952034,0.49329013,0.42571333,0.43217272,0.45249933,0.5630227,0.5105818,0.44119582,0.6261257,0.44908702,0.4922454,0.530359,0.36697015,0.46763048,0.37696385,0.44518328,0.4646272,0.48163074,0.43349165,0.40364727,0.49209434,0.48441613,0.40008724,0.65365845,0.5594473,0.51465106,0.46994197,0.35948825,0.36318547,0.361615,0.44184968,0.41695717,0.41946384,0.4020249,0.40794683,0.44574708,0.36843735,0.36002982,0.48438454,0.3958799,0.35504854,0.31523657,0.3692626,0.3979318,0.53376263,0.6629029,0.51995707,0.44628468,0.49777815,0.45859206,0.49273196,0.43816668,0.40879542,0.4389755,0.5137003,0.57431734,0.44119856,0.42529798,0.44678408,0.4593513,0.5107307,0.5185578,0.48749086,0.4999123,0.5334417,0.5785323,0.6869155,0.4200111,0.50254315,0.5231506,0.506693,0.6135465,0.5301481,0.40291077,0.7183002,0.45176664,0.45197162,0.4719545,0.5005814,0.4855439,0.5090284,0.45908627,0.6022182,0.59574926,0.55946225,0.60677296,0.7004021,0.5697337,0.5418314,0.32006463,0.43855333,0.6301379,0.4373435,0.51423705,0.4469002,0.4090195,0.39279065,0.40068772,0.38017812,0.51790136,0.48967758,0.38726592,0.3865411,0.39544788,0.4816881,0.52417153,0.39609867,0.35111588,0.34281904,0.42957518,0.5472835,0.40568545,0.45385602,0.49093062,0.5912292,0.5800656,0.38085636,0.3798556,0.5006608,0.59426314,0.37039858,0.4648733,0.30849773,0.37331352,0.56045914,0.7630507,0.53914434,0.6658432,0.6645205,0.55424345,0.59864986,0.48672488,0.3713407,0.35691434,0.37607855,0.47039387,0.40604904,0.5880536,0.43216473,0.46993455,0.39479673,0.34134546,0.39625713,0.35595462,0.42297646,0.40178582,0.42748526,0.41235554,0.34529847,0.37506032,0.37912863,0.3658508,0.46474817,0.5063664,0.69359654,0.41860273,0.5987961,0.59258974,0.7425031,0.3845902,0.37101528,0.40361604,0.3268322,0.36074412,0.4071717,0.45382428,0.53187585,0.38014692,0.35379565,0.3746172,0.42025274,0.5062747,0.39024428,0.4466589,0.5514514,0.5112348,0.5590572,0.4474729,0.5211963,0.4865204,0.4781499,0.52923685,0.37139493,0.3968462,0.5149124,0.5333339,0.5432417,0.55287,0.6121795,0.54875207,0.5478775,0.51578754,0.45376548,0.54574937,0.42412063,0.4733744,0.44715366,0.41444823,0.4569225,0.4583805,0.5080485,0.4548247,0.40795293,0.6484233,0.6059823,0.56894505,0.5563465,0.37422532,0.3493186,0.3302452,0.4257314,0.3744328,0.4219401,0.43248692,0.37510774,0.3896713,0.41303173,0.40658087,0.44124267,0.45059568,0.4027532,0.36907935,0.38981593,0.45563012,0.4751455,0.6733041,0.51118,0.4380332,0.4592378,0.46208265,0.5090037,0.41170856,0.36194775,0.41306207,0.51506245,0.62662274,0.41437125,0.40294534,0.44748914,0.45761847,0.50986564,0.5738373,0.5103296,0.53127277,0.5747252,0.6405952,0.7254958,0.45626187,0.62305665,0.52219677,0.5102846,0.6452157,0.60456777,0.54002213,0.7346948,0.45043868,0.5367699,0.5522051,0.5008417,0.5024559,0.48067173,0.4667211,0.6208193,0.6093809,0.51790994,0.6257035,0.67799187,0.507367,0.5346467,0.28645253,0.5034167,0.61153775,0.437354,0.49313644,0.42317832,0.41612834,0.38841125,0.44676185,0.45123875,0.5300321,0.40474522,0.3543214,0.35753584,0.4039562,0.44545922,0.5463586,0.42782825,0.38520244,0.38130507,0.45576638,0.4167069,0.4513634,0.46769932,0.4630276,0.45825735,0.43697208,0.43326533,0.4414285,0.43337044,0.48545602,0.46650267,0.4095437,0.45089754,0.40535957,0.415307,0.43645307,0.43564594,0.4524633
34,0.4637914,0.58967733,0.45232266,0.49292353,0.5164354,0.60542566,0.6143535,0.4246013,0.44629157,0.4982922,0.6132833,0.41465482,0.475226,0.3339625,0.34229308,0.6442273,0.74610674,0.5510405,0.66168946,0.6790042,0.61718196,0.59342784,0.5373266,0.399001,0.37518412,0.4268704,0.4011905,0.42791092,0.5468074,0.43913233,0.43542734,0.40253997,0.40050486,0.36421302,0.34822258,0.42523322,0.4222489,0.43172845,0.45162368,0.4004417,0.42298064,0.44622317,0.40875414,0.41005418,0.5327931,0.67322224,0.4639843,0.62909883,0.6288076,0.6989745,0.4486093,0.41657272,0.43242872,0.38747454,0.384112,0.41841874,0.46208122,0.4517297,0.41313896,0.35358647,0.3756394,0.39761788,0.4580054,0.3806085,0.40862763,0.45439196,0.5055083,0.46236944,0.46025613,0.49997127,0.446246,0.44301426,0.4727451,0.41704935,0.43381384,0.45287874,0.55010915,0.48653275,0.4384085,0.5841921,0.4548701,0.47459742,0.50403833,0.3649756,0.44688192,0.37027162,0.44483218,0.4822519,0.48474,0.44582155,0.39800984,0.47582316,0.47911265,0.4020056,0.6558567,0.5443733,0.48203912,0.43465868,0.37215185,0.39980045,0.3920039,0.46257302,0.43825394,0.43544692,0.4201792,0.4314427,0.44894183,0.3674418,0.36680168,0.4947813,0.38664135,0.3618547,0.3266281,0.37072587,0.41048574,0.5413872,0.653721,0.5210205,0.4512467,0.50041246,0.48599923,0.4891928,0.44467768,0.43219447,0.45418933,0.5250079,0.54986066,0.458779,0.4402571,0.45551187,0.47220847,0.5168689,0.50641465,0.4880179,0.5033008,0.53231066,0.56018215,0.6753955,0.4287255,0.50048804,0.55037946,0.51983327,0.6139664,0.5227675,0.4238091,0.70404387,0.46706817,0.4378302,0.45841536,0.50927216,0.484005,0.52988505,0.4806116,0.5850734,0.574335,0.57854307,0.6153854,0.6965177,0.58872306,0.5374171,0.3674058,0.43786487,0.6151224,0.4335444,0.5085487,0.43846536,0.4271067,0.4285052,0.3939012,0.3748594,0.5042109,0.48440266,0.40080944,0.41341284,0.41303077,0.49393287,0.5067778,0.40844584,0.34775397,0.34341082,0.4549937,0.5597427,0.44124576,0.4851872,0.50911075,0.59408826,0.5841544,0.40752125,0.4131002,0.51392937,0.5693406,0.37194002,0.5014664,0.34642178,0.4055815,0.57573307,0.7433342,0.5545005,0.6753999,0.66366744,0.57557344,0.58935606,0.507215,0.3919492,0.35668117,0.3753346,0.48752886,0.4304105,0.5974679,0.4790616,0.4930277,0.41042453,0.3888345,0.43663183,0.40194094,0.453569,0.42325374,0.43968013,0.44695583,0.36920702,0.4042317,0.41768032,0.37902156,0.45095176,0.52619684,0.6784278,0.4612834,0.616828,0.6139576,0.7287106,0.42578176,0.4223814,0.4359835,0.36412084,0.38304713,0.4352996,0.4663398,0.53680766,0.40258572,0.37653068,0.37820956,0.4116826,0.50352097,0.39463386,0.46716446,0.5471032,0.51976573,0.55248034,0.45402944,0.52670836,0.49336904,0.4937979,0.52683336,0.36491203,0.4023805,0.5248334,0.54355407,0.53137887,0.5582392,0.60033,0.55309933,0.5381445,0.5072571,0.45110667,0.5407813,0.4163634,0.4693773,0.46699786,0.42988908,0.46837425,0.45015162,0.515178,0.45460948,0.40619987,0.6489935,0.59570193,0.5610811,0.5236801,0.39602292,0.38729313,0.37309712,0.45377952,0.39814618,0.43659768,0.459857,0.41194484,0.4006436,0.40901253,0.41133758,0.45428613,0.44330278,0.39495006,0.3836956,0.39339423,0.47218654,0.50999767,0.6688618,0.51257366,0.45309734,0.46891373,0.4877173,0.50880396,0.4277158,0.37617332,0.4236153,0.52145326,0.6048972,0.42724144,0.4175309,0.4638553,0.47423553,0.5270464,0.57300025,0.5217507,0.537302,0.57525635,0.6207488,0.7075114,0.46245113,0.5984213,0.53794646,0.5259622,0.64538234,0.59713733,0.5599783,0.7136125,0.47566757,0.5293687,0.5472637,0.5151622,0.52591765,0.5047552,0.48800176,0.60930115,0.6000543,0.5470329,0.6336104,0.67040914,0.5374147,0.5318723,0.33051383,0.5097432,0.6055839,0.45940164,0.50938445,0.41860068,0.4298971,0.42668194,0.44856295,0.46401715,0.5334755,0.4078606,0.3631223,0.37914157,0.41334257,0.4581322,0.55307174,0.43762335,0.38188902,0.3876341,0.449692,0.41799158,0.44590637,0.47046977,0.46447542,0.4536629,0.4467102,0.44216922,0.44897637,0.44175056,0.4870225,0.47234154,0.41210026,0.4524515,0.40640542,0.41953588,0.44911224,0.4492717,0.4580138
35,0.49486506,0.59704095,0.49218088,0.52723426,0.5390451,0.60068864,0.60903186,0.44695696,0.47382557,0.5060259,0.59055036,0.43000826,0.51803946,0.37922058,0.38461414,0.6442368,0.71240294,0.5641979,0.6608946,0.66711766,0.615073,0.58742684,0.55248106,0.4184949,0.3917829,0.4329504,0.4362377,0.45841312,0.5400965,0.47979045,0.4583521,0.4239869,0.4421751,0.40191802,0.40122706,0.45295617,0.452599,0.4550443,0.48920423,0.42222366,0.43544236,0.48809853,0.41410977,0.41358334,0.5563251,0.6506899,0.49654517,0.63399965,0.6418379,0.6741916,0.48924258,0.46036798,0.45620817,0.42333525,0.40306368,0.43481952,0.47318327,0.45863578,0.4413259,0.37663293,0.381812,0.39315858,0.4416662,0.38363034,0.41572753,0.44939256,0.5010213,0.43541583,0.47071636,0.4972388,0.44036376,0.43127173,0.4476091,0.4173866,0.44633523,0.46269098,0.52732456,0.46259075,0.43711886,0.53199786,0.46614566,0.45363483,0.47388875,0.36980906,0.4226331,0.37295026,0.45403847,0.50332534,0.4890062,0.46240115,0.39416397,0.45589894,0.47101116,0.41668352,0.65145296,0.5247329,0.44664127,0.40621343,0.38350874,0.4364256,0.42287955,0.47987622,0.45784542,0.45114726,0.43847862,0.4545989,0.44759122,0.37527803,0.38270748,0.5064562,0.3893502,0.38087523,0.34303147,0.37825242,0.42531902,0.5457897,0.63512915,0.51848745,0.45912105,0.50236183,0.516403,0.48498046,0.45894316,0.4544211,0.47251862,0.5399906,0.52752167,0.4895378,0.46652082,0.4730937,0.4896851,0.52515036,0.48951626,0.48456135,0.5077546,0.52743065,0.5380267,0.65523255,0.4464985,0.49837735,0.5736042,0.5354173,0.61146617,0.5133252,0.44706616,0.682293,0.48411214,0.42681238,0.44723958,0.52512395,0.48364502,0.54902303,0.50524664,0.5652128,0.5547909,0.5874636,0.61565995,0.6847754,0.5970918,0.5344599,0.43445146,0.44234908,0.5964624,0.43058276,0.49890485,0.43062732,0.44816515,0.46187302,0.39696264,0.37657145,0.4824869,0.48259872,0.4129116,0.44026655,0.43114176,0.51939815,0.48540714,0.4224224,0.355711,0.35737398,0.48665914,0.56304544,0.4820097,0.5192291,0.52929354,0.59514153,0.58745956,0.4330128,0.44341984,0.5259599,0.54018503,0.38419524,0.5374613,0.39767677,0.44757622,0.5871131,0.71235114,0.56472385,0.6794724,0.65406513,0.5918594,0.579432,0.5204633,0.41390938,0.3663069,0.38796103,0.50837356,0.46382058,0.6031086,0.5308669,0.5197502,0.4360309,0.4514858,0.47774234,0.46151268,0.47979608,0.44607982,0.45647135,0.47761628,0.395585,0.43547663,0.45832676,0.40042564,0.44107834,0.5469512,0.65408915,0.5055377,0.6300026,0.63063496,0.7037437,0.46482116,0.47664702,0.46467707,0.4052938,0.4075273,0.46691605,0.47797742,0.5377607,0.42742997,0.40484658,0.39245754,0.41020623,0.49880096,0.41021574,0.48996487,0.5311643,0.52935505,0.5374056,0.47180903,0.53036386,0.50315994,0.50932354,0.5175146,0.37175846,0.42517972,0.53483605,0.54229605,0.51579803,0.55579937,0.5762025,0.54899347,0.52020836,0.49358806,0.45304117,0.52296627,0.41597572,0.47409615,0.48958272,0.45137474,0.47693753,0.44317755,0.5172515,0.45288202,0.41501293,0.6391618,0.57961357,0.54273856,0.48902154,0.41747436,0.42722633,0.41867286,0.4770828,0.420812,0.44869596,0.48588905,0.44943658,0.4115926,0.4121485,0.42195708,0.46842754,0.43963885,0.3975293,0.40254202,0.39989433,0.4876475,0.54369324,0.655495,0.5114775,0.47057799,0.47788805,0.5161499,0.5056982,0.45049867,0.39410996,0.43626636,0.5299364,0.58054394,0.45051822,0.44512507,0.48787546,0.4953713,0.54247,0.56057,0.53088313,0.5404947,0.57129246,0.59186727,0.67852,0.473672,0.5698924,0.551426,0.5447648,0.6412975,0.58124864,0.56920177,0.6835732,0.50242025,0.5205153,0.5359944,0.5330383,0.54537463,0.52821726,0.51071113,0.5952684,0.5885736,0.5689342,0.63283515,0.65756565,0.56217885,0.5297773,0.39682832,0.5166025,0.59535474,0.48198736,0.52076256,0.416022,0.444411,0.46215364,0.45489308,0.47623354,0.52530545,0.41748822,0.37296972,0.40249658,0.42366895,0.48030987,0.550381,0.44647267,0.39052746,0.40715015,0.4434339,0.42236596,0.43983874,0.47110423,0.46604103,0.4491808,0.45748302,0.45344904,0.45766303,0.45167756,0.4880288,0.47814214,0.4156877,0.45411596,0.40930876,0.42519245,0.4634186,0.46361822,0.46418566
36,0.52425236,0.5952181,0.52680343,0.55679035,0.5572705,0.5905998,0.59946024,0.46372408,0.49281952,0.51281524,0.564487,0.45108443,0.55459267,0.43273625,0.436778,0.6366028,0.6691128,0.5699802,0.6523251,0.64374286,0.6030882,0.5768695,0.55588144,0.4360219,0.4190255,0.446062,0.4758339,0.49385306,0.534675,0.5219584,0.48296258,0.45420045,0.48364335,0.44361112,0.46356288,0.4731277,0.48041362,0.47964603,0.51871663,0.4407994,0.44421887,0.52358776,0.42219862,0.4226045,0.576299,0.62399185,0.524899,0.6316805,0.6458538,0.6424921,0.52095115,0.49921274,0.4738967,0.45731002,0.42093912,0.4519518,0.48261598,0.4662838,0.4685666,0.40522185,0.39713988,0.40019435,0.42989138,0.3956721,0.4242867,0.44363424,0.50074774,0.41493368,0.48938072,0.49845093,0.44094953,0.42665738,0.42561027,0.42686623,0.46609128,0.47946092,0.500681,0.44519764,0.4390804,0.47870845,0.4796027,0.43354058,0.44666424,0.38317177,0.4021265,0.38498163,0.46998605,0.52124995,0.49548128,0.48085612,0.39431763,0.43544942,0.4615811,0.44041577,0.63878983,0.50534385,0.4164409,0.38936913,0.39464504,0.46868974,0.45004448,0.49165928,0.47455317,0.4640798,0.4561134,0.47473493,0.44430378,0.3923494,0.4060573,0.5167799,0.40318835,0.40866286,0.36495325,0.39261195,0.4422248,0.5481641,0.6105577,0.51184446,0.46767375,0.5022238,0.542629,0.4800032,0.4786141,0.47266617,0.4910749,0.5528857,0.5076656,0.5270318,0.49896443,0.4983372,0.5081029,0.53267837,0.47122076,0.47863945,0.5107546,0.5189332,0.5166034,0.62599856,0.47072592,0.49932465,0.5886034,0.54890436,0.604206,0.5050236,0.46941465,0.65311503,0.5014345,0.42355433,0.44392943,0.5453721,0.4849432,0.5616786,0.5267633,0.54342073,0.53579205,0.585718,0.6079586,0.6634876,0.5939924,0.53072035,0.50827485,0.45211312,0.57392824,0.4277797,0.4833064,0.4255033,0.4697256,0.4885831,0.4097134,0.38533702,0.4592441,0.48328143,0.423425,0.46349126,0.44780532,0.5506792,0.4663503,0.43682477,0.37362128,0.38242456,0.5165493,0.55904466,0.5198588,0.54793113,0.5455816,0.5907862,0.585177,0.4545719,0.46748677,0.53413475,0.5128522,0.40540633,0.5661736,0.45358115,0.49196243,0.5917815,0.6704095,0.56730366,0.6746875,0.63485044,0.5989824,0.5663134,0.5260391,0.43490046,0.3861613,0.41242155,0.5287173,0.50099814,0.6026968,0.57692087,0.5421879,0.46728653,0.51501507,0.5105096,0.52190727,0.49798718,0.46728882,0.4757125,0.50007653,0.4217291,0.46488088,0.49541795,0.42763406,0.43821126,0.56465095,0.62401557,0.5449645,0.63436884,0.63866454,0.6690414,0.4965816,0.525147,0.486219,0.44608685,0.43245018,0.4980035,0.48774946,0.53382605,0.4510896,0.4356772,0.41361374,0.4166165,0.49397182,0.43184638,0.5075624,0.50507826,0.53857565,0.5175156,0.49702528,0.53170335,0.5138826,0.5197442,0.5059369,0.39215443,0.4603406,0.54264945,0.532154,0.5000148,0.5440004,0.54079247,0.5370688,0.49651876,0.4786402,0.46036208,0.49861246,0.42365,0.48830634,0.50868326,0.47564572,0.48008788,0.44007945,0.51256347,0.45022523,0.4318275,0.61707246,0.56015366,0.51871985,0.4611831,0.437083,0.46371356,0.46039623,0.4926758,0.4406146,0.45684335,0.5069378,0.48207924,0.42253712,0.42279863,0.4373772,0.48147058,0.44054908,0.40944722,0.42402068,0.41003013,0.49980968,0.5714536,0.6346895,0.5066281,0.48681268,0.48426405,0.5399133,0.49872974,0.47679245,0.41323736,0.44994628,0.5363865,0.5531003,0.47966874,0.48134857,0.51695544,0.5166452,0.5516384,0.5381588,0.5354096,0.5384878,0.56092036,0.5593927,0.6391004,0.48927408,0.5429987,0.5603968,0.56096995,0.6304392,0.56008494,0.56585413,0.6447757,0.5273048,0.5130556,0.5233869,0.55162907,0.55731195,0.5463439,0.5289233,0.5772397,0.5713829,0.58042055,0.62302315,0.6377791,0.5775695,0.5259128,0.47489178,0.521392,0.57933354,0.4995824,0.5223263,0.41622224,0.45764872,0.48976576,0.4652598,0.48761037,0.50909966,0.43206263,0.38407403,0.42501295,0.43378854,0.50513226,0.54011095,0.4536374,0.40894863,0.43525153,0.43796125,0.42937732,0.43437624,0.46941087,0.4682012,0.44633713,0.46767074,0.4651174,0.46597496,0.46131596,0.48746082,0.4821345,0.42068827,0.4560682,0.4143485,0.4318924,0.4772184,0.47662959,0.47006834
37,0.5437884,0.58461213,0.54873675,0.5736283,0.5648,0.5719227,0.58065057,0.4731381,0.50142384,0.51622957,0.53511435,0.4722162,0.57790905,0.48490062,0.4900489,0.61907524,0.61864835,0.5654181,0.63240767,0.6092822,0.5799526,0.5586988,0.5483038,0.44998538,0.45074463,0.46209833,0.5129206,0.5276719,0.52923685,0.556647,0.5024811,0.48788336,0.5155305,0.48088124,0.52280694,0.4835983,0.5016056,0.50149494,0.5356725,0.453905,0.4494411,0.54708713,0.4317254,0.43607295,0.5880433,0.59463775,0.5447766,0.61882377,0.637945,0.605036,0.5396246,0.5271675,0.4835248,0.48503458,0.4365857,0.46779472,0.48800075,0.4703611,0.49067515,0.4352377,0.41837355,0.41592643,0.424608,0.4125849,0.42892998,0.43607756,0.5050424,0.40277827,0.5112127,0.50246704,0.44743982,0.42896447,0.4120076,0.4426777,0.48700356,0.49831387,0.47586417,0.43647182,0.44328052,0.43109983,0.49018142,0.4165106,0.42590493,0.4042606,0.3900158,0.40387228,0.48776388,0.5301559,0.50350595,0.49800834,0.39961356,0.4172519,0.45254102,0.46738958,0.6161744,0.48865047,0.39698607,0.3851143,0.40629718,0.4924096,0.46921968,0.49581766,0.48729682,0.47157437,0.47145054,0.48920685,0.44133574,0.41604033,0.4325392,0.5226658,0.42372853,0.43945375,0.39140838,0.41275102,0.45902225,0.5475563,0.58195245,0.50106025,0.47451484,0.49787498,0.557512,0.4736502,0.49909613,0.4843179,0.50544345,0.5575098,0.48885483,0.56173515,0.52954406,0.52685684,0.52297086,0.53596056,0.45366958,0.47182882,0.50941473,0.5065183,0.49825647,0.5873568,0.49550873,0.5035606,0.59237057,0.55537474,0.5902029,0.49887267,0.48775402,0.6162636,0.51572317,0.42933783,0.45082125,0.56496704,0.48715538,0.5639311,0.5388961,0.51977164,0.51430696,0.57357025,0.5922846,0.63156205,0.580156,0.5234631,0.5732058,0.4648029,0.5464242,0.42543575,0.4602841,0.42431563,0.4886375,0.5051411,0.42834705,0.39990366,0.43950063,0.484256,0.43244466,0.47989276,0.46091384,0.5781801,0.45366466,0.45058307,0.39780396,0.41349423,0.5370082,0.5489822,0.5468649,0.5642583,0.55207956,0.57698715,0.5724707,0.46949333,0.48258528,0.5358209,0.4911665,0.431712,0.58196235,0.5039318,0.5303173,0.587055,0.6184945,0.5602375,0.65736294,0.6052345,0.59334373,0.54552203,0.52407163,0.45269164,0.41424897,0.44500265,0.5443254,0.5350005,0.5939352,0.6083681,0.5531819,0.49816817,0.5652503,0.5281465,0.57047,0.5053591,0.48388293,0.49396613,0.5111995,0.44449005,0.4882314,0.5242931,0.45589072,0.44230944,0.5751682,0.59056807,0.5732416,0.62662,0.63530016,0.6261096,0.5167772,0.55978507,0.49783906,0.4810165,0.45517695,0.5231955,0.49355337,0.5231512,0.4702194,0.4648409,0.43636253,0.42867827,0.4885771,0.45246002,0.5134819,0.47061425,0.5453754,0.4955619,0.5232271,0.52972275,0.5224436,0.5208315,0.49562442,0.42305002,0.49955204,0.5453048,0.5163202,0.48552513,0.5215558,0.4961275,0.51775897,0.46919978,0.46444672,0.47115424,0.47341186,0.4377012,0.5088097,0.5190409,0.49845046,0.47714946,0.44162896,0.50000525,0.44747823,0.45273387,0.5818195,0.5387227,0.49366003,0.44482267,0.4538182,0.49149173,0.49164492,0.49886075,0.45652044,0.4602192,0.5199666,0.50530446,0.43323866,0.43857902,0.4546062,0.49102575,0.4442791,0.42747855,0.4458802,0.4239008,0.50576264,0.58847064,0.6069738,0.49704638,0.49799582,0.4857884,0.5516602,0.4874212,0.5015446,0.43094987,0.4629448,0.53622687,0.5219714,0.508066,0.51865524,0.54652107,0.53339523,0.55070466,0.5079929,0.53325224,0.5293552,0.5420807,0.52773035,0.59011364,0.5061837,0.52063125,0.5627313,0.5688319,0.6106173,0.5356244,0.5494568,0.5976274,0.54600847,0.50787604,0.5124754,0.56709164,0.5590351,0.55561364,0.5373581,0.55304664,0.54560333,0.5793046,0.6035928,0.6096621,0.58132666,0.51774865,0.549168,0.52128756,0.5557269,0.50864756,0.511381,0.4194226,0.46780106,0.50606275,0.4769425,0.49709162,0.4885304,0.44876924,0.3967968,0.44401318,0.44249165,0.52575177,0.52454597,0.4588581,0.43132988,0.46488813,0.4342509,0.43783224,0.43044427,0.46534574,0.47121114,0.44640514,0.47596893,0.4752756,0.47254044,0.4689085,0.48375785,0.4823097,0.42730746,0.45859134,0.4215958,0.43950874,0.48854926,0.48670116,0.47473052
38,0.54794645,0.5659739,0.55337924,0.57317734,0.557933,0.543422,0.5505398,0.4737637,0.49854583,0.5126759,0.501584,0.48684442,0.5839992,0.5254946,0.53401357,0.5911235,0.5659965,0.54940164,0.59932077,0.56683606,0.5468906,0.5314622,0.5313895,0.45871243,0.47803396,0.47568965,0.5404015,0.5514506,0.5220641,0.5764415,0.5108024,0.51774156,0.53061205,0.50675803,0.5678776,0.4836545,0.51258725,0.51563126,0.5384155,0.45888567,0.45014602,0.5556898,0.43861637,0.45018622,0.58805525,0.5634787,0.5524622,0.59397304,0.61757594,0.56392276,0.542605,0.5395709,0.48351488,0.5015302,0.44736242,0.47773162,0.48643944,0.46660957,0.50356674,0.45989153,0.44055435,0.43507987,0.42421272,0.42889446,0.4253826,0.42597023,0.5120874,0.3980792,0.5292335,0.5064274,0.45755512,0.43563598,0.40796274,0.45933297,0.50204974,0.5126814,0.4566999,0.43405575,0.44595528,0.3932225,0.49186563,0.4026488,0.41184366,0.42876843,0.38757765,0.42475727,0.5014864,0.5264094,0.51087594,0.5103478,0.40986922,0.4032704,0.4453249,0.4906886,0.58350486,0.47453052,0.39044774,0.39166963,0.41649684,0.5032234,0.47636306,0.49033684,0.49446437,0.47112286,0.48111954,0.4953334,0.4398858,0.4396181,0.4552507,0.5213972,0.44318473,0.46590033,0.4171852,0.43400615,0.47065255,0.5415582,0.55108464,0.4869019,0.47733733,0.48716268,0.5559338,0.4656368,0.51518667,0.4873335,0.5116367,0.5490029,0.46927783,0.5840932,0.55033547,0.5516887,0.5302263,0.5322196,0.43765268,0.465314,0.50165224,0.49056366,0.4835053,0.5421558,0.513251,0.50773484,0.5828373,0.55091786,0.56793773,0.49437854,0.49942008,0.5729615,0.521629,0.4413481,0.46606714,0.5774755,0.48792177,0.554104,0.53726137,0.495122,0.48749012,0.55311173,0.56990856,0.5905085,0.55807036,0.5110296,0.6168242,0.47572872,0.5141131,0.42416412,0.42998517,0.4270617,0.5011103,0.508831,0.44495428,0.41788393,0.425455,0.4836391,0.4395687,0.48692298,0.4687078,0.59307885,0.4482777,0.46255535,0.42202693,0.44339862,0.5428895,0.5340488,0.5573587,0.5643286,0.54511577,0.55187565,0.5473151,0.47534811,0.48666337,0.5282985,0.47591624,0.4571612,0.5816362,0.53926814,0.5547116,0.57186735,0.5610569,0.5433375,0.6256563,0.56677556,0.5741862,0.5144276,0.51566756,0.46469876,0.4448368,0.4793005,0.55128247,0.55840695,0.57537466,0.6193259,0.5473304,0.5221688,0.592732,0.527216,0.5986772,0.5009313,0.49284267,0.50669676,0.5099183,0.4599389,0.5011496,0.54228306,0.47785398,0.45016202,0.5752365,0.5558723,0.58617127,0.6055389,0.61999196,0.57851857,0.5224385,0.57488453,0.49786416,0.5041211,0.4717237,0.5366206,0.4924929,0.504213,0.4816621,0.48632893,0.45463014,0.44154724,0.4800391,0.4648716,0.50362897,0.4294459,0.5474518,0.47286627,0.5430098,0.5227017,0.5247833,0.51011986,0.48722276,0.45716527,0.5327999,0.5396328,0.49735594,0.4717203,0.48769826,0.4455814,0.49094152,0.4401076,0.45078793,0.48128533,0.4512981,0.4543505,0.52931476,0.51715213,0.5150966,0.46899465,0.44713897,0.47953153,0.44534677,0.47287917,0.53518254,0.5161492,0.47123623,0.44023383,0.4655023,0.5056532,0.50683063,0.4949314,0.46750766,0.45819592,0.52245045,0.5157704,0.4430311,0.45397007,0.46876073,0.4946608,0.4464773,0.44663495,0.46395957,0.43898484,0.5023838,0.59116787,0.5739781,0.48255756,0.50079435,0.47994268,0.5463087,0.47269025,0.5192317,0.4451168,0.47358,0.52550703,0.48759276,0.5286736,0.5484972,0.57041734,0.54173553,0.53745174,0.47307536,0.5233201,0.51270884,0.5142567,0.5002997,0.53592384,0.51939714,0.50272626,0.55615944,0.56394154,0.58075094,0.5091397,0.5208558,0.54423094,0.55370027,0.5037209,0.5033793,0.5746125,0.5483623,0.5544342,0.53300196,0.5224759,0.5104998,0.56590647,0.57621825,0.57399243,0.5731879,0.50369835,0.60507494,0.5134459,0.5247603,0.5075937,0.48792496,0.4248615,0.47303513,0.50907576,0.4845449,0.502549,0.46599707,0.46416336,0.41069654,0.45694888,0.44883657,0.53664345,0.50541234,0.46227965,0.44931626,0.4884104,0.43276033,0.44576764,0.4283347,0.45890495,0.47461116,0.44974703,0.48134857,0.4824399,0.47622338,0.47299778,0.4752699,0.47673923,0.43500146,0.46171185,0.4300219,0.44726056,0.49574357,0.49273983,0.47726163
39,0.53461915,0.54166645,0.5402845,0.5547382,0.5363775,0.5069704,0.51121414,0.46539783,0.4846655,0.4988009,0.463988,0.48942098,0.5721715,0.54652864,0.5595537,0.55527514,0.5183776,0.5233085,0.554329,0.52245986,0.50808954,0.49642274,0.50838244,0.46075547,0.4921813,0.4814321,0.5526144,0.5578728,0.51234055,0.57653725,0.50443083,0.5359834,0.5245692,0.5166275,0.5910523,0.47475895,0.5110621,0.5175525,0.5284608,0.45419416,0.4451126,0.54954743,0.43773964,0.46009842,0.57473093,0.53222716,0.5467391,0.5583598,0.58659905,0.52325207,0.5294007,0.5344783,0.47360247,0.50389636,0.4505119,0.47646725,0.47598547,0.45341867,0.5039831,0.4715524,0.45792615,0.4511864,0.42459399,0.43989983,0.4123347,0.4135177,0.51808625,0.39887267,0.5364498,0.50641614,0.46757647,0.44289583,0.41087443,0.47027916,0.5051791,0.5158244,0.44428658,0.43351173,0.4425621,0.36765522,0.47962508,0.39118242,0.40339193,0.45053744,0.39349476,0.44197118,0.50584817,0.50914717,0.51412684,0.5148527,0.42385164,0.39473325,0.4406909,0.5038966,0.542652,0.46220824,0.39621887,0.40612435,0.42107823,0.49764886,0.46984306,0.47438452,0.4943722,0.461815,0.48115596,0.49103132,0.44043946,0.45440683,0.4673262,0.51119643,0.4529657,0.48132592,0.43394446,0.4488441,0.47132912,0.52843547,0.52066225,0.47081274,0.47440052,0.46926293,0.536615,0.45649654,0.52304584,0.4812663,0.50823295,0.52556115,0.44827712,0.587484,0.55605805,0.56499994,0.5271138,0.52000016,0.42309183,0.4595042,0.48694435,0.47254565,0.47205275,0.49682313,0.5177519,0.5071285,0.5593962,0.5342006,0.53697944,0.49020594,0.50214964,0.5263757,0.5134988,0.45404056,0.483847,0.57653666,0.4839061,0.53365666,0.5211744,0.47140273,0.454972,0.52868885,0.54420346,0.54453444,0.5317994,0.49388906,0.6321538,0.4797033,0.47926927,0.42407325,0.39511815,0.43281138,0.5036965,0.49842864,0.45017326,0.4360471,0.4166019,0.48065993,0.4442726,0.4836584,0.4707193,0.5894634,0.4478894,0.47145572,0.4391523,0.4649425,0.5321083,0.51683325,0.54951054,0.5477822,0.52411306,0.516864,0.51137173,0.47132963,0.4792109,0.50927114,0.465349,0.47520944,0.5649811,0.55277264,0.5591596,0.54768723,0.5059006,0.5187138,0.5806878,0.52419937,0.5442819,0.47443357,0.50381774,0.4685468,0.46962863,0.50699747,0.54702795,0.5657523,0.5473067,0.6067225,0.52238166,0.5333791,0.5929758,0.50710046,0.6020858,0.4864565,0.49197623,0.50948524,0.49800497,0.46500817,0.5003981,0.5486612,0.48583534,0.4573952,0.5633791,0.52319086,0.5830206,0.5723871,0.59433043,0.53210574,0.5129176,0.568431,0.486515,0.5118224,0.47832748,0.5339752,0.4825008,0.4773216,0.48271835,0.49386865,0.46328515,0.44933027,0.4649621,0.46449876,0.47734985,0.38401437,0.5421908,0.4496159,0.5499464,0.5083415,0.51640785,0.48777068,0.4780023,0.48453343,0.55128604,0.5227317,0.47633424,0.45694485,0.4431419,0.3937898,0.45620272,0.4110894,0.43609834,0.48643124,0.43431908,0.46867043,0.5425546,0.5016893,0.52123696,0.4572546,0.4548577,0.45273566,0.44425067,0.4871509,0.48173514,0.49386847,0.45332947,0.4447618,0.4686542,0.50280565,0.5036252,0.48128793,0.4725019,0.45098102,0.51275045,0.5116043,0.4513507,0.46244076,0.4744954,0.4903788,0.44198546,0.46125752,0.47279102,0.45007473,0.4879719,0.5782851,0.53968924,0.4643462,0.4932787,0.46521014,0.52306885,0.45690054,0.52584225,0.4547854,0.48107916,0.50244707,0.45186567,0.53637904,0.5640519,0.5817547,0.5389729,0.51205826,0.43651235,0.5055601,0.49004078,0.47944114,0.479313,0.4845046,0.5238553,0.48780212,0.53942347,0.54467213,0.54147214,0.48164088,0.48205602,0.4883027,0.5461604,0.49827492,0.4933297,0.5688432,0.5235583,0.5434763,0.51637757,0.4882136,0.4683103,0.5435185,0.5458588,0.53383595,0.554799,0.483777,0.63335544,0.49562126,0.48927295,0.49640933,0.45479256,0.43115544,0.47167513,0.498471,0.48153204,0.5009955,0.44194403,0.47536057,0.42445037,0.46234092,0.45270962,0.534408,0.48307282,0.4642225,0.4552519,0.4997156,0.4332807,0.45120254,0.42784378,0.4504808,0.47707218,0.45541552,0.4828014,0.48543268,0.47614118,0.4726121,0.46132398,0.46447,0.44256186,0.46496236,0.43767962,0.45342994,0.4973803,0.4939371,0.47673705
40,0.50550985,0.5157899,0.51349413,0.52144605,0.5034409,0.46764404,0.46856523,0.44947082,0.4622922,0.4744741,0.42533073,0.47738618,0.5449794,0.5441814,0.5614931,0.5174103,0.4832916,0.49100855,0.5030699,0.48345536,0.46979827,0.45774734,0.48397315,0.45552582,0.48811978,0.47558388,0.54696167,0.54418397,0.5005213,0.5554997,0.48379138,0.5369492,0.49656633,0.5080944,0.58810496,0.4597215,0.49680358,0.5052012,0.5090803,0.4407312,0.43383577,0.530723,0.42624858,0.46235374,0.5492693,0.5043758,0.5291491,0.5164,0.5493255,0.48831585,0.50219667,0.5130829,0.455406,0.4926297,0.44485107,0.4612909,0.4570096,0.43283522,0.49074072,0.46554032,0.4660571,0.45874915,0.4210109,0.44315994,0.3920244,0.4001637,0.51848024,0.40262622,0.5286617,0.49892667,0.47375482,0.44688895,0.41589767,0.4704814,0.4934892,0.5037186,0.43724376,0.4311025,0.43039975,0.35585767,0.45203385,0.38132334,0.3994328,0.4643316,0.404397,0.45095363,0.49769515,0.48060343,0.50960535,0.50989544,0.4392194,0.39209837,0.43871647,0.503385,0.4978852,0.45179093,0.41106305,0.42516047,0.41665158,0.47501698,0.45182756,0.4497886,0.4865038,0.44545618,0.4693789,0.47568786,0.4430506,0.4542081,0.4650218,0.49214965,0.4479045,0.48234326,0.43495467,0.45052046,0.4580271,0.50835687,0.4939173,0.45458302,0.46509987,0.4458552,0.5031558,0.4473056,0.5212016,0.4677911,0.49671558,0.4902425,0.42730016,0.5700931,0.5450661,0.56109667,0.51311076,0.499804,0.4094998,0.4539297,0.46670666,0.45433727,0.46317464,0.45880792,0.5069847,0.49930817,0.5247121,0.50797373,0.49968418,0.4845375,0.49407578,0.4818215,0.4885412,0.4616908,0.49654126,0.5583691,0.4721279,0.5074021,0.49455097,0.45130092,0.42021906,0.5055489,0.5193221,0.50013596,0.50616485,0.4752593,0.61674064,0.4732946,0.4463239,0.42460334,0.36062303,0.44001716,0.49475217,0.47534773,0.43834338,0.450403,0.4105003,0.47553653,0.4465008,0.47125104,0.4679202,0.56589377,0.44813693,0.47607878,0.4440532,0.473405,0.50596666,0.5009703,0.52606905,0.5176296,0.49195856,0.47685727,0.4698047,0.45855445,0.46163538,0.4792062,0.45717773,0.48111415,0.5349934,0.5417171,0.54150873,0.51870805,0.46181372,0.49040976,0.5278723,0.4845584,0.50916636,0.43133584,0.49245548,0.4632582,0.4815242,0.52065843,0.53195703,0.5557136,0.5129315,0.5710211,0.48119494,0.52831095,0.56551784,0.4698355,0.5794216,0.46564066,0.48090178,0.50015235,0.4789817,0.4588477,0.4851072,0.54313904,0.47543448,0.4607914,0.54084826,0.4971286,0.5654152,0.53128535,0.5620233,0.49356866,0.4901526,0.54185605,0.46589008,0.50372624,0.47297186,0.51419604,0.4636947,0.44570288,0.4719836,0.48409587,0.4601629,0.44772777,0.44169125,0.45149624,0.43852854,0.3390281,0.527489,0.42612654,0.54078,0.48541257,0.49476686,0.45722055,0.46442583,0.49701852,0.5501881,0.49393997,0.45368266,0.4403625,0.39237592,0.34694853,0.41487566,0.38433853,0.41953588,0.4842246,0.42316782,0.47622705,0.5434887,0.4745314,0.514501,0.44388384,0.46246764,0.42319718,0.44425368,0.49197772,0.42837846,0.4745509,0.4399324,0.45462808,0.46029893,0.48237976,0.48362896,0.45981437,0.47086126,0.44015694,0.49104878,0.49274632,0.45775023,0.46008226,0.4685129,0.47763664,0.42814425,0.46735454,0.46811458,0.45196453,0.4635253,0.55088806,0.5093713,0.44510597,0.47592622,0.44268727,0.486622,0.44296682,0.52011037,0.45992616,0.4853016,0.46932027,0.41873947,0.5298377,0.5619831,0.5755055,0.52439964,0.47782207,0.40136224,0.48135996,0.46454614,0.44216743,0.46529737,0.44408238,0.5169631,0.47529936,0.5144441,0.5139454,0.49700662,0.45489946,0.43705335,0.4356911,0.5216299,0.48988956,0.47925645,0.5464103,0.4850922,0.52576363,0.49184874,0.45532632,0.42463174,0.5173301,0.5185936,0.4945698,0.529716,0.4604266,0.63039297,0.46796617,0.45412472,0.4767107,0.41742188,0.43707284,0.46307385,0.475912,0.46412468,0.4899469,0.4161532,0.48080993,0.4360296,0.4602359,0.45453146,0.5190238,0.45770818,0.4650794,0.4459534,0.49612543,0.43539104,0.45299125,0.42847395,0.4411175,0.47697127,0.46143883,0.47936827,0.48326352,0.47186875,0.46753648,0.44314617,0.44653547,0.44844517,0.46753478,0.44272685,0.45614874,0.49244273,0.48970982,0.47246912
41,0.46613383,0.4916172,0.47968987,0.47953746,0.46510234,0.4318606,0.42976063,0.42891228,0.43573096,0.44386283,0.39100227,0.45265266,0.50740105,0.5189991,0.53860646,0.48404187,0.4655806,0.45749214,0.4541914,0.45500705,0.43778378,0.42098126,0.46188432,0.44358587,0.46676597,0.45800334,0.5244935,0.5134542,0.4868746,0.5157021,0.45326638,0.5190874,0.4509874,0.481412,0.55836284,0.44151098,0.47217944,0.48025817,0.48391598,0.42206603,0.41737166,0.50250894,0.40559813,0.4562165,0.5157722,0.48376969,0.5030302,0.47447544,0.5117574,0.4632603,0.46583894,0.47949654,0.43230247,0.47116137,0.43172437,0.43403095,0.43286827,0.40947995,0.46563944,0.44269603,0.46411246,0.45545012,0.41043234,0.43892342,0.36977157,0.3889987,0.50960237,0.40656233,0.50692,0.48264602,0.47398728,0.4450683,0.41775218,0.45890495,0.46926177,0.47809723,0.43274394,0.4258436,0.41050988,0.3576991,0.41311,0.37335524,0.39847183,0.46785748,0.4153242,0.44928503,0.4772917,0.44625792,0.49459144,0.49542573,0.452759,0.39531633,0.4389862,0.49002165,0.45470485,0.44415078,0.42884833,0.4446084,0.40337107,0.4390268,0.42775315,0.42115554,0.47198954,0.42595938,0.447169,0.45123857,0.44685435,0.4383218,0.449265,0.4670349,0.4289808,0.470507,0.41949514,0.4370764,0.4329029,0.48343632,0.47282374,0.44004068,0.4505521,0.42115963,0.46299806,0.43925247,0.51017433,0.44970915,0.4800014,0.45065096,0.40981632,0.5352301,0.5194427,0.53844094,0.49050358,0.47418085,0.39648256,0.44767952,0.44436312,0.43774742,0.45630515,0.43300083,0.48374242,0.48561794,0.48483256,0.47809702,0.46168292,0.47490716,0.4737132,0.4454176,0.4493704,0.461237,0.49731654,0.5237731,0.4513007,0.48130843,0.4640536,0.43711182,0.38960996,0.48664233,0.4976818,0.4639345,0.4844633,0.4596274,0.57189476,0.45595494,0.4203191,0.42539373,0.33245614,0.44730422,0.47561586,0.4439865,0.41159144,0.45627537,0.40426496,0.46913508,0.44646278,0.45218816,0.4617019,0.52601635,0.44443813,0.47570097,0.43563873,0.4682635,0.46923846,0.4882173,0.49297753,0.4793704,0.454351,0.43847588,0.4293063,0.4397508,0.43742055,0.44260055,0.4500478,0.47428593,0.4969492,0.5080814,0.5038658,0.49002942,0.43491927,0.46251455,0.47564745,0.4539971,0.47446695,0.3925883,0.48349193,0.44990537,0.47822785,0.5172696,0.50938946,0.53113383,0.4772134,0.51739097,0.4322563,0.50726277,0.51477075,0.4208908,0.5331838,0.44265023,0.46153778,0.4801437,0.45674196,0.44341385,0.4577865,0.525568,0.44803938,0.45916408,0.5115855,0.48134482,0.5359637,0.48813888,0.5278537,0.46749422,0.45842534,0.49968097,0.4395349,0.4821825,0.45646685,0.4800326,0.43896228,0.41493905,0.4505466,0.4584588,0.44733363,0.43606317,0.41221792,0.43057233,0.39558095,0.30180112,0.50284976,0.40349898,0.5170603,0.455867,0.4620385,0.42479986,0.44522572,0.49272665,0.5304315,0.45737883,0.43047988,0.4231637,0.3442736,0.31160727,0.37195563,0.36318153,0.40221187,0.47467947,0.41682217,0.4741886,0.5311145,0.44139618,0.4956721,0.43108317,0.467597,0.3965037,0.44511387,0.4874376,0.38212943,0.46083048,0.42910683,0.46579415,0.440225,0.44777262,0.4518944,0.4337679,0.4628319,0.4283766,0.45993888,0.46172822,0.46131524,0.44737887,0.4516106,0.4581699,0.40690872,0.46459678,0.44931772,0.4427088,0.43302527,0.51212573,0.48656672,0.42848706,0.4521542,0.4167506,0.44577175,0.43325192,0.5034989,0.46064648,0.4858358,0.4326541,0.39355302,0.5117382,0.5430336,0.55064553,0.5001684,0.44067684,0.37085873,0.4538395,0.44034064,0.4082433,0.45727104,0.41920152,0.49979112,0.4663342,0.48617786,0.47863606,0.45510262,0.43121606,0.3913444,0.39350474,0.48239568,0.47850975,0.4598914,0.5084978,0.4371399,0.5053757,0.4655937,0.42886728,0.38703653,0.4913965,0.49775812,0.4621696,0.5019579,0.43790862,0.59663665,0.43400082,0.42427793,0.45206818,0.38268667,0.44260058,0.44862023,0.4452672,0.43465096,0.46845323,0.39029944,0.48057908,0.44325894,0.4519401,0.4544534,0.4943927,0.4306372,0.46503487,0.4242136,0.47933155,0.43907735,0.45152304,0.43003577,0.4326357,0.4732523,0.46587092,0.4707616,0.47559622,0.46383992,0.45868894,0.42398706,0.42633447,0.45149416,0.46874234,0.44459936,0.4547865,0.4808409,0.48006782,0.46452686
42,0.4243972,0.47014293,0.4454946,0.43662217,0.4281251,0.4050144,0.40060347,0.40784484,0.41010872,0.41371492,0.36669677,0.4215508,0.46552864,0.4757871,0.4935061,0.45902368,0.465973,0.42762017,0.41568023,0.4387027,0.4156351,0.39108434,0.44346336,0.42669326,0.43511268,0.43283722,0.48960346,0.4736675,0.47114593,0.46337795,0.42004538,0.4852043,0.39755306,0.44002637,0.50550854,0.42318925,0.44199705,0.4481415,0.4566172,0.40340254,0.39881745,0.46941346,0.38096386,0.44376045,0.48023507,0.47296107,0.47255716,0.43872872,0.47950137,0.44995055,0.4269179,0.4400607,0.4087771,0.44460237,0.4149258,0.40034974,0.4092079,0.38866484,0.43326896,0.4091097,0.45479637,0.44275975,0.39343554,0.42955184,0.35176432,0.3841565,0.49028382,0.40895343,0.4774452,0.45926392,0.4683563,0.43719703,0.41279733,0.4393171,0.43976417,0.44651377,0.4281335,0.42013362,0.38777006,0.37197417,0.3716676,0.36978665,0.39900655,0.46224508,0.42142764,0.43722722,0.44860488,0.41322243,0.46882463,0.47276315,0.46163094,0.40423706,0.44084457,0.46870798,0.4182894,0.44038674,0.44246727,0.45966783,0.3851228,0.3972622,0.40414086,0.3941958,0.45307356,0.4076145,0.4194179,0.4223722,0.45019308,0.411543,0.42512012,0.44093165,0.4025669,0.45128927,0.39328372,0.41254908,0.4027498,0.45734185,0.45763022,0.42892504,0.43373954,0.4006688,0.4244957,0.4336368,0.49236536,0.4297196,0.46141967,0.41588917,0.40062466,0.49073985,0.48489085,0.5001032,0.46391493,0.44674802,0.38452676,0.44019714,0.42480567,0.42507386,0.4523518,0.4209386,0.45460802,0.4703318,0.44713897,0.45097983,0.43024302,0.45930788,0.44109413,0.4222083,0.40381783,0.45398515,0.48229778,0.47854486,0.42281756,0.45979366,0.43591055,0.430232,0.37012598,0.47159922,0.47974378,0.44023937,0.46749705,0.4505587,0.5039998,0.43016306,0.40515345,0.42697835,0.31564197,0.45436823,0.45063952,0.41038182,0.37911555,0.44979084,0.39669994,0.46297184,0.44415697,0.42944083,0.45312303,0.47789305,0.43386292,0.47035477,0.41685876,0.45280513,0.42909324,0.4775217,0.45702016,0.43954328,0.4180895,0.4075904,0.39593372,0.41900218,0.41170686,0.40657097,0.4442504,0.45880792,0.4568475,0.45851374,0.45232886,0.46543595,0.42687312,0.438011,0.4319161,0.43545532,0.44407478,0.36392775,0.47596753,0.43127042,0.46311155,0.49970502,0.48422784,0.49802786,0.44477266,0.4556237,0.38694206,0.4739348,0.45071545,0.3687589,0.4707208,0.42154047,0.43794504,0.4542509,0.435091,0.423237,0.42451566,0.49741313,0.41067684,0.45333144,0.4812786,0.47685,0.4982634,0.44866025,0.49581543,0.4549957,0.42366254,0.4493093,0.41205883,0.45189762,0.43291345,0.43747813,0.4134975,0.39093965,0.42251247,0.42270228,0.42994586,0.41704333,0.38181123,0.40828782,0.3582097,0.2799442,0.47048762,0.3835074,0.48480442,0.42509353,0.42525795,0.39750382,0.42225987,0.47668898,0.4988439,0.42149964,0.40880486,0.40847895,0.30896604,0.2926488,0.33534187,0.35241354,0.38693312,0.45954892,0.41267312,0.4619939,0.5080409,0.40985984,0.46836948,0.42094043,0.4685345,0.37904388,0.44643,0.47725075,0.3482266,0.45400673,0.41822696,0.47444022,0.4118841,0.40621677,0.415831,0.40720034,0.44964334,0.41865456,0.42441344,0.42406362,0.46084344,0.42831895,0.42857236,0.43582147,0.3838974,0.45573512,0.42023015,0.4247793,0.40240687,0.46727642,0.471888,0.41804808,0.42753962,0.39386877,0.40975133,0.42916572,0.47993088,0.45712575,0.48227724,0.40093613,0.3813959,0.4878617,0.51216066,0.5107239,0.4712157,0.40714037,0.34831724,0.42719626,0.42145988,0.38346773,0.4543372,0.410437,0.4768306,0.46313876,0.46050224,0.44674122,0.4241035,0.41266817,0.35039857,0.36786303,0.4350481,0.4659202,0.43607387,0.46139294,0.38692492,0.4858641,0.44295892,0.41202474,0.36253658,0.4671149,0.48302653,0.4408626,0.4747059,0.4207355,0.5364488,0.39963,0.40348554,0.4275269,0.35650352,0.44909742,0.43184116,0.41195554,0.40125003,0.43784535,0.3687419,0.47630715,0.44490892,0.43950322,0.45248547,0.46721926,0.40424633,0.46380064,0.39694828,0.4543992,0.4448506,0.4486612,0.4332146,0.42749858,0.46584603,0.4676531,0.4578791,0.46322212,0.4534445,0.4480979,0.4082429,0.40874934,0.45159045,0.46832418,0.44408202,0.4503861,0.46384534,0.46595767,0.45403147
43,0.388521,0.4526168,0.41636443,0.40028578,0.39889663,0.39107832,0.3852784,0.39076746,0.38998663,0.39108196,0.35720885,0.39250842,0.426085,0.42415777,0.43488726,0.44378975,0.48193341,0.40631694,0.39300188,0.4345757,0.40574953,0.37238383,0.42953864,0.40797502,0.4033812,0.40700525,0.44973856,0.4354409,0.4545599,0.40868673,0.3921437,0.44217896,0.34800044,0.39103836,0.43955728,0.40800655,0.41240847,0.41661748,0.4307976,0.3896933,0.38265112,0.43655297,0.35919732,0.42915577,0.449174,0.47302124,0.442382,0.4143498,0.45623505,0.4486165,0.39234722,0.40222344,0.38941976,0.41848576,0.3993866,0.3679227,0.3918495,0.37490475,0.40018007,0.3740733,0.44226164,0.42505231,0.37418392,0.41854134,0.3424635,0.38829038,0.46311933,0.41002277,0.4487365,0.43310928,0.45863408,0.4251122,0.40071538,0.41837355,0.4137321,0.41857454,0.42233694,0.41808286,0.3686228,0.39663127,0.3376837,0.3740317,0.40076324,0.4511123,0.42012808,0.41834262,0.41832745,0.38784873,0.4363378,0.44523063,0.4644716,0.41807303,0.44363064,0.44614464,0.39359963,0.4415425,0.44738325,0.4667534,0.3675633,0.3588705,0.38636148,0.37400275,0.4327155,0.39399073,0.3929969,0.3953955,0.45171735,0.3823379,0.40000358,0.41973194,0.37730616,0.43116772,0.36545452,0.38513738,0.37622514,0.43489522,0.44843078,0.42284948,0.4188616,0.38938853,0.39462772,0.43184143,0.47220466,0.41050723,0.444542,0.39354214,0.4042397,0.44736385,0.44957793,0.45366457,0.43900016,0.42158207,0.37511888,0.43190858,0.4129038,0.4192477,0.45345655,0.4227673,0.42784062,0.45891437,0.41868064,0.43192157,0.41185692,0.43842793,0.3999855,0.41534144,0.3624305,0.44447902,0.45263752,0.4323679,0.39127302,0.44525293,0.4146017,0.4317368,0.36738214,0.45982966,0.46657035,0.4312212,0.4555895,0.44988737,0.4269555,0.40126744,0.40336648,0.4302445,0.31272933,0.46140918,0.42588156,0.3805663,0.35199687,0.4308007,0.38900694,0.45879957,0.43953425,0.40655616,0.44316685,0.43230212,0.416727,0.46086776,0.3936985,0.43229178,0.3934026,0.46802157,0.42462295,0.40491077,0.38975507,0.38877845,0.374854,0.40096807,0.3897976,0.3786315,0.44211957,0.4412634,0.42094335,0.4039457,0.39742717,0.44741878,0.43609992,0.41995466,0.40263402,0.42996973,0.42142135,0.34908512,0.4687076,0.41104978,0.44320297,0.47523335,0.4618836,0.46470338,0.41982445,0.3983749,0.3552765,0.4347421,0.3871911,0.32279277,0.40444222,0.40602744,0.4153008,0.4290394,0.41728428,0.40402222,0.39337158,0.4627801,0.37366298,0.44591412,0.4559258,0.4826292,0.4577801,0.4179712,0.46869522,0.4552755,0.39229593,0.40025365,0.3885009,0.41926822,0.40870935,0.3950237,0.39316112,0.37811124,0.39421096,0.38531357,0.41368434,0.39544767,0.3571377,0.39053553,0.33365482,0.2783861,0.43623558,0.36871892,0.45242387,0.39989552,0.39348575,0.3805392,0.39957115,0.4575514,0.46591115,0.39520332,0.39135966,0.40041348,0.29386404,0.29275402,0.3126752,0.35656822,0.37704644,0.44212028,0.4084537,0.44236556,0.47951573,0.38635543,0.43824592,0.41492638,0.46493396,0.37555996,0.4477383,0.46635556,0.33052212,0.45431575,0.40660825,0.47805566,0.38172248,0.36692673,0.38339278,0.38453582,0.43333364,0.41356912,0.39144665,0.38745388,0.4556964,0.40880617,0.40625042,0.41559163,0.3656782,0.4445608,0.38843608,0.40407223,0.37808198,0.42387456,0.4649157,0.4161973,0.40789452,0.38016602,0.38535196,0.4312557,0.45514426,0.44994417,0.47506854,0.38163316,0.38577387,0.46534744,0.47764355,0.4637685,0.4440538,0.3827595,0.33660015,0.4057663,0.41121748,0.37294757,0.45691466,0.41697583,0.45465696,0.4680047,0.44278368,0.42485955,0.41017488,0.4012788,0.31926304,0.36264217,0.38942084,0.45553327,0.41087517,0.4151853,0.34304258,0.4697018,0.427533,0.40656915,0.35605356,0.4456152,0.47338375,0.43292126,0.451132,0.41264656,0.46088812,0.3714757,0.39482373,0.40834075,0.34242,0.45758447,0.41725102,0.38188624,0.37406108,0.40292162,0.3563936,0.47047484,0.44115332,0.42505902,0.44906685,0.4449356,0.38170356,0.46074682,0.37211773,0.427782,0.45310548,0.44659507,0.4390148,0.4279122,0.45568946,0.4666081,0.44281128,0.4480355,0.44272172,0.4383208,0.40002382,0.3983921,0.4494952,0.4663847,0.4422521,0.444742,0.44425794,0.4494404,0.44302803
44,0.36557364,0.44302034,0.39652517,0.37733933,0.38325405,0.39358813,0.38742498,0.3815568,0.37853795,0.38168076,0.36604896,0.3730204,0.39623508,0.37695563,0.37737152,0.43944418,0.5087949,0.39863428,0.38964382,0.44358107,0.41099972,0.36966473,0.42274192,0.3916447,0.38103572,0.38774705,0.41408503,0.40841746,0.44039053,0.36330432,0.37565947,0.40015906,0.3117971,0.3447645,0.3760582,0.39900115,0.3895626,0.3934726,0.41011918,0.38431156,0.37352428,0.40905648,0.34691566,0.41758028,0.42813405,0.48332173,0.41771942,0.4056364,0.4438964,0.45830253,0.3682185,0.37337118,0.37803286,0.39809623,0.38969916,0.34497342,0.38516125,0.3715114,0.37398064,0.347616,0.43065217,0.4084776,0.3586863,0.40986282,0.3439629,0.4007044,0.43421552,0.4115202,0.4280111,0.41013774,0.4477982,0.41195992,0.38485086,0.4027326,0.397612,0.40181565,0.41635147,0.4231421,0.35838145,0.4277409,0.31840608,0.387679,0.40491626,0.43942592,0.4124369,0.39956856,0.39406437,0.37462965,0.4050951,0.41870064,0.46179858,0.43473354,0.44683516,0.4285949,0.38523814,0.44824073,0.44328612,0.46528912,0.3563122,0.33217356,0.37800375,0.36449072,0.41449165,0.38792065,0.3750874,0.3768413,0.4510692,0.36059952,0.38208342,0.40867642,0.3612734,0.41575536,0.34541985,0.36442137,0.3612896,0.42140493,0.44636962,0.42295074,0.41006702,0.39045948,0.37820268,0.43496707,0.45477772,0.39525414,0.43252072,0.38799784,0.42245296,0.41493016,0.42137042,0.4093293,0.42083716,0.40314317,0.37007096,0.42441627,0.4116961,0.42292786,0.46101558,0.43855885,0.41066217,0.45594424,0.404952,0.42403954,0.40991092,0.4164248,0.35832968,0.42537656,0.33552617,0.4379923,0.4153441,0.39547223,0.36342764,0.43879944,0.40322548,0.4428029,0.3840455,0.45371628,0.46141505,0.43831444,0.45046085,0.45769647,0.35942543,0.37644756,0.41663587,0.43525732,0.32394654,0.46785656,0.40753958,0.35982612,0.33874312,0.4045414,0.38396823,0.45777896,0.43287766,0.3878475,0.43313837,0.3991955,0.3971832,0.4489984,0.3740451,0.41302854,0.36927885,0.46170905,0.40124416,0.38198274,0.37528026,0.38615838,0.37095305,0.38987434,0.3759147,0.3650908,0.44740927,0.42776012,0.3957258,0.35706457,0.35208818,0.43848732,0.45956433,0.4124414,0.39257416,0.43879297,0.41121724,0.35155284,0.46295676,0.39317453,0.42632172,0.45240697,0.44694406,0.43953735,0.4063059,0.3571998,0.3428644,0.39834324,0.33734897,0.290998,0.34889215,0.3990656,0.3986245,0.41095543,0.405748,0.39110652,0.37209502,0.42823973,0.34743556,0.44087407,0.4401118,0.49638215,0.4221198,0.40097758,0.44913018,0.46682376,0.37026897,0.36238912,0.37348607,0.39156228,0.39070505,0.36242732,0.3830157,0.3789516,0.37287557,0.3559033,0.40338227,0.37767938,0.34453794,0.3817575,0.32580554,0.2988526,0.40833598,0.36257857,0.42804077,0.3860428,0.3747915,0.37646037,0.38221553,0.44346684,0.44156992,0.38446325,0.38115722,0.4028873,0.30251423,0.31293732,0.3089228,0.37762707,0.3755075,0.42731112,0.4046891,0.42183292,0.45249718,0.37484747,0.41195235,0.41370955,0.4582943,0.3874101,0.4486366,0.45849916,0.33201736,0.46144333,0.39682123,0.47669268,0.35770258,0.33854744,0.36153698,0.37020564,0.4166182,0.41457385,0.368886,0.36006153,0.4460555,0.3955894,0.39176628,0.4024113,0.35790804,0.43501353,0.36352327,0.38830408,0.36598003,0.39076388,0.4659292,0.42353675,0.39756173,0.3794622,0.37629384,0.43916398,0.43484542,0.43991366,0.46518424,0.37911218,0.4074033,0.4497839,0.44817126,0.4203971,0.42471585,0.3716273,0.33778962,0.3935573,0.41167206,0.38022336,0.46623415,0.43814883,0.43950686,0.48180968,0.4369357,0.41646108,0.4155565,0.3991464,0.30244085,0.37897468,0.3562504,0.45155433,0.38960287,0.38041884,0.31340608,0.45814088,0.4213703,0.41395894,0.36956167,0.43065897,0.4699642,0.43954143,0.4353391,0.41599426,0.38795516,0.35543546,0.4012712,0.39848727,0.34228784,0.4670532,0.40908125,0.36067283,0.36125064,0.3717456,0.35668305,0.46518373,0.43291712,0.41038686,0.44478944,0.43283764,0.36696333,0.45523232,0.35714436,0.40628624,0.4633343,0.4468434,0.4476344,0.43469337,0.44494942,0.46340728,0.4287321,0.4329438,0.4340594,0.43179104,0.40190375,0.3981839,0.4464407,0.4633092,0.44006348,0.4397373,0.42635608,0.43385953,0.43417296
45,0.36054626,0.44593102,0.38890556,0.37268397,0.385455,0.41482747,0.4094436,0.38286936,0.37766257,0.38888502,0.3944217,0.36774284,0.38228208,0.34487265,0.33452377,0.4470458,0.54050136,0.4076205,0.40697974,0.46660864,0.4332985,0.38680187,0.4265508,0.38181096,0.37416255,0.3803376,0.3907843,0.3980645,0.4319032,0.33527514,0.37271717,0.3694048,0.29379457,0.31115323,0.3289125,0.39847356,0.37875327,0.38460904,0.39835754,0.38915637,0.37541205,0.39229432,0.34914964,0.4142866,0.420965,0.50170845,0.40418246,0.41506523,0.4439536,0.47696736,0.35907122,0.35976687,0.37720188,0.38834107,0.38960713,0.33875018,0.39206886,0.38104376,0.3618483,0.33801517,0.4236942,0.39941344,0.35271287,0.40729216,0.35637763,0.4181922,0.41057476,0.41555473,0.4192836,0.39614278,0.43919176,0.40147617,0.37070695,0.39722282,0.3943731,0.40017703,0.4125358,0.43759117,0.36045617,0.45955685,0.31707996,0.40995246,0.41321644,0.43302283,0.40283507,0.38894555,0.38176814,0.37584049,0.38303065,0.39988032,0.45612383,0.45164722,0.45013693,0.42065856,0.39563307,0.4609807,0.43285063,0.45772985,0.35583395,0.32301703,0.3814889,0.36812976,0.40204433,0.39151815,0.3716663,0.37236977,0.44852573,0.35515627,0.378938,0.41139197,0.36066774,0.40966672,0.3409517,0.35868564,0.363881,0.42186302,0.4534006,0.42922795,0.4100525,0.40442762,0.37783816,0.44337946,0.44320732,0.38714376,0.42672595,0.3995658,0.45270357,0.39818975,0.40499938,0.37578043,0.41251856,0.39529705,0.37088424,0.4200461,0.4213312,0.4372503,0.4749107,0.46699068,0.40701956,0.46367687,0.40820524,0.42761007,0.4236615,0.39930603,0.32510006,0.44949892,0.3310873,0.4394823,0.38087407,0.37446234,0.34529212,0.44073853,0.40376505,0.46380407,0.41818905,0.45709917,0.46787065,0.46148944,0.45409766,0.47220466,0.3153317,0.36241046,0.4447818,0.44063276,0.34805545,0.47252437,0.40100306,0.35207227,0.34458286,0.37925693,0.38512564,0.46002018,0.42477122,0.37757248,0.42443645,0.38362134,0.38157457,0.43772292,0.36558965,0.40177757,0.3618713,0.46172395,0.39061853,0.37571147,0.37886667,0.40247634,0.38751096,0.3889163,0.3730809,0.36989796,0.46330646,0.42221025,0.38664553,0.32742265,0.3260115,0.44113216,0.49283895,0.4183517,0.40445638,0.4621798,0.4175261,0.3739694,0.461286,0.3811956,0.41880965,0.43800303,0.44186997,0.42766508,0.4067558,0.33848944,0.35031873,0.3733964,0.3089513,0.27860346,0.31480095,0.40257353,0.39212915,0.40509614,0.40260977,0.38875827,0.3665939,0.40181544,0.33978012,0.44270092,0.4364633,0.5152188,0.3996751,0.40135005,0.4402934,0.48690808,0.36234105,0.3437469,0.37049052,0.37604138,0.3847712,0.34803504,0.38706675,0.39451855,0.36508366,0.34301636,0.4025754,0.37098956,0.3490936,0.38487232,0.33574465,0.34050164,0.3937277,0.36858603,0.41728282,0.38687402,0.37459558,0.38564727,0.37524512,0.44015574,0.4314493,0.39154872,0.38127083,0.41868126,0.33534905,0.35208893,0.32608497,0.41437823,0.3849014,0.42112365,0.4054172,0.4087258,0.433656,0.3768195,0.3951159,0.4172257,0.45199126,0.41258886,0.44901106,0.4555838,0.35358623,0.4748195,0.39328343,0.4733549,0.34706637,0.32703114,0.35561895,0.36777845,0.40258896,0.42177886,0.36333525,0.3485107,0.43265456,0.39507326,0.39141718,0.40000543,0.3649263,0.4312488,0.35413486,0.38485068,0.3707876,0.37583143,0.47561046,0.4387148,0.39889666,0.39257365,0.38377938,0.45139086,0.42259964,0.4277244,0.45308658,0.39370736,0.4427034,0.44243297,0.42933723,0.38971397,0.41672903,0.3757061,0.35298446,0.39369163,0.42278564,0.4053536,0.48318425,0.47181243,0.43488553,0.50338197,0.44414455,0.42122626,0.43768966,0.40794483,0.3029661,0.41405874,0.3441299,0.45804727,0.3786479,0.3640566,0.30319202,0.45155755,0.42520252,0.43462744,0.40074357,0.42711598,0.4752747,0.45998406,0.43074182,0.43083376,0.33436978,0.35559785,0.42388582,0.3995387,0.35699353,0.475093,0.41074067,0.35272568,0.36736906,0.352563,0.371709,0.4614868,0.42134216,0.39703128,0.43954173,0.43169436,0.36407265,0.44693714,0.3582759,0.39633542,0.4738095,0.4500499,0.45799825,0.44684488,0.4369728,0.45984477,0.41942987,0.4215652,0.4298443,0.4303411,0.41416278,0.40875506,0.4439885,0.45990533,0.43893042,0.43744987,0.41503748,0.4234344,0.43013552
46,0.37540925,0.46349424,0.3954161,0.388011,0.40611514,0.45237038,0.44898722,0.39559382,0.38831043,0.4131068,0.43895224,0.37792408,0.38810778,0.3330455,0.3134851,0.46629688,0.57044965,0.43215767,0.44233617,0.50115186,0.46993002,0.42279238,0.44308054,0.3817022,0.38458222,0.3865425,0.38517323,0.40572774,0.43158576,0.32761198,0.38214648,0.35668364,0.29498044,0.2961129,0.30499983,0.40731063,0.3836476,0.39326087,0.39874753,0.40477508,0.39053348,0.3916172,0.36805093,0.42364705,0.43012622,0.52573884,0.4071738,0.44162074,0.45777202,0.50209117,0.3677796,0.3659021,0.3881487,0.39344022,0.40138593,0.35404956,0.41393876,0.4049393,0.36864123,0.3499277,0.4238149,0.40207052,0.36023483,0.41316667,0.3772354,0.43673196,0.39771202,0.4234598,0.42346963,0.39509866,0.4352651,0.3972011,0.3637635,0.40392703,0.4040104,0.4139788,0.4132861,0.46245253,0.37662664,0.4865016,0.3339245,0.43870842,0.42732292,0.43732736,0.3972945,0.39185405,0.38412157,0.39099264,0.37474552,0.39377332,0.45135137,0.4667213,0.4532081,0.42468825,0.4235223,0.4805701,0.4204381,0.44842115,0.36823195,0.33436227,0.39805973,0.38535228,0.39859664,0.4055844,0.3860386,0.38574263,0.4450977,0.37124056,0.39548504,0.42889097,0.37876576,0.4158914,0.35632932,0.3725281,0.38693792,0.44030952,0.4715703,0.4401902,0.41921204,0.4289637,0.39428517,0.4561416,0.4383497,0.38878566,0.4269885,0.4244874,0.48781493,0.39714313,0.40201488,0.3582873,0.4148833,0.4000477,0.3785542,0.42087054,0.4392409,0.46101516,0.4943467,0.5029433,0.4174465,0.4821595,0.4272393,0.44081458,0.44905958,0.3931812,0.3076257,0.4818136,0.3540233,0.45311975,0.35928047,0.37183645,0.34053487,0.4508193,0.4168568,0.49185663,0.46192765,0.4718334,0.48743725,0.4962799,0.46702626,0.48957026,0.29974553,0.3636265,0.4829936,0.4439347,0.3817585,0.47473374,0.40997002,0.3595025,0.371373,0.36242697,0.39562994,0.4645462,0.4166258,0.37912738,0.41881788,0.38556433,0.37557107,0.4309064,0.373052,0.40330297,0.37335774,0.47005093,0.39477912,0.38801542,0.40097857,0.4359947,0.42284712,0.3996515,0.3830526,0.39364824,0.4898629,0.42600822,0.39661106,0.319336,0.32302368,0.45631626,0.5288885,0.4368055,0.4364888,0.49611634,0.44014078,0.41413736,0.4656695,0.37804696,0.4239985,0.43543476,0.4474326,0.43057466,0.421867,0.34388763,0.37463492,0.3654114,0.3042076,0.2878507,0.3066115,0.41685274,0.3986397,0.4144283,0.40975797,0.3994353,0.38006163,0.39122868,0.35429388,0.45483148,0.44646156,0.5368223,0.39783466,0.41996837,0.44529462,0.51141036,0.3715474,0.3495069,0.38131395,0.37873316,0.39454982,0.3568108,0.40773827,0.42381948,0.37482074,0.3519589,0.41234758,0.38059545,0.37329343,0.40037388,0.36134288,0.39773634,0.39569047,0.38839334,0.4223984,0.40287787,0.3945152,0.40655386,0.38236085,0.45017084,0.43620732,0.4151081,0.39371583,0.4477948,0.38842657,0.40424088,0.3628012,0.4615967,0.4068915,0.4287061,0.41582325,0.40926635,0.42730466,0.3913682,0.39086893,0.424549,0.44995272,0.44599023,0.4491243,0.4579072,0.3917932,0.49381503,0.39978385,0.4727405,0.354186,0.33518568,0.36906472,0.37901717,0.39438453,0.4340977,0.3781903,0.3567076,0.41773427,0.41112775,0.40885782,0.41009575,0.38875502,0.43626457,0.3650823,0.39776766,0.394791,0.38461405,0.4942631,0.45838097,0.41219068,0.41719508,0.40695083,0.4650816,0.41998655,0.41480044,0.43977723,0.4216214,0.4825151,0.44121552,0.423391,0.37726584,0.42075974,0.39415476,0.3810722,0.40714207,0.44184884,0.44317797,0.50729716,0.51152956,0.44151592,0.53003764,0.46281782,0.4362003,0.4697224,0.42806873,0.32179412,0.4595298,0.35815918,0.47762418,0.38337508,0.3686095,0.31444922,0.45065024,0.43848777,0.4653207,0.44157946,0.437786,0.49090314,0.48914063,0.4383906,0.45381525,0.30872875,0.37343544,0.45860934,0.41052416,0.38549894,0.47952002,0.42387223,0.36061776,0.39292297,0.35074058,0.4016117,0.45960402,0.4084915,0.38722652,0.4331788,0.43852162,0.3756109,0.4367265,0.3786029,0.40195474,0.48149627,0.45561028,0.4678603,0.46168497,0.43505907,0.45814493,0.4180351,0.41721943,0.43174547,0.4346964,0.43445408,0.4281317,0.44352734,0.4572929,0.44040003,0.43947467,0.41410527,0.42183158,0.43259835
47,0.40768918,0.49456185,0.4165144,0.42049542,0.4405863,0.49713618,0.49683037,0.4178069,0.40976703,0.4512909,0.49069715,0.40113556,0.41364846,0.34166512,0.31597596,0.49462724,0.59369797,0.46702605,0.48803765,0.5402784,0.5125274,0.46918508,0.47179773,0.39293745,0.4095931,0.40385726,0.3994289,0.43038252,0.44217888,0.34012976,0.40128556,0.3639149,0.31339854,0.30049354,0.304799,0.42392626,0.40495917,0.41954476,0.41224036,0.42938823,0.41760197,0.4100448,0.40138847,0.44774833,0.45660827,0.5541994,0.42962012,0.47978935,0.4848701,0.53176546,0.39451295,0.39279962,0.40992633,0.41465884,0.42418092,0.39085367,0.44893667,0.44174334,0.3950519,0.3828892,0.4308583,0.41650885,0.3819802,0.42710078,0.4003343,0.45267317,0.3985587,0.43532562,0.43890798,0.4079406,0.43683958,0.40143758,0.367572,0.42136234,0.42376098,0.43954816,0.41982356,0.49642497,0.4062062,0.5058091,0.36645192,0.47111553,0.44848543,0.45513433,0.40050244,0.40871343,0.4001697,0.41599876,0.38109413,0.4020404,0.4513166,0.47840905,0.45559874,0.4402517,0.46422115,0.5075197,0.41150877,0.44259062,0.39199626,0.3653899,0.42603043,0.41377378,0.40623596,0.4286423,0.4174018,0.41685253,0.4430151,0.4082155,0.43112957,0.45838958,0.4142605,0.43403834,0.39013588,0.40509623,0.42820904,0.47768238,0.50169045,0.45307142,0.4352732,0.45894402,0.4258214,0.47089636,0.44052863,0.40162724,0.43312457,0.456285,0.5186698,0.410084,0.4119986,0.3592097,0.42673612,0.41651464,0.39340234,0.42752194,0.4612948,0.49088958,0.51894766,0.5382023,0.44039077,0.5103628,0.45869115,0.46148577,0.48105907,0.4031226,0.3108657,0.51624066,0.40435827,0.48094046,0.35744196,0.3875676,0.35043806,0.46828565,0.44118616,0.52034265,0.5035697,0.4964918,0.51851755,0.53351974,0.488089,0.50519305,0.31194973,0.3817278,0.52182895,0.44277295,0.41822445,0.47498858,0.4350029,0.38183966,0.41576073,0.3585064,0.41637224,0.4696635,0.4108396,0.39406914,0.41871732,0.4023239,0.38192764,0.4317832,0.396308,0.41760406,0.401754,0.48756236,0.41398573,0.41660258,0.4367565,0.4787699,0.4684523,0.42064893,0.40502605,0.43258995,0.5231403,0.4381241,0.42474112,0.3328596,0.3423786,0.4820248,0.5595537,0.46354,0.4814009,0.532372,0.47356644,0.4622412,0.47731057,0.3854905,0.44159707,0.4443268,0.46406856,0.44796774,0.45095775,0.37218964,0.41040364,0.37506714,0.32153425,0.31729862,0.3236276,0.43938467,0.41850492,0.43903664,0.42728484,0.42211294,0.41140702,0.40103525,0.38902324,0.47808787,0.47093832,0.56046057,0.4202397,0.45386937,0.46532834,0.5366614,0.3975599,0.38058057,0.40492123,0.4015089,0.41964257,0.3886197,0.4438192,0.4623621,0.40144563,0.38301864,0.4299825,0.40642372,0.414533,0.42503765,0.3957661,0.45765772,0.4137632,0.41989422,0.4420515,0.43126225,0.43099037,0.43507716,0.40412143,0.4721822,0.4528901,0.44981602,0.41750827,0.48568445,0.4508854,0.45706236,0.41274607,0.5098077,0.4407097,0.45208675,0.4385263,0.42495188,0.43469578,0.41479713,0.3994232,0.433524,0.4548219,0.47987485,0.4493915,0.46435642,0.43825448,0.5176085,0.417676,0.4792737,0.37897432,0.3619633,0.4013548,0.40287104,0.39447188,0.44946554,0.41214985,0.38446113,0.4057436,0.4428472,0.44240403,0.43147156,0.42706174,0.44964,0.3953767,0.4253461,0.43533894,0.4185137,0.52109236,0.47770247,0.43500367,0.44788554,0.44237182,0.47664002,0.42782658,0.40420568,0.42864528,0.45594916,0.5149265,0.44435838,0.43100983,0.38548356,0.4352468,0.42277455,0.41723624,0.4313246,0.46411964,0.4845335,0.536554,0.5477253,0.45897183,0.5591659,0.49021178,0.4580036,0.5035529,0.45801544,0.35705823,0.50371355,0.3988398,0.50999004,0.40616065,0.393047,0.3458633,0.45711106,0.45940468,0.4985406,0.4801716,0.46239734,0.5162353,0.51831156,0.45732668,0.47891828,0.31263697,0.40701884,0.49622712,0.42800635,0.42273405,0.47932285,0.4468954,0.38397315,0.43345305,0.36745378,0.44194093,0.45935154,0.39758486,0.3840783,0.42714712,0.44960386,0.40090916,0.4272939,0.41533232,0.4225733,0.48292643,0.46147168,0.4743654,0.4754268,0.44069973,0.45952225,0.42539895,0.42142975,0.43980333,0.44397494,0.45811304,0.4517172,0.445345,0.4564133,0.44485322,0.44561008,0.42447656,0.43029746,0.44134697
48,0.4499887,0.5343483,0.44940323,0.462524,0.47996438,0.5374705,0.5409542,0.44491783,0.438909,0.49688473,0.53880227,0.4312856,0.45363367,0.36702663,0.34002668,0.52750325,0.60915476,0.50470483,0.53432685,0.57586664,0.55095494,0.51343304,0.5085538,0.41399556,0.44241866,0.4261109,0.43179333,0.46838412,0.4658284,0.36954963,0.42673498,0.38828295,0.3437304,0.32067502,0.32387596,0.4446178,0.4396156,0.46006227,0.4366255,0.458751,0.4516932,0.44574174,0.44221193,0.48478526,0.49846852,0.5870558,0.46906373,0.5213538,0.52117366,0.5651444,0.4350503,0.43581876,0.4388098,0.44811133,0.45355615,0.441612,0.49111262,0.48622176,0.436485,0.43010342,0.4420093,0.43881175,0.414676,0.44638452,0.41754052,0.46396923,0.4121979,0.45081478,0.46139786,0.4314887,0.44303027,0.41416028,0.38251993,0.44436365,0.44779566,0.46943352,0.43150344,0.5356953,0.44482502,0.5190725,0.40813813,0.50415283,0.47669756,0.4853427,0.41450468,0.435405,0.42525116,0.44332117,0.39980662,0.42219713,0.45822588,0.48591042,0.45685118,0.46351635,0.5111593,0.5410047,0.41093224,0.4449436,0.4216824,0.40959993,0.45976242,0.44808143,0.4243135,0.45655718,0.46002373,0.46014383,0.44432476,0.4585701,0.47857925,0.493487,0.46047175,0.45983732,0.43444228,0.44971502,0.47874445,0.5290415,0.5417482,0.46483615,0.45382798,0.48774368,0.4672418,0.4849909,0.44926608,0.42439076,0.444553,0.48831424,0.5394161,0.43373364,0.43188858,0.37710765,0.4445666,0.4401746,0.4147433,0.43862677,0.48311472,0.5227469,0.54880315,0.56604,0.47220817,0.54606324,0.49747437,0.48761633,0.51580626,0.43142956,0.33639053,0.54976517,0.4733535,0.52132076,0.3774406,0.41835082,0.37346599,0.49113384,0.47291458,0.54274786,0.5341191,0.5267836,0.5564723,0.5645893,0.5144371,0.51609707,0.34704888,0.41529226,0.5525887,0.43598595,0.4483293,0.47481647,0.4724868,0.41483977,0.46841604,0.36811307,0.4450238,0.47359022,0.40884745,0.42049283,0.42547792,0.42908275,0.39964822,0.44100043,0.43042403,0.44041654,0.4404976,0.51353884,0.44537473,0.45484322,0.4770353,0.5199512,0.5124234,0.44734323,0.43498155,0.47864157,0.5574631,0.4551278,0.4655002,0.36400554,0.37938398,0.51328486,0.57999647,0.49275014,0.5290842,0.5631852,0.509739,0.505026,0.49586678,0.4023609,0.46780822,0.46055102,0.49120498,0.47724295,0.491356,0.41833186,0.45056933,0.39823747,0.35564375,0.36039653,0.36003134,0.4653049,0.44889784,0.47572473,0.45257163,0.45188403,0.45445222,0.430225,0.43555146,0.51031595,0.5088358,0.58684254,0.4638315,0.4964862,0.4979477,0.5613894,0.43527502,0.43134505,0.4368496,0.43974477,0.45499045,0.43618232,0.48923665,0.50300074,0.43906268,0.43027893,0.44971812,0.44274536,0.4643916,0.4528711,0.42839307,0.5052985,0.44359517,0.45762557,0.4712015,0.46560666,0.47548595,0.46455783,0.43684086,0.50096935,0.47562125,0.48696935,0.44797587,0.5246124,0.50766814,0.49730757,0.46503788,0.5495926,0.48248073,0.48924646,0.47180924,0.45268452,0.453865,0.4403467,0.41755858,0.44099534,0.4672514,0.50674206,0.44993722,0.47263268,0.4826938,0.5448123,0.44541672,0.49551013,0.41597342,0.40083295,0.44599763,0.43487725,0.40306413,0.4651537,0.45840672,0.42603168,0.4007016,0.484217,0.48456115,0.45944673,0.4728693,0.46739036,0.4378152,0.4602974,0.48354003,0.47214577,0.5536135,0.49222502,0.46220243,0.47743025,0.4837849,0.48348066,0.4452334,0.398904,0.4234285,0.4893306,0.53227043,0.45103735,0.45055357,0.41273233,0.45640177,0.45417154,0.45413405,0.46039203,0.48479334,0.5205362,0.56831294,0.5733888,0.48544925,0.5892548,0.52297413,0.48372233,0.5335886,0.49451545,0.4029748,0.53819335,0.45928687,0.5514936,0.44508955,0.4321537,0.39147663,0.4719898,0.4848286,0.5266372,0.5068822,0.4972743,0.5481278,0.54058504,0.48482382,0.5005202,0.3425731,0.45074123,0.5274648,0.44674417,0.45954067,0.47496277,0.47517326,0.41803482,0.47949183,0.3993822,0.48367625,0.46036524,0.39087576,0.3894447,0.42359886,0.46180207,0.4354282,0.421603,0.45991305,0.45320103,0.47644386,0.46545732,0.4752377,0.48454183,0.452879,0.4638075,0.43954682,0.433179,0.45222738,0.4559465,0.47971296,0.47368258,0.4484655,0.4577829,0.4512242,0.45396158,0.4437274,0.44696486,0.4543069
49,0.49263677,0.5758596,0.4877624,0.50457007,0.51535314,0.5655808,0.57273096,0.47224718,0.4714355,0.5416965,0.57610565,0.4603596,0.4988654,0.40323132,0.38104033,0.5593338,0.6181821,0.5384193,0.57364476,0.6027787,0.57853866,0.54620546,0.5471366,0.44011885,0.47418717,0.44605565,0.47644776,0.51267827,0.50186473,0.40954673,0.4550242,0.42268315,0.37861708,0.35062155,0.35443005,0.46644363,0.4818075,0.50818104,0.46845454,0.48805192,0.48684737,0.49240208,0.48148638,0.52836454,0.5496639,0.6232119,0.517641,0.55916977,0.5601624,0.60111165,0.48187697,0.485811,0.46983084,0.48645732,0.48386574,0.49315384,0.53231853,0.5308643,0.48439762,0.4801472,0.45293024,0.46264476,0.4520484,0.46757677,0.42372495,0.47049755,0.43341684,0.46967542,0.48437455,0.45869806,0.45134473,0.4321635,0.4059328,0.46557322,0.46806133,0.49448845,0.44602537,0.5744934,0.4851421,0.5302507,0.44936976,0.5346053,0.50959504,0.5227511,0.43864828,0.4657233,0.452306,0.46501014,0.42710662,0.4486642,0.47168094,0.48926404,0.45663914,0.48729014,0.5582044,0.5778162,0.4210162,0.457073,0.45001262,0.45630777,0.4921497,0.48181415,0.44898647,0.4838406,0.504835,0.5065988,0.4489949,0.51033217,0.5266027,0.5266082,0.50713134,0.4866693,0.477901,0.49596846,0.5261806,0.58403295,0.5865101,0.4735491,0.47031617,0.50975955,0.51090056,0.4964283,0.4618387,0.45268333,0.45907792,0.5157944,0.54912037,0.4619101,0.45554164,0.4056525,0.46304998,0.46378997,0.4407564,0.45153615,0.5011339,0.5528855,0.5823815,0.5841694,0.5065412,0.58450353,0.5378702,0.5165509,0.550884,0.47598785,0.3820522,0.5820515,0.54395527,0.5677163,0.41554397,0.45653203,0.4054625,0.5155127,0.5062068,0.5555914,0.5509014,0.55745095,0.59492034,0.5859599,0.5423134,0.5211276,0.396506,0.45979184,0.5712778,0.42429292,0.46524957,0.4755967,0.51524335,0.45124817,0.5172218,0.3892549,0.47682378,0.474703,0.40977636,0.4532179,0.43758658,0.45875195,0.42430103,0.45618886,0.46768585,0.46587497,0.4807344,0.5449399,0.48266646,0.49433944,0.5126828,0.5515324,0.5457395,0.4746994,0.46770787,0.52241945,0.5879802,0.47171962,0.5101918,0.40564018,0.4265758,0.5438068,0.59017783,0.519371,0.57119054,0.58514816,0.5423821,0.5338235,0.51919574,0.42415828,0.49603286,0.47730815,0.52568626,0.5125853,0.5378538,0.47339112,0.48868698,0.42729506,0.398645,0.4075507,0.4056991,0.49067366,0.48462865,0.5182969,0.48203853,0.48249117,0.50041485,0.472841,0.48179623,0.546525,0.55547094,0.6161015,0.5193342,0.54008937,0.5375021,0.58600426,0.47706512,0.4909344,0.47130585,0.48454478,0.49325407,0.48708087,0.5351029,0.53923815,0.47909585,0.48323545,0.46543807,0.48070455,0.512195,0.47817627,0.45044073,0.5327907,0.47756845,0.49546167,0.50163215,0.49733144,0.517658,0.48797533,0.47346827,0.5282042,0.49611536,0.51688385,0.47861856,0.5575098,0.5481892,0.51916015,0.5091552,0.5762745,0.52593195,0.53419983,0.5104936,0.48639086,0.47916022,0.4604085,0.439356,0.44457945,0.4854476,0.52314615,0.45045805,0.47927153,0.51853895,0.5729372,0.47952637,0.51992893,0.4562284,0.4416871,0.4929654,0.46881616,0.41764146,0.47856998,0.5069588,0.47204107,0.40316835,0.526213,0.5253976,0.48752475,0.5170951,0.48367947,0.48192587,0.4933918,0.5283411,0.53408664,0.5879019,0.49981517,0.48809344,0.49982965,0.52390534,0.48528925,0.46808732,0.39951673,0.4247029,0.5165458,0.5340505,0.45941424,0.47633824,0.45155677,0.4785786,0.48038864,0.4856883,0.4878164,0.5009405,0.5462626,0.5994519,0.58706295,0.5163596,0.61823004,0.5568486,0.51033294,0.5577485,0.5333243,0.4520301,0.56121796,0.5252894,0.59554887,0.49336743,0.47643673,0.44191188,0.49347982,0.51061976,0.5454169,0.5185754,0.53617775,0.58162516,0.554039,0.51675206,0.5152725,0.39024216,0.4969782,0.5476797,0.46237633,0.4873215,0.46784422,0.5032368,0.4552688,0.51991117,0.4402062,0.5173874,0.4620171,0.38796577,0.40227565,0.42323664,0.47226483,0.47220698,0.42070284,0.50195163,0.4866613,0.46352348,0.46680316,0.46979463,0.4872667,0.46881488,0.46994993,0.45707515,0.44979498,0.46630153,0.4681326,0.49524614,0.48949516,0.4516266,0.46138528,0.45790994,0.46244797,0.46765122,0.46815085,0.46864235
50,0.5266829,0.61149514,0.5233705,0.5382864,0.5404711,0.57832325,0.5876333,0.4962426,0.50275236,0.57763803,0.5997306,0.48070565,0.53919,0.44334805,0.43166682,0.5842748,0.62162566,0.5630548,0.60124046,0.6186786,0.59223515,0.56347173,0.580972,0.4648816,0.49599648,0.45781538,0.5239684,0.5532582,0.5451346,0.4520301,0.482681,0.45670193,0.41131213,0.38401386,0.3877679,0.48834485,0.5239732,0.55423,0.50435823,0.51269644,0.5173568,0.54099345,0.5107755,0.5679857,0.60030097,0.65808284,0.564314,0.5883969,0.5951141,0.63597476,0.52634704,0.5321471,0.49806583,0.52150476,0.5097701,0.5323097,0.5641999,0.5672211,0.5284695,0.5204351,0.45892814,0.48047978,0.4862334,0.48669592,0.41931894,0.4728939,0.45453644,0.49012065,0.5000856,0.48088422,0.4580295,0.44947743,0.4329327,0.47760537,0.4769461,0.50659543,0.4603129,0.6050008,0.51862246,0.5414662,0.48090976,0.558041,0.5415291,0.5579556,0.46901682,0.49272132,0.47397244,0.47626215,0.4586993,0.47486866,0.48827195,0.48882997,0.45500675,0.50270265,0.5999278,0.61132616,0.4407086,0.47561014,0.47034037,0.49487585,0.5170487,0.50892764,0.4743796,0.50502557,0.5419148,0.546703,0.45501968,0.55060774,0.56346554,0.5508855,0.5428308,0.5070548,0.5096133,0.53231317,0.55940074,0.63016576,0.6279879,0.47877842,0.4814896,0.52148986,0.5483895,0.50354093,0.4734725,0.48024112,0.47300535,0.53538793,0.5487774,0.48637235,0.47540215,0.43513116,0.47676414,0.48020285,0.46827567,0.46353728,0.5128007,0.5773636,0.614261,0.59298486,0.53465587,0.6175743,0.5742767,0.54400253,0.5833534,0.5289368,0.44137812,0.61207056,0.59796166,0.60862654,0.46184072,0.491741,0.4405975,0.5363198,0.53412956,0.5572406,0.55494857,0.58319,0.6267268,0.59766626,0.5675452,0.51943713,0.44965592,0.50695014,0.5766811,0.41035894,0.4674282,0.47727352,0.5537816,0.4834509,0.55086946,0.41842285,0.5056432,0.4716957,0.41175705,0.48536894,0.45124438,0.48344576,0.44916928,0.47309092,0.4991178,0.48739555,0.51397985,0.5759342,0.5175099,0.5274884,0.53729165,0.569481,0.5637182,0.49874142,0.49822095,0.55606157,0.6100987,0.4817035,0.54948115,0.44908905,0.47512278,0.5675319,0.5923406,0.53952557,0.60247433,0.5977252,0.567546,0.5461332,0.54325056,0.44484803,0.5176221,0.48687488,0.56102467,0.54557663,0.58294624,0.52685106,0.52026856,0.4530993,0.4422211,0.45020062,0.44931054,0.51375866,0.51897144,0.55774105,0.5123083,0.50807196,0.5404415,0.5198579,0.51636016,0.5785016,0.6018651,0.6452121,0.5742078,0.5777069,0.5767965,0.6099453,0.51559037,0.5470069,0.50286716,0.52619344,0.52681917,0.52895206,0.57219774,0.5661963,0.51302767,0.52971816,0.47232488,0.5104262,0.5484766,0.4965937,0.45914084,0.54009634,0.5067324,0.5276659,0.5235858,0.51836854,0.5480543,0.5003394,0.5054501,0.54374284,0.5053806,0.53150326,0.5032911,0.5792542,0.56950676,0.52489686,0.5384566,0.5886241,0.56280255,0.5768606,0.54695576,0.5177109,0.50150406,0.46987695,0.45843607,0.4444047,0.50457215,0.5297162,0.45060226,0.48004118,0.5443014,0.5977322,0.5148915,0.5454473,0.49047008,0.4751806,0.5325245,0.4987032,0.4342017,0.48768684,0.54789436,0.5128744,0.4106406,0.55873996,0.5554973,0.50951475,0.5504397,0.49222982,0.51745105,0.5166736,0.5610643,0.59069127,0.6188422,0.5007063,0.50806576,0.5115096,0.55583936,0.4834549,0.48947906,0.40449274,0.42988002,0.53432107,0.5238947,0.46605885,0.49931002,0.48951066,0.49561647,0.49598727,0.5086552,0.5084871,0.5113778,0.55997854,0.6251113,0.59028846,0.54402244,0.641018,0.58626187,0.5339518,0.5754435,0.5691138,0.49796116,0.57478815,0.58034056,0.6329998,0.53979117,0.51444197,0.4875779,0.5167392,0.53174436,0.5531433,0.517276,0.5713104,0.61057955,0.5596223,0.54769564,0.5211034,0.4432477,0.5376332,0.5557824,0.47337905,0.502293,0.45942852,0.5259575,0.48840985,0.54545814,0.48203558,0.5363575,0.46321383,0.38700816,0.41908374,0.42510492,0.47862872,0.5038968,0.42382282,0.53188634,0.51474047,0.44789034,0.46582204,0.4590931,0.48378605,0.48473856,0.47612974,0.47454876,0.46798694,0.4791022,0.47828886,0.50269234,0.49684012,0.4539678,0.46642652,0.4631632,0.46936518,0.49163276,0.48958486,0.48152232
51,0.5446676,0.63344586,0.5478543,0.5570839,0.5509307,0.574473,0.583213,0.5132675,0.5274085,0.59725475,0.6080901,0.48647457,0.56548834,0.47892067,0.48056465,0.59708047,0.61939824,0.57414013,0.6135143,0.6216819,0.59001476,0.5637624,0.6030391,0.48174757,0.50053835,0.45783576,0.56267595,0.57938737,0.58634996,0.48829824,0.5055442,0.47911915,0.43628842,0.41433188,0.41611785,0.50904906,0.5572024,0.5868736,0.5397043,0.52756894,0.5369967,0.5810102,0.5226897,0.59159833,0.63907105,0.6844469,0.59737915,0.60527384,0.6202399,0.6634164,0.559438,0.56431705,0.51828843,0.5446889,0.5255222,0.54887307,0.5792781,0.58686113,0.5582054,0.53952086,0.4562973,0.48503295,0.5087803,0.49872392,0.40848923,0.47165602,0.46825665,0.5074552,0.5020764,0.49058172,0.4591947,0.4594858,0.45692155,0.47506648,0.4701738,0.5008535,0.47116286,0.61846673,0.5370245,0.5511498,0.49608812,0.56882054,0.56413263,0.57913554,0.4980141,0.5086751,0.48404515,0.47614768,0.48897552,0.4945736,0.50229275,0.48493505,0.45253515,0.50248057,0.63051957,0.6325343,0.46554342,0.49323317,0.47724065,0.5167431,0.5289473,0.5238943,0.49407098,0.5151902,0.56182456,0.57163495,0.46004733,0.56772804,0.57873565,0.5608065,0.55709743,0.51405513,0.5203649,0.54787374,0.5698517,0.6563136,0.6571008,0.48099777,0.4855728,0.5211989,0.5717464,0.5048232,0.47946772,0.50041246,0.48261315,0.5442905,0.5394411,0.49990597,0.48530063,0.45603517,0.48190638,0.4848263,0.49258515,0.47239974,0.51646054,0.59138185,0.63639563,0.5932105,0.54751915,0.6355732,0.6006173,0.56430733,0.6085157,0.577341,0.5021048,0.6364161,0.62192804,0.63102067,0.5021381,0.51427513,0.47186923,0.548599,0.54969794,0.5467271,0.54800934,0.59830236,0.64465195,0.6001405,0.5851753,0.51042914,0.4951696,0.5453137,0.568124,0.39818573,0.45751217,0.47858825,0.5781096,0.5046658,0.560344,0.44955105,0.52472955,0.46443263,0.41368085,0.509623,0.46224928,0.49704486,0.46696344,0.4869829,0.51531154,0.49785712,0.53290814,0.59841686,0.5413119,0.5478209,0.5464075,0.5713975,0.56369454,0.51545924,0.5210053,0.57337344,0.6184891,0.4797372,0.5747649,0.48485622,0.51484513,0.5793055,0.5889397,0.5494914,0.6191375,0.60022014,0.581328,0.5419288,0.561957,0.45879272,0.523586,0.48305202,0.5887268,0.56717813,0.617971,0.5683499,0.5418644,0.46739265,0.47830212,0.48150313,0.48089978,0.53300864,0.54408425,0.5836985,0.5391986,0.5227673,0.5660309,0.560352,0.5302656,0.59609413,0.63694364,0.668244,0.61545575,0.6032038,0.6083744,0.6305346,0.54372036,0.58766043,0.5259089,0.554838,0.5478077,0.55193055,0.59225136,0.57960314,0.53312814,0.5577937,0.46742672,0.5224716,0.56556714,0.50434744,0.45639482,0.5302099,0.52309924,0.54816633,0.528697,0.52310526,0.5591586,0.4993109,0.52450824,0.53837883,0.4969951,0.5262343,0.5169599,0.5856194,0.5721541,0.5196718,0.54931355,0.5858864,0.58385587,0.6048622,0.57214236,0.53673744,0.51123303,0.4674105,0.4697516,0.44269854,0.51783353,0.52860504,0.45034564,0.4718893,0.5601199,0.61360604,0.5444363,0.5619107,0.510405,0.49432638,0.5560061,0.5190242,0.44855455,0.4908871,0.57231724,0.53993344,0.41985282,0.57189983,0.5669259,0.5204613,0.56412536,0.48799336,0.535288,0.5236857,0.57540625,0.6293776,0.64059496,0.4965036,0.51851785,0.5106561,0.573498,0.47992685,0.50226796,0.411714,0.435822,0.5402402,0.50678426,0.46785116,0.5107361,0.5136951,0.50266194,0.49879876,0.5211848,0.5189829,0.5155364,0.56080186,0.6391211,0.5848767,0.5596887,0.65048116,0.6047938,0.5501435,0.5858774,0.595299,0.53502667,0.58088017,0.6107107,0.6539301,0.5715843,0.53606313,0.5200527,0.53569645,0.54279584,0.5487391,0.5074214,0.5940481,0.628273,0.5584868,0.5709313,0.5164006,0.48744112,0.5649263,0.55150586,0.48007601,0.5047278,0.4511093,0.53840554,0.5111956,0.54979897,0.51550364,0.53671104,0.4627744,0.38682607,0.43528947,0.42800897,0.47992977,0.5239347,0.4297562,0.5414256,0.52904195,0.4340957,0.46301982,0.4456904,0.47560766,0.49634683,0.4798839,0.48853096,0.48395997,0.48767698,0.48428118,0.5014109,0.49503934,0.45481798,0.47129044,0.46493405,0.47278947,0.51069695,0.5065339,0.49019518
52,0.54169166,0.6355388,0.5550109,0.55672646,0.54429585,0.5547786,0.5599799,0.5201312,0.5406337,0.595433,0.6004055,0.47511244,0.57100546,0.501427,0.5147239,0.5941289,0.611898,0.5691249,0.6083243,0.6107566,0.57169235,0.5476868,0.6076753,0.48623365,0.48432925,0.4452992,0.58265525,0.58375174,0.61550415,0.51062524,0.5197992,0.4814958,0.44928798,0.43473256,0.43326426,0.52617466,0.57369906,0.5972583,0.5685282,0.5287686,0.5406836,0.60330373,0.5122921,0.59005404,0.6573942,0.6960552,0.60782766,0.6068998,0.63140184,0.67762965,0.57402396,0.57436216,0.5263131,0.54889804,0.526183,0.53669256,0.5732879,0.5842347,0.5658679,0.5299336,0.44402447,0.47157297,0.51228744,0.49917796,0.39689565,0.46789268,0.46895778,0.5155343,0.48767018,0.4832132,0.45226535,0.45726287,0.47002628,0.45624152,0.4484061,0.47717234,0.4751529,0.60823625,0.534604,0.55609244,0.49229208,0.563141,0.56953126,0.57655865,0.5159904,0.5068115,0.47898248,0.46685082,0.5107908,0.5026725,0.5080919,0.4783026,0.45003545,0.4842725,0.64525133,0.633827,0.48790094,0.5016086,0.46771887,0.51686215,0.5241482,0.5232875,0.50324506,0.5116268,0.55791086,0.5752182,0.4632024,0.5537148,0.5656521,0.5539114,0.54351884,0.5041576,0.50428754,0.53535426,0.5527292,0.6552642,0.6666666,0.48093143,0.48242724,0.5096713,0.5758818,0.49968854,0.47753745,0.5085704,0.48615497,0.541361,0.5233253,0.4994417,0.48286596,0.461684,0.4772865,0.47629455,0.50817114,0.47617483,0.5121685,0.59132296,0.642196,0.5861712,0.5397636,0.63129234,0.611696,0.5728514,0.6216965,0.6081467,0.5488394,0.6512988,0.6084456,0.6253492,0.522225,0.5177317,0.4917308,0.54893154,0.54818547,0.524868,0.5328532,0.59809303,0.64318395,0.5937641,0.59049004,0.49508154,0.52342325,0.5644659,0.5468869,0.3916566,0.44075802,0.47865155,0.58112156,0.5105704,0.5409445,0.4740416,0.5279045,0.45452145,0.415941,0.5204647,0.46818838,0.49686232,0.47109395,0.49433565,0.50933605,0.49212205,0.53254515,0.6050699,0.5476706,0.550679,0.5377,0.5566691,0.5452282,0.5212329,0.5310845,0.5705423,0.6086332,0.46396172,0.5795366,0.5049876,0.5366005,0.57536995,0.58244044,0.54678184,0.61854565,0.5919299,0.5803817,0.5227711,0.56950665,0.46250615,0.5082056,0.46384588,0.6022323,0.5714183,0.6360819,0.59008455,0.55172503,0.4652598,0.50030094,0.49652976,0.49375784,0.5463249,0.55328375,0.5884448,0.5582111,0.5220114,0.570862,0.5840079,0.5181469,0.59105206,0.6522506,0.6793945,0.632861,0.611903,0.6257193,0.64443254,0.5553429,0.6036224,0.535575,0.5619291,0.54979247,0.54922944,0.59008986,0.5771284,0.5340497,0.5586131,0.45106316,0.51071364,0.5584087,0.49953088,0.44663122,0.50827736,0.5214834,0.55161756,0.5130261,0.5096856,0.5469986,0.48577496,0.52458465,0.507801,0.47045133,0.50143105,0.51615316,0.57379967,0.5586001,0.5092039,0.54133576,0.5688636,0.58235884,0.60827917,0.5782064,0.5350319,0.5021422,0.45540494,0.4704834,0.4422373,0.5191834,0.5229375,0.44996712,0.45525762,0.56636786,0.61570746,0.5604803,0.56077707,0.5100816,0.49517477,0.5571498,0.52571553,0.4575477,0.48778123,0.57375383,0.5471651,0.42864892,0.5586758,0.55509603,0.5180259,0.55252117,0.46962664,0.5287398,0.5100565,0.5675441,0.6413155,0.6482168,0.4896777,0.5174833,0.49801603,0.5736549,0.47674406,0.5024482,0.4199434,0.44095713,0.5338553,0.4886581,0.46462575,0.5064396,0.51567763,0.49791002,0.4896425,0.522545,0.51764315,0.51371014,0.54956883,0.63675267,0.5731148,0.5575074,0.6411783,0.60778147,0.5558704,0.5887419,0.60626537,0.5579621,0.5810836,0.6079638,0.6510038,0.5787427,0.53516006,0.53311056,0.545138,0.54009813,0.5326394,0.49484584,0.5978393,0.62930906,0.55156004,0.580403,0.5014057,0.5115761,0.5738403,0.5359981,0.4832557,0.49718684,0.4448077,0.5371928,0.51931816,0.53076553,0.5315324,0.5175821,0.46014026,0.38785386,0.44724798,0.431865,0.47743356,0.5273243,0.43770558,0.5258111,0.52412933,0.42636073,0.459121,0.43312648,0.46538657,0.49972406,0.47881564,0.49566543,0.4937192,0.4896952,0.48473138,0.492511,0.48536038,0.45351437,0.47399977,0.46160442,0.4708287,0.51999456,0.51445967,0.49244156
53,0.5176152,0.6152246,0.54234785,0.536677,0.52152735,0.52360654,0.5232627,0.515737,0.54061556,0.5711978,0.5778563,0.44875827,0.55262053,0.50500035,0.5242438,0.5744261,0.6002973,0.54917663,0.5864503,0.587359,0.5413461,0.5191355,0.5927905,0.47753158,0.44961667,0.42246553,0.5787671,0.5645021,0.6246162,0.51429915,0.5229939,0.461186,0.44895598,0.44028184,0.43572706,0.5366564,0.5694047,0.58184934,0.58519536,0.5163057,0.52723587,0.60312223,0.48020285,0.55996597,0.651039,0.68915874,0.5921172,0.59216434,0.62652415,0.675346,0.56755316,0.5596998,0.5210025,0.5319279,0.51056314,0.4965274,0.547093,0.55871814,0.5488205,0.49154,0.4244196,0.44024315,0.4927954,0.48600304,0.39029133,0.46385878,0.4539008,0.50928557,0.4595869,0.4584519,0.43711075,0.44150597,0.46528223,0.42407057,0.41742367,0.4413451,0.46947545,0.5725413,0.5104202,0.5536756,0.4722103,0.54169446,0.55326146,0.546315,0.5144683,0.48393965,0.45930576,0.45317313,0.517206,0.49632382,0.5021718,0.47035488,0.44809973,0.4520906,0.6418848,0.61188877,0.4983782,0.49376157,0.4435399,0.49571663,0.50356317,0.50784004,0.50021905,0.49517873,0.52937776,0.5559811,0.46481842,0.5073635,0.52371687,0.5321866,0.50239635,0.4794491,0.4624549,0.4946847,0.509971,0.6246099,0.6530874,0.47921672,0.47334206,0.49061283,0.55995554,0.4890208,0.4679113,0.5035191,0.4838826,0.52792066,0.50377923,0.486356,0.4695636,0.44954717,0.4646409,0.45656776,0.5103376,0.4733583,0.50214034,0.5768267,0.6287116,0.57403237,0.5123342,0.602626,0.6051369,0.5674199,0.6198409,0.6126698,0.56928545,0.6542533,0.55736035,0.588131,0.5124083,0.5005577,0.4941393,0.5359923,0.5287534,0.49499074,0.5133861,0.5807842,0.6204257,0.57923216,0.58056825,0.4758223,0.52897006,0.5585879,0.51759624,0.39318714,0.42406106,0.47737688,0.5609861,0.50112236,0.49502954,0.48318362,0.51156706,0.44447082,0.41964647,0.51569694,0.46884245,0.4836264,0.45742962,0.4937089,0.4797358,0.46957207,0.51241887,0.5920285,0.53380424,0.5346894,0.512749,0.5283635,0.51204133,0.5146059,0.52646416,0.54766697,0.57906955,0.43740505,0.5609041,0.5058118,0.5354153,0.5541758,0.5747386,0.53188753,0.6002732,0.57367927,0.56397134,0.49330524,0.56253004,0.45552075,0.47231463,0.43242636,0.5987577,0.5570086,0.63381684,0.58879834,0.55038106,0.44688052,0.5054197,0.49419078,0.48644975,0.5513975,0.54362816,0.56963927,0.5660994,0.50498205,0.5531992,0.58453125,0.4808588,0.56004685,0.64400023,0.6746218,0.62124234,0.60164326,0.6242855,0.6487353,0.54777324,0.5907377,0.5299382,0.5436352,0.5307324,0.5194913,0.5652535,0.5600167,0.5148749,0.52947015,0.42749384,0.475301,0.52651626,0.48324654,0.43585694,0.48253298,0.5008966,0.535722,0.47906882,0.4813457,0.513155,0.4647524,0.5040726,0.45595402,0.43193927,0.46386966,0.50048816,0.5444088,0.53461385,0.4994533,0.51883674,0.54199255,0.5570234,0.5827429,0.56107146,0.5089253,0.4741463,0.4397592,0.4605453,0.44519144,0.505567,0.51663107,0.44978234,0.43428907,0.5641718,0.6016048,0.55703044,0.5378422,0.488501,0.47826028,0.53476316,0.51750165,0.4597741,0.47967,0.55068696,0.5330331,0.43601823,0.51811165,0.52099055,0.5034974,0.5162159,0.44064724,0.4965529,0.47626123,0.5384099,0.622775,0.6390331,0.4828779,0.5056747,0.47780177,0.557118,0.47552052,0.4902999,0.42851138,0.44502607,0.5176162,0.47495797,0.45907,0.48767465,0.49392933,0.4833191,0.4723841,0.5141877,0.50521725,0.507629,0.530181,0.6165955,0.55808276,0.5368304,0.6118127,0.5939495,0.55021113,0.584545,0.5994891,0.5636118,0.57701385,0.5703796,0.6213679,0.55694777,0.5112868,0.52456164,0.5415899,0.5231944,0.50777626,0.48527202,0.58080256,0.6115449,0.5395161,0.57281137,0.47905272,0.5108302,0.5634334,0.51300526,0.48383147,0.4837357,0.44272846,0.52210426,0.51207066,0.49205774,0.52449226,0.48302865,0.4555031,0.39121592,0.45336053,0.43708596,0.4737773,0.5121351,0.44710553,0.48651227,0.5000299,0.4271268,0.45491296,0.42493606,0.45656264,0.49278718,0.47178212,0.49374592,0.4943448,0.48437697,0.47976783,0.47901225,0.4712382,0.44979468,0.47319853,0.45336765,0.46312922,0.51635903,0.5107207,0.4873676
54,0.47794893,0.5748232,0.5110178,0.50048584,0.48708057,0.4877657,0.4813394,0.5011525,0.52810884,0.528967,0.5440744,0.41378874,0.51143783,0.48809525,0.50548196,0.53964645,0.58542645,0.51895994,0.5514501,0.55535334,0.50639355,0.48417288,0.5605126,0.45823863,0.40422055,0.39400733,0.5512344,0.5254064,0.6092139,0.49996734,0.5142847,0.42271942,0.43836632,0.43047637,0.42475092,0.53683794,0.5445606,0.54291433,0.5853214,0.49414858,0.4999736,0.5808176,0.43438694,0.5056013,0.6198866,0.66308177,0.55340654,0.562685,0.6058325,0.65560156,0.5424002,0.52426636,0.5039804,0.4983908,0.48270512,0.4396728,0.5066092,0.51453197,0.5098851,0.43372288,0.4018392,0.39710695,0.45214042,0.46022683,0.3927796,0.46152082,0.42565078,0.48702782,0.42604825,0.42177624,0.41649386,0.41544858,0.4401159,0.38532627,0.38592294,0.40393448,0.45416114,0.5168287,0.46928394,0.54208195,0.44309673,0.5089683,0.515694,0.49272874,0.48923105,0.44231376,0.4300436,0.4415897,0.50473017,0.4765831,0.48354828,0.4625149,0.44699734,0.41468167,0.62043405,0.56953764,0.48939762,0.46660277,0.41176522,0.45980504,0.47335255,0.4818844,0.486386,0.46943784,0.4832859,0.5178202,0.4645532,0.43782353,0.46085364,0.5014074,0.44178945,0.44648737,0.4057065,0.4353848,0.45285523,0.56873125,0.61699843,0.47640437,0.46045056,0.46926615,0.5266983,0.47486907,0.45210072,0.48691168,0.47635773,0.5071548,0.4837202,0.46499437,0.44861344,0.42244905,0.4484258,0.4311915,0.4967181,0.4636583,0.48996052,0.5506241,0.5967366,0.5582328,0.47230887,0.554249,0.5828917,0.5479439,0.60219246,0.587153,0.5573753,0.64418066,0.48069873,0.5241283,0.47133526,0.46780363,0.47785115,0.5101507,0.4942609,0.46116993,0.49349317,0.54803485,0.5793597,0.5571594,0.5551338,0.4547737,0.5121035,0.52697486,0.48613074,0.40343574,0.4139071,0.47446823,0.5215167,0.48009336,0.43310437,0.47101575,0.4767146,0.43597695,0.42509523,0.49612907,0.46474922,0.46161336,0.42659628,0.48522413,0.4313455,0.43374327,0.47724468,0.5600551,0.5006532,0.50218743,0.4770663,0.49271125,0.4713656,0.4966101,0.5083068,0.5096602,0.53360504,0.40640503,0.5202628,0.4884083,0.5115207,0.51696366,0.5656569,0.5084906,0.56664747,0.5479699,0.5345879,0.46022347,0.5406016,0.43976718,0.4242893,0.39575106,0.57886684,0.5274727,0.6110763,0.5669895,0.53991896,0.41758904,0.49586272,0.4775356,0.46390995,0.54537946,0.5166874,0.53074527,0.56086755,0.47533685,0.51661325,0.56137896,0.4277156,0.5068618,0.61290514,0.6524161,0.5812833,0.57323956,0.60246015,0.64133775,0.5227649,0.55115575,0.51023984,0.50332755,0.4944499,0.4703209,0.5223079,0.5322329,0.47953877,0.47605744,0.40296122,0.42324963,0.47581872,0.45871538,0.43003634,0.46151015,0.4663126,0.50250936,0.43617633,0.4467159,0.465909,0.44446772,0.46712252,0.39545968,0.39184487,0.42591867,0.47388116,0.50290394,0.5084585,0.49419206,0.48963186,0.5119957,0.51224416,0.53081363,0.52122056,0.4614733,0.43393573,0.42841172,0.44315973,0.45238513,0.47732016,0.51244295,0.44989446,0.41436693,0.5547043,0.57250994,0.53164774,0.49429795,0.45124605,0.44902185,0.49395135,0.49555954,0.45533374,0.4685048,0.5085216,0.50108546,0.44102818,0.457841,0.47197187,0.48104548,0.46281818,0.40758663,0.44594637,0.430099,0.49552143,0.57630295,0.61347896,0.47791827,0.48653293,0.456396,0.5275021,0.47668743,0.46904823,0.43604782,0.44773173,0.49615613,0.4682397,0.45464572,0.45925206,0.45466194,0.46410495,0.45374742,0.49918303,0.4851576,0.5000108,0.5084349,0.5809977,0.542007,0.5024232,0.56675303,0.5662685,0.53377557,0.5744286,0.57550234,0.55142194,0.56970626,0.50605184,0.5683877,0.50906354,0.47151306,0.49777076,0.5233113,0.49432954,0.47798488,0.4823138,0.54578036,0.57696956,0.5222077,0.5483066,0.45348907,0.48756695,0.53618664,0.4874666,0.48312402,0.4689363,0.44609815,0.4962035,0.4922622,0.4432706,0.4943747,0.44258934,0.44951877,0.39716884,0.4532495,0.44312853,0.471812,0.48103502,0.4568543,0.4313774,0.4614808,0.43571672,0.45052153,0.42368242,0.45241272,0.47635382,0.45962864,0.48286057,0.48536488,0.47282934,0.47074616,0.4647277,0.4570635,0.44425994,0.4690236,0.442519,0.45171365,0.49979553,0.49583665,0.4757575
55,0.43151826,0.52189016,0.46573907,0.45463082,0.44711268,0.45324326,0.44110206,0.47881395,0.5047762,0.47811937,0.5050267,0.3782346,0.45318523,0.45412254,0.46237057,0.49382678,0.5674992,0.4847566,0.50819665,0.519646,0.47347265,0.44837075,0.51668453,0.43316,0.35874632,0.36572167,0.50520086,0.47532976,0.5701804,0.47383073,0.49527737,0.37634102,0.4233857,0.40902704,0.40576136,0.52391374,0.50302994,0.48793006,0.5661767,0.46772695,0.46516475,0.5401757,0.38717923,0.43928963,0.56787413,0.62120426,0.50040877,0.5228305,0.5716249,0.6193387,0.5040804,0.4768583,0.47818902,0.4576419,0.45009395,0.38411263,0.46051568,0.4600329,0.45665893,0.3724712,0.3810226,0.352772,0.3992681,0.42657876,0.40562636,0.4612065,0.3923711,0.45261896,0.39710754,0.38323864,0.3954066,0.38579112,0.39943933,0.34840134,0.36157283,0.37527564,0.43321022,0.4532498,0.42061606,0.5209995,0.41348904,0.47065678,0.46342745,0.428182,0.44320157,0.3905962,0.39921442,0.43741918,0.47593686,0.4487794,0.4537751,0.4557649,0.44699755,0.38116476,0.5826767,0.5159827,0.46039182,0.42447263,0.38144276,0.41874918,0.4420289,0.45095372,0.46532422,0.4395019,0.43215138,0.46868297,0.46143147,0.363575,0.39221564,0.46848637,0.375773,0.41259062,0.35042703,0.37320513,0.39778385,0.5000143,0.56378984,0.47318712,0.4463698,0.4506344,0.48172778,0.45972794,0.43286824,0.46247038,0.46420914,0.48333347,0.46573564,0.44113207,0.423664,0.3882248,0.4340231,0.40764108,0.46867257,0.44856498,0.47892943,0.51682276,0.55031854,0.53882605,0.42987704,0.49727938,0.5511821,0.5168156,0.57094985,0.5330556,0.51338035,0.62097126,0.40092924,0.4471671,0.40878016,0.43010563,0.44809553,0.47366118,0.45072272,0.42727768,0.47690812,0.5045199,0.5274398,0.52857167,0.5173893,0.43394318,0.47809505,0.47441083,0.4570462,0.4216542,0.41401595,0.4694767,0.47074023,0.4526019,0.37014037,0.4376303,0.42995462,0.42951092,0.4317537,0.46541953,0.45664516,0.43791234,0.38520664,0.46975166,0.37461895,0.39087328,0.4347295,0.51500684,0.4533361,0.45843226,0.43750715,0.45616055,0.4308106,0.47011432,0.4794026,0.46518692,0.48180825,0.37762415,0.46353784,0.45721766,0.47022432,0.46838176,0.5534478,0.48215213,0.52243966,0.5181953,0.496958,0.42935976,0.5065665,0.4188838,0.3767824,0.36210862,0.54595673,0.49070477,0.5710037,0.53197926,0.52327543,0.3855706,0.47682452,0.45130518,0.43472797,0.5260844,0.47775415,0.47962287,0.5413957,0.4397689,0.46876353,0.51874185,0.37348586,0.44310385,0.5638327,0.61483544,0.5198076,0.53033406,0.5623514,0.6215614,0.48538956,0.493008,0.47977728,0.45072836,0.4492985,0.41644275,0.46993917,0.4985658,0.43554422,0.4118841,0.38295785,0.3662187,0.4181386,0.4305072,0.4326519,0.4500591,0.4280016,0.45836142,0.39673963,0.4164009,0.41765204,0.43227604,0.4225408,0.34203652,0.36054906,0.39977434,0.44312623,0.45808777,0.48731387,0.49322623,0.461128,0.48428437,0.4563975,0.4626237,0.4643306,0.40286425,0.39247563,0.42750838,0.42403585,0.46270412,0.43783304,0.51045674,0.4501926,0.39944533,0.53845775,0.533773,0.48746568,0.4377804,0.4081934,0.4156231,0.4444939,0.4630318,0.4456028,0.45625374,0.45813683,0.45844617,0.44292724,0.39279535,0.41923055,0.45577103,0.40446487,0.37686548,0.39084065,0.38400298,0.45040545,0.5114998,0.57518995,0.4754928,0.46488374,0.43976402,0.48990133,0.4794902,0.44328114,0.4410161,0.44881293,0.47483963,0.46860212,0.45408198,0.42760035,0.4096915,0.44642386,0.44103968,0.4802662,0.4622497,0.4932057,0.48950362,0.5353316,0.52531576,0.4629917,0.5158556,0.53184783,0.50895923,0.56031054,0.5370906,0.5232344,0.55941045,0.4323304,0.5024024,0.44548824,0.42877012,0.46087474,0.4910919,0.45787185,0.4468096,0.48727632,0.4987481,0.53117186,0.49972203,0.5105288,0.42890736,0.44909674,0.49715585,0.46361965,0.48270062,0.45655778,0.45455214,0.46441874,0.464345,0.39656067,0.44750977,0.40699232,0.44332758,0.40522653,0.44721994,0.44892648,0.47399917,0.44116956,0.46510088,0.37237924,0.4157257,0.44907126,0.4457964,0.43043476,0.45488405,0.45389816,0.44474927,0.465144,0.46860585,0.4574353,0.45939973,0.45301884,0.446508,0.4381587,0.4628744,0.43203595,0.43969566,0.47341827,0.47283563,0.45965308
56,0.38683867,0.46648294,0.41436994,0.40671006,0.40780962,0.42407075,0.40677002,0.4523415,0.4732705,0.42863485,0.4671735,0.34965563,0.38839564,0.41017327,0.40506282,0.4435826,0.54630727,0.4520112,0.4621111,0.48477682,0.44611123,0.41634852,0.46860465,0.40825936,0.3233294,0.34397632,0.44828287,0.42476046,0.5129743,0.44295308,0.46910632,0.334074,0.40900224,0.3819931,0.38468698,0.49857512,0.4513114,0.42706862,0.52777237,0.44169077,0.42985383,0.48626262,0.3494364,0.3759932,0.501223,0.5682008,0.44346744,0.4782471,0.52657366,0.56849873,0.45914117,0.42726716,0.4476228,0.41910008,0.42002374,0.34345517,0.41696703,0.40570468,0.39970645,0.32224628,0.36634383,0.31852514,0.34820327,0.3924388,0.42729554,0.46211505,0.36417058,0.4145096,0.37943795,0.35306785,0.3794944,0.3604501,0.35580245,0.32172278,0.34937364,0.3611238,0.41324985,0.39490572,0.3758585,0.4929847,0.38993508,0.43222767,0.40818888,0.3672606,0.38764814,0.34151086,0.3743735,0.4418144,0.43827555,0.42003474,0.41768605,0.4511218,0.44866598,0.357686,0.5313454,0.46201247,0.41942537,0.37856525,0.3597736,0.38142332,0.4168817,0.42056617,0.4417406,0.41140497,0.38748762,0.417529,0.45609546,0.30283868,0.3333268,0.43868178,0.3191717,0.38338277,0.30940688,0.3218449,0.35680166,0.43295613,0.5017722,0.4701596,0.43361273,0.43817848,0.4324631,0.4460288,0.41471928,0.4353917,0.44946855,0.46008524,0.4521327,0.4200351,0.3994092,0.35701498,0.4251029,0.39216042,0.43220472,0.4315755,0.4703388,0.47923943,0.49509823,0.5155639,0.39394617,0.44329146,0.51588595,0.47795862,0.5293224,0.458987,0.4450293,0.5840675,0.33658564,0.37428123,0.34335354,0.39790538,0.41382253,0.4314524,0.40591818,0.39822143,0.46612462,0.45684484,0.47320578,0.49562314,0.4733082,0.41647282,0.4335373,0.41125953,0.43353862,0.4456136,0.4250326,0.46269026,0.41790658,0.4235394,0.31929126,0.3909208,0.38258746,0.42578056,0.4399072,0.42990914,0.446353,0.41861477,0.34498265,0.44898704,0.32280493,0.34936342,0.3924854,0.4658605,0.4006944,0.41052625,0.40017837,0.42354694,0.39635456,0.43975508,0.44407365,0.42297876,0.4345034,0.3567349,0.40092385,0.41806126,0.4201799,0.41681206,0.53674614,0.45770857,0.47370815,0.48753515,0.4564977,0.4050454,0.46586514,0.3983085,0.34070218,0.33888808,0.50375956,0.45468947,0.5181584,0.49045482,0.50214833,0.3590623,0.4522021,0.42047274,0.40587625,0.4947398,0.43407342,0.42521304,0.5085712,0.40582785,0.41892812,0.46340248,0.33080667,0.38326576,0.50312275,0.5655181,0.44832093,0.47851756,0.5088829,0.58927226,0.44266042,0.42819294,0.44361618,0.39811784,0.40476403,0.3710763,0.41823593,0.46361578,0.39180663,0.35243604,0.37122643,0.3171747,0.36725622,0.40383354,0.44336194,0.44920596,0.3963099,0.41304725,0.36999753,0.3980675,0.3791534,0.43098432,0.38152978,0.30704552,0.3451627,0.39201447,0.41560662,0.41816562,0.47439387,0.4943104,0.4381384,0.46154296,0.39988148,0.39251795,0.4023785,0.34721562,0.36012927,0.43782273,0.40814543,0.47342595,0.39426288,0.5084243,0.45071402,0.3916661,0.51568115,0.49210784,0.4342042,0.38134232,0.3689961,0.38586894,0.39749408,0.4257595,0.43365404,0.44531608,0.4105435,0.4132021,0.44240662,0.33804345,0.37298265,0.43192407,0.3536933,0.35373476,0.34444684,0.34835765,0.412448,0.44153506,0.5288783,0.47527093,0.44501805,0.4314942,0.4496939,0.48261148,0.4181347,0.4434249,0.4490329,0.45737192,0.47508907,0.4581073,0.39929926,0.3711072,0.43420044,0.43840817,0.46000665,0.44083136,0.48755947,0.47569406,0.48564988,0.50761783,0.42726272,0.46911216,0.49722168,0.4789631,0.54267985,0.48897582,0.48346087,0.5451357,0.36614928,0.43606892,0.3817572,0.3948307,0.42313904,0.4491808,0.4196781,0.418488,0.49874035,0.4468657,0.48106128,0.47403485,0.4651335,0.40935743,0.40324917,0.4525363,0.44449398,0.4828088,0.4486401,0.4664649,0.43188173,0.43313685,0.36208925,0.3950526,0.38415077,0.43844482,0.41585407,0.43724507,0.4542732,0.48014766,0.40262994,0.47018304,0.32226384,0.37092263,0.464178,0.4416204,0.44468024,0.46369794,0.43032062,0.43029386,0.4436727,0.44696525,0.4409671,0.44740263,0.44600186,0.44154146,0.43293986,0.45631415,0.42422983,0.42966932,0.44200101,0.4456561,0.44171658
57,0.35156694,0.41790006,0.3678519,0.36523032,0.3753655,0.40253827,0.38080925,0.42709973,0.43890533,0.3883651,0.4339805,0.33470708,0.33183974,0.36597613,0.3469083,0.39710504,0.5188801,0.42452797,0.4186554,0.4533567,0.42561924,0.39204395,0.4238594,0.39017612,0.30619547,0.33480287,0.3901344,0.38308594,0.44469953,0.41278797,0.4389627,0.30655584,0.39916882,0.35714015,0.36742628,0.46595347,0.39929545,0.37164384,0.47534493,0.4205703,0.40111542,0.42717844,0.32872182,0.32789055,0.42846343,0.5057166,0.3926509,0.43458584,0.4736763,0.50353426,0.41554922,0.3851933,0.41812363,0.39063883,0.39903226,0.32446477,0.38264847,0.36125016,0.35125333,0.29277983,0.3618205,0.3029747,0.3120704,0.3649654,0.4537206,0.46309248,0.34942102,0.38120663,0.37592897,0.33888495,0.37376413,0.34627125,0.32327992,0.3123412,0.3523082,0.36365238,0.40076333,0.3509093,0.34531152,0.4602857,0.37593094,0.3980439,0.36084133,0.32197484,0.33766332,0.30660936,0.36023822,0.4525007,0.4003798,0.39720413,0.3831958,0.448923,0.45243597,0.34825894,0.46935672,0.41463625,0.37766826,0.34082934,0.35297137,0.35624403,0.40375337,0.39679486,0.42123574,0.39184946,0.35796124,0.3737081,0.45092955,0.26712087,0.2954077,0.415571,0.2828991,0.36399493,0.2910591,0.29023942,0.33595055,0.37790644,0.4381889,0.46705398,0.42449558,0.4332835,0.38766247,0.4357348,0.40244922,0.41203704,0.43548846,0.4396429,0.44292742,0.40526852,0.38131386,0.33821386,0.42327982,0.38884914,0.3958506,0.41755208,0.46316314,0.44086397,0.43666887,0.48727563,0.3703888,0.39996105,0.48000365,0.43560773,0.47921133,0.3797184,0.36821482,0.53057134,0.29650912,0.31886378,0.2933299,0.37779492,0.3834829,0.3915376,0.36849406,0.37887934,0.4597989,0.41282976,0.4234055,0.46072328,0.4300467,0.4058677,0.38677165,0.35075977,0.41702658,0.47123468,0.44509596,0.4546566,0.37272933,0.39901793,0.28945124,0.34317607,0.3464064,0.42558253,0.45090035,0.39812484,0.43727043,0.40679735,0.31854686,0.4268485,0.28764504,0.31874287,0.35785076,0.4215883,0.3543626,0.36745602,0.3707509,0.39802948,0.3719129,0.4122872,0.4095997,0.38992348,0.3984296,0.3486685,0.34603155,0.37862146,0.37150553,0.3729241,0.5126975,0.43794382,0.42643762,0.45775592,0.419084,0.38980108,0.4257135,0.3850954,0.32325637,0.33171016,0.4556997,0.4246842,0.45747623,0.4472,0.47634938,0.34559026,0.4254131,0.3917837,0.38297147,0.45712373,0.3945206,0.37651435,0.46731958,0.38125336,0.37722617,0.40580887,0.30798936,0.33886486,0.43786386,0.5059517,0.38114396,0.42483112,0.4492475,0.5419087,0.4035721,0.3706951,0.40912622,0.35763457,0.3702046,0.34249488,0.37666094,0.4315866,0.35787112,0.3108728,0.37052602,0.2873366,0.33455917,0.38378903,0.45930532,0.45741317,0.3782109,0.37694818,0.3610793,0.39552727,0.35753712,0.43991107,0.3549459,0.29669207,0.34869015,0.40410924,0.39861733,0.38869828,0.468438,0.49381912,0.4230178,0.4443704,0.35310793,0.33417302,0.35060695,0.3069092,0.34384868,0.45579946,0.39881042,0.48179018,0.35719886,0.50289494,0.45180446,0.39273024,0.4854396,0.4521119,0.38478172,0.33825272,0.34261316,0.36717835,0.3636078,0.39263391,0.4247134,0.43880725,0.37476668,0.37448117,0.44140926,0.30400977,0.3414308,0.41309988,0.3204668,0.3435183,0.31622723,0.33012933,0.38671473,0.37916633,0.47746253,0.47586763,0.43061477,0.43277153,0.41251302,0.4841414,0.39862216,0.44486794,0.44956878,0.44477406,0.48422804,0.46465746,0.38007233,0.34824306,0.42883357,0.44610983,0.4414006,0.42485315,0.48114395,0.46562433,0.43609935,0.4865424,0.40116942,0.43130368,0.46538585,0.4466079,0.5186334,0.43707976,0.43859836,0.52228934,0.31846905,0.37968957,0.33321336,0.37669584,0.39257053,0.40564057,0.38677213,0.39686286,0.51106197,0.3986168,0.43247318,0.44782314,0.41940323,0.39809203,0.35866594,0.4087637,0.43095642,0.4821161,0.445903,0.47924408,0.404648,0.40508223,0.3464354,0.34950966,0.37971142,0.4362558,0.43049192,0.42730802,0.45961788,0.4866505,0.37622967,0.47169515,0.29157868,0.33561793,0.47843918,0.4398339,0.46424735,0.47653458,0.41098216,0.41982427,0.42255124,0.4244201,0.42662716,0.43669087,0.44425228,0.4425842,0.43049127,0.4506905,0.42105064,0.42405775,0.41145992,0.41914466,0.4253243
58,0.33312356,0.38197228,0.33840573,0.3390136,0.35539204,0.38784865,0.36309528,0.4094325,0.4096121,0.3633444,0.40403342,0.33823395,0.29825762,0.33319628,0.30122948,0.36076668,0.47837248,0.40396026,0.38161173,0.42431906,0.41070405,0.37609076,0.38949838,0.38488504,0.3121762,0.34175575,0.34382388,0.35740682,0.3744518,0.39005,0.40932432,0.30134252,0.3991822,0.34406227,0.36247638,0.43415934,0.36032668,0.33311146,0.4217722,0.40945277,0.38521513,0.37699944,0.32969344,0.30337027,0.36330122,0.43461353,0.35710993,0.39648473,0.41986975,0.4248052,0.38258976,0.35991773,0.39657423,0.37811348,0.3933299,0.33107686,0.36280897,0.33335432,0.32297367,0.29064688,0.37087035,0.31075048,0.2981611,0.34930265,0.4791767,0.4633953,0.35302067,0.3580265,0.3878884,0.344943,0.3812099,0.34756252,0.31004325,0.32377937,0.37085998,0.3831663,0.3992512,0.32576376,0.3346904,0.4210198,0.37226903,0.37055326,0.32616347,0.30109712,0.30458504,0.2923367,0.35861075,0.46682614,0.3696382,0.386245,0.35894144,0.44755894,0.45778888,0.35613835,0.4010326,0.3767732,0.34335506,0.3190259,0.36711633,0.35135219,0.40649563,0.38516822,0.40947157,0.38638934,0.3504814,0.34698373,0.44666633,0.2620774,0.2852446,0.40193543,0.27243233,0.35994527,0.3030714,0.28450057,0.3382043,0.340632,0.3776085,0.46252087,0.42124385,0.43469918,0.35669455,0.42944643,0.39761955,0.39832217,0.4242662,0.4235534,0.43473637,0.39791232,0.3730784,0.33788133,0.4286665,0.3995261,0.36674872,0.41067874,0.45530456,0.40422216,0.38119355,0.45066935,0.36172906,0.37156817,0.44640896,0.3951556,0.4237378,0.3105874,0.3028082,0.45837215,0.28472617,0.28875118,0.26898295,0.3729361,0.36350518,0.3632566,0.34700382,0.370297,0.4523038,0.37939945,0.38213754,0.42524824,0.39464563,0.40368855,0.35098648,0.3046649,0.40492025,0.4932417,0.4692875,0.4455598,0.3452987,0.3864624,0.2855533,0.305646,0.3285968,0.4275201,0.4646626,0.37884772,0.43260494,0.4036214,0.3138123,0.41006574,0.27629605,0.30701366,0.33868837,0.38801524,0.3264713,0.3390795,0.35412273,0.38024238,0.35802495,0.39514354,0.38526452,0.3711111,0.3746512,0.3569505,0.31197107,0.34947422,0.33393678,0.34540597,0.47473487,0.42314956,0.38490108,0.42814687,0.3896586,0.38148,0.39351183,0.38586017,0.32873157,0.3440474,0.40843934,0.40421614,0.39641255,0.410078,0.44709608,0.35122278,0.4043227,0.37424877,0.3738516,0.42204267,0.36942607,0.34302872,0.42750207,0.37292525,0.35364434,0.36125728,0.31092498,0.31652084,0.37926584,0.43676904,0.33225352,0.37721038,0.39412507,0.47519672,0.37744588,0.33351257,0.3845489,0.33853704,0.3541902,0.33577746,0.3527291,0.4058537,0.34303883,0.2968391,0.3826653,0.2835775,0.3258847,0.37433532,0.47697723,0.46957704,0.37719232,0.3564463,0.37279257,0.4092823,0.35665238,0.45715523,0.3492073,0.31423548,0.36965397,0.43357277,0.39762616,0.37213767,0.46359456,0.48486397,0.41491586,0.43110538,0.32333955,0.29735216,0.31923372,0.28863856,0.3463307,0.47726032,0.39929104,0.4864476,0.33667263,0.49079153,0.4537395,0.40444186,0.44460425,0.41590443,0.348674,0.31591508,0.33786204,0.36634004,0.35060737,0.37287465,0.42475647,0.43926376,0.3581213,0.35236895,0.4410331,0.29633227,0.33125332,0.40290764,0.30985907,0.3512167,0.31319824,0.33474708,0.37484652,0.3349219,0.42212924,0.47506875,0.42506942,0.44227096,0.3845761,0.48124823,0.38791022,0.4470314,0.44994363,0.43617344,0.4884116,0.4691106,0.3734029,0.34664008,0.43054077,0.4616522,0.42579368,0.41769263,0.4712644,0.45450038,0.38855186,0.45575443,0.38710186,0.4019233,0.43827718,0.41540045,0.48481396,0.38687003,0.39534625,0.48289064,0.29608387,0.34053418,0.30880123,0.37753347,0.37533626,0.3713443,0.3664897,0.38184786,0.5152297,0.3627,0.38886952,0.4218671,0.38264737,0.39609703,0.3277196,0.3723945,0.41972783,0.47969094,0.44839904,0.48991227,0.39002442,0.3881912,0.35200575,0.32066116,0.39626297,0.43744728,0.4493164,0.4219949,0.46440002,0.489523,0.36941537,0.47058275,0.2863963,0.31770927,0.4882174,0.44165212,0.48481515,0.48943406,0.4008862,0.41689125,0.40732154,0.40674943,0.4182116,0.42971244,0.44634974,0.44852996,0.4330964,0.44757447,0.4245871,0.42568853,0.38908568,0.3997906,0.41455653
59,0.33516362,0.35843733,0.3324957,0.33235484,0.34945375,0.37605911,0.3509973,0.40318814,0.39224976,0.3552788,0.37441224,0.360128,0.2942535,0.3215436,0.27821845,0.3363553,0.42276013,0.38859066,0.3525694,0.3943054,0.3965585,0.364369,0.3682602,0.3945759,0.3400013,0.36369446,0.3208339,0.35010394,0.3152612,0.38182005,0.38667864,0.3215691,0.4126819,0.3508456,0.37802583,0.41087794,0.3449509,0.3188349,0.38270766,0.41105214,0.38496116,0.34910473,0.35152677,0.30555454,0.31986478,0.36289564,0.3411185,0.36613566,0.37523863,0.34236044,0.36626774,0.3555295,0.38755193,0.381731,0.4049214,0.3621805,0.3589637,0.32376215,0.32065433,0.31735072,0.39428896,0.3413949,0.30769223,0.34796354,0.49751556,0.4629064,0.374971,0.3473661,0.41362175,0.3702121,0.40075225,0.36538854,0.3176102,0.35387802,0.4008649,0.41578797,0.40789762,0.31999454,0.34320724,0.37526435,0.3777296,0.35195884,0.30509713,0.30835527,0.29352093,0.29941836,0.36893308,0.48143184,0.35174838,0.39007998,0.35137543,0.44471997,0.4632162,0.38169417,0.33576292,0.3498182,0.32222906,0.31657836,0.403085,0.3697024,0.4231406,0.38740814,0.40952545,0.39559907,0.36718774,0.3429995,0.44186226,0.28797758,0.30384803,0.39871743,0.2881371,0.37417012,0.34851134,0.3072163,0.36159688,0.32242376,0.32499492,0.45499083,0.4245357,0.43815395,0.3447785,0.42607656,0.39743862,0.39633718,0.4148504,0.4121672,0.42407104,0.39627293,0.37459946,0.35712862,0.43874383,0.42093498,0.34916407,0.41232228,0.4453075,0.3727245,0.33721027,0.40510878,0.36595362,0.35915315,0.41828948,0.36343366,0.3717795,0.2633271,0.26374778,0.37728631,0.30135405,0.28654233,0.2736526,0.38292217,0.358077,0.3518438,0.34525356,0.36940876,0.4379808,0.3585602,0.35100213,0.39077088,0.37122843,0.408275,0.33858338,0.28071973,0.39242527,0.5068421,0.48927647,0.4364267,0.34191594,0.38993117,0.30783355,0.28647128,0.330579,0.4282449,0.478132,0.3766902,0.43288463,0.40818277,0.332012,0.4050546,0.29038945,0.3176032,0.33970383,0.36544394,0.32314122,0.33077246,0.3512896,0.36770704,0.35127357,0.39220232,0.37738448,0.3674986,0.36078456,0.38103348,0.30401558,0.34031865,0.31463462,0.33589312,0.4205644,0.41041288,0.350933,0.3969223,0.36862078,0.37306425,0.3725632,0.40288377,0.35682732,0.37521467,0.37170237,0.39433405,0.34530678,0.38777894,0.4191871,0.37772056,0.3982262,0.3741356,0.3847394,0.39716634,0.36597514,0.33148235,0.3996544,0.38295043,0.35327744,0.34232628,0.3402477,0.31732166,0.33959672,0.36498553,0.3084594,0.34151587,0.35411763,0.39410335,0.368864,0.32200077,0.3749057,0.34243718,0.3604936,0.3504291,0.3489292,0.38798407,0.35160455,0.31320947,0.40588397,0.30698198,0.33985713,0.37651902,0.49121556,0.47713348,0.39202225,0.35179782,0.40318263,0.4346865,0.37477615,0.47767928,0.36406648,0.3580284,0.4012054,0.47190043,0.41254237,0.36727896,0.45171395,0.4606056,0.41060945,0.41869873,0.31327388,0.28571972,0.30975923,0.29334685,0.36572692,0.4974243,0.4113806,0.48718894,0.33804977,0.47142193,0.45642805,0.42686024,0.39324468,0.38496706,0.32959944,0.31546903,0.3590072,0.38479376,0.35875344,0.37099913,0.43659556,0.44616392,0.36286736,0.35255224,0.44119495,0.31491676,0.34441292,0.40330505,0.32106408,0.37789178,0.3372246,0.36322567,0.37441313,0.31332344,0.3664734,0.47042114,0.42882237,0.45483798,0.3695897,0.47145614,0.3857489,0.4507733,0.44839665,0.42957583,0.4803592,0.4667329,0.37899914,0.3665951,0.4376198,0.47860584,0.4122987,0.41960916,0.45652542,0.43668643,0.34626582,0.4111733,0.38358605,0.37879077,0.41712007,0.3901334,0.4432696,0.34419882,0.3594203,0.42560586,0.30076313,0.32204705,0.3099454,0.39579436,0.37389442,0.35486525,0.36219522,0.37023407,0.50402206,0.34287885,0.3518377,0.39622906,0.36164114,0.40143028,0.32181996,0.34914953,0.4054453,0.47496444,0.45401734,0.49625468,0.3923249,0.38730678,0.37527013,0.3130548,0.4290016,0.4412415,0.47035256,0.4243935,0.46683943,0.4868529,0.38217193,0.46846563,0.3066384,0.32142454,0.4900275,0.44634235,0.5001059,0.49688262,0.40264007,0.4233874,0.40268755,0.39956418,0.41830578,0.42838466,0.44869176,0.45591223,0.44147506,0.44835734,0.43549412,0.4357531,0.38107997,0.3933445,0.41242048
60,0.35454652,0.34513786,0.3477225,0.34275836,0.35479823,0.36488765,0.34304217,0.40860236,0.39014882,0.36065787,0.34621865,0.39447415,0.31606945,0.33617342,0.28450072,0.3215975,0.36182365,0.37796083,0.3324861,0.3639972,0.38120517,0.3539798,0.35996825,0.4163618,0.38270134,0.3957151,0.3263637,0.36052552,0.28010842,0.39184746,0.37802026,0.36486068,0.43740892,0.3792677,0.4154676,0.4014411,0.3558789,0.33012977,0.36814287,0.4238524,0.39928883,0.3481323,0.38649735,0.33175996,0.3049225,0.30543587,0.34313905,0.34377638,0.3457421,0.2751816,0.3675024,0.36933532,0.39206725,0.39581546,0.4293055,0.4072105,0.36824805,0.32984388,0.34258097,0.36668983,0.4280517,0.38824722,0.33709452,0.36109215,0.5046858,0.46132833,0.40948263,0.35062045,0.44664758,0.40719745,0.42749587,0.39646927,0.3429738,0.39512917,0.43397605,0.45229164,0.42216527,0.3304278,0.36493772,0.33103973,0.39074418,0.34502375,0.2988774,0.34122214,0.30535367,0.3257564,0.38977662,0.49167794,0.3514346,0.40752053,0.36254987,0.4394284,0.46668994,0.4197416,0.28659695,0.33494622,0.31876478,0.33417916,0.45232922,0.40647578,0.4461994,0.40131816,0.42103902,0.41477013,0.40314388,0.3601028,0.43733174,0.33843368,0.345127,0.40471348,0.32608703,0.40396437,0.41804346,0.35481995,0.39732864,0.32032713,0.28644305,0.44419536,0.43281478,0.43936265,0.35058972,0.42406332,0.39968082,0.40488523,0.40745884,0.40536904,0.4117147,0.39938867,0.38459176,0.3918434,0.44907174,0.4439387,0.34451097,0.4202941,0.43444198,0.35157472,0.313,0.35844973,0.3795562,0.36200184,0.39930847,0.3468715,0.33545426,0.2441563,0.25657275,0.30870414,0.3402464,0.3101268,0.3067954,0.40389436,0.36846048,0.35528192,0.36010548,0.37265995,0.41730663,0.34988806,0.33117473,0.3611815,0.36078298,0.41625127,0.35491875,0.2828682,0.3785753,0.50970936,0.49657595,0.4303289,0.36199054,0.40776324,0.35063937,0.291012,0.34916934,0.42619383,0.48798782,0.39077875,0.43734744,0.41840297,0.36765578,0.41388953,0.3270849,0.34880042,0.3587482,0.35310537,0.34198567,0.340943,0.35943294,0.35873437,0.34876055,0.4026566,0.3868316,0.3752206,0.35467783,0.41559842,0.31821123,0.35575134,0.318069,0.33884183,0.36033905,0.39918995,0.326095,0.36692312,0.35572866,0.3606582,0.3641282,0.4323571,0.401691,0.41943473,0.3541926,0.39607602,0.31355137,0.38436532,0.39960763,0.4196717,0.41058663,0.39029366,0.4144711,0.387122,0.38452658,0.34296042,0.38999015,0.40742698,0.37423527,0.35230386,0.3877258,0.33769205,0.3255896,0.30476692,0.3084991,0.31972897,0.33329177,0.31805882,0.3767546,0.3334001,0.38075218,0.3632442,0.3864445,0.37845618,0.36170495,0.37791806,0.38038227,0.35442838,0.43403587,0.35185114,0.36828148,0.3883814,0.49606353,0.47254246,0.41674966,0.35901022,0.4432148,0.46201292,0.40395468,0.49266124,0.39266104,0.41807193,0.43471706,0.50575835,0.43575013,0.3699437,0.42945957,0.42164326,0.40810063,0.40547767,0.32159704,0.29784402,0.31804815,0.31871286,0.3969168,0.5101601,0.43336123,0.48371774,0.35996753,0.4479297,0.4591016,0.45594266,0.34121004,0.3610941,0.32757658,0.33423316,0.40154278,0.4169139,0.38170075,0.38570845,0.4582806,0.45653763,0.3851036,0.373297,0.4430238,0.35305226,0.37548319,0.41336364,0.34842396,0.41744992,0.3817595,0.4082292,0.37997672,0.31219316,0.31821257,0.46071488,0.4379694,0.4638214,0.3673057,0.455245,0.39078143,0.45747304,0.44583413,0.42421538,0.46015707,0.45842496,0.3950168,0.40265816,0.4467059,0.4881859,0.3998924,0.4266283,0.4389044,0.41302228,0.3151793,0.36009994,0.38873354,0.36168382,0.40345693,0.37575406,0.40332514,0.31537902,0.3356471,0.3634727,0.3276796,0.3232647,0.3326966,0.42462218,0.38589647,0.35763445,0.3712744,0.3606793,0.47797677,0.33952987,0.3239093,0.37377706,0.3585087,0.41108552,0.34608415,0.3426303,0.3878983,0.46737123,0.45833498,0.49753007,0.40957907,0.40153396,0.40747288,0.32652083,0.464067,0.44597486,0.49118897,0.43556568,0.46723354,0.47982237,0.40567613,0.46696708,0.34631848,0.34578943,0.48387092,0.45236146,0.5048594,0.49462017,0.41484463,0.43757105,0.40941885,0.4048392,0.42630205,0.43290946,0.44820368,0.46051547,0.45341316,0.45287153,0.45137706,0.45175004,0.38903242,0.40109465,0.41903692
61,0.38378343,0.34226957,0.37710384,0.36438957,0.36801162,0.3561665,0.3395408,0.42349142,0.40264335,0.37370655,0.32296368,0.4321995,0.35521278,0.37496087,0.32103142,0.31516656,0.30929485,0.3743276,0.32240474,0.33900434,0.36866352,0.34662405,0.36367798,0.44383863,0.42966673,0.43137532,0.35767806,0.38465992,0.2730939,0.41686556,0.38490158,0.4210131,0.46519116,0.4228453,0.465708,0.40746883,0.38778165,0.36204058,0.3786165,0.4431397,0.42371732,0.36960167,0.42391458,0.37314007,0.31607774,0.27069187,0.35834125,0.33016464,0.33101764,0.23356248,0.38346815,0.3947875,0.4081359,0.4135993,0.45850843,0.45031947,0.38455606,0.34588546,0.38148788,0.42558098,0.46258128,0.4388706,0.37874985,0.384278,0.49950168,0.45716622,0.4473406,0.36654317,0.47706804,0.4447622,0.45479202,0.4326278,0.38040227,0.43758035,0.4613045,0.48175648,0.4372293,0.35017782,0.3922512,0.29766276,0.4088304,0.34939772,0.30747336,0.39039755,0.3374656,0.3670806,0.41721448,0.4933343,0.37072763,0.4339361,0.38857266,0.43235704,0.46676743,0.45893312,0.26042405,0.33126903,0.33387306,0.36793658,0.5010589,0.45104426,0.4674764,0.42242068,0.44075418,0.4371563,0.4472042,0.3900123,0.43528804,0.39951178,0.39597148,0.41631308,0.37606797,0.43929,0.4902087,0.41511482,0.4325542,0.32817665,0.26476136,0.43178055,0.44231525,0.43586785,0.36860532,0.42208472,0.40391403,0.4209847,0.40368617,0.40286067,0.39998356,0.40608305,0.40105718,0.43387303,0.45550612,0.45908317,0.35149884,0.4308303,0.4246008,0.3433192,0.30938867,0.32142496,0.39906478,0.37652192,0.39107037,0.34716278,0.32013655,0.25284025,0.27984932,0.2654556,0.38822362,0.351301,0.36266646,0.42893946,0.39144787,0.36863905,0.38477728,0.37813485,0.3950155,0.3539284,0.32329333,0.34120527,0.3628685,0.42481786,0.3956189,0.30977553,0.36614546,0.50273407,0.48659146,0.42992046,0.39781365,0.43383688,0.4014963,0.32011,0.37844968,0.42233887,0.4931331,0.41589367,0.44444558,0.43039408,0.41054016,0.43279743,0.3783615,0.3930177,0.38873485,0.35194007,0.375934,0.36442658,0.37532508,0.35474277,0.35066047,0.4231474,0.41015792,0.38880226,0.35464704,0.45231244,0.34751496,0.39201573,0.3436998,0.3485883,0.3089696,0.39324042,0.3127371,0.3450318,0.35351285,0.34774968,0.3692102,0.46634954,0.4523598,0.46640813,0.35779104,0.40904522,0.30389133,0.39644855,0.39092854,0.46449125,0.43545225,0.41520643,0.4536315,0.39335984,0.4188313,0.37192503,0.3988034,0.43913615,0.40914762,0.38591713,0.43921074,0.36982253,0.33550498,0.26561692,0.32718077,0.3120503,0.32985553,0.26404217,0.39718345,0.36122176,0.39952555,0.39224437,0.4244798,0.4090189,0.38310456,0.3743701,0.42103413,0.4082952,0.45832622,0.40496618,0.3996793,0.40430552,0.48802936,0.4535024,0.44275686,0.37268066,0.47922382,0.48078734,0.43250814,0.49436402,0.4248517,0.4768762,0.4627332,0.52350426,0.45755753,0.37518364,0.40088022,0.3770695,0.40692627,0.39140102,0.34306479,0.32837266,0.33861977,0.35963625,0.4319008,0.51047254,0.45976987,0.47578937,0.39431328,0.42459628,0.4604032,0.48296738,0.3014938,0.34524083,0.34013677,0.36508366,0.45376498,0.45349142,0.4112465,0.4123454,0.48489222,0.46729955,0.41732562,0.40708843,0.44793597,0.39895353,0.4128084,0.42925686,0.38268617,0.45698237,0.43420592,0.4566015,0.38614896,0.32543314,0.2838044,0.4465173,0.44669482,0.46453837,0.37455457,0.43619484,0.4011833,0.46791223,0.44469023,0.42004484,0.43367317,0.44839826,0.41759574,0.44455197,0.454048,0.48502937,0.38908726,0.43355724,0.42202958,0.38999057,0.2984254,0.3161352,0.4006118,0.35059735,0.39782017,0.3738522,0.3738209,0.30334273,0.32647163,0.31233546,0.36647782,0.33876026,0.36907583,0.4537431,0.4052932,0.3757411,0.38858995,0.35462627,0.4439113,0.35251933,0.30824596,0.35966486,0.3721055,0.42250088,0.39567003,0.35125646,0.37210643,0.45723096,0.45624262,0.49390417,0.43450853,0.42558032,0.43788576,0.3572756,0.4874207,0.45027742,0.5095146,0.45371452,0.46731684,0.4697641,0.4283246,0.46696672,0.39407143,0.38360572,0.47332102,0.4580755,0.49789792,0.48252004,0.43301684,0.4548089,0.42400962,0.41968432,0.43872115,0.44129843,0.44369933,0.4595447,0.4652438,0.4596536,0.46785268,0.468993,0.40906537,0.41939026,0.43153772
62,0.41497597,0.3495426,0.413278,0.39087147,0.3857047,0.35185,0.3395412,0.44405445,0.4250135,0.3903012,0.3079745,0.4644172,0.4032027,0.42743063,0.3805099,0.31860575,0.27333018,0.37684035,0.32249975,0.3231846,0.36166888,0.34367773,0.37555647,0.47028172,0.4693297,0.4631807,0.40429813,0.41377687,0.29000473,0.44652775,0.4019158,0.47302446,0.48545566,0.46892768,0.5124956,0.42628488,0.4295463,0.40421793,0.40645587,0.46345326,0.45113003,0.40242702,0.45628896,0.4175008,0.34462807,0.25718513,0.37975842,0.3268669,0.32802677,0.21573964,0.40761882,0.42347333,0.43146744,0.43017754,0.48559695,0.48105255,0.40092766,0.3654444,0.42674845,0.47998998,0.48686635,0.47956026,0.42299843,0.40898657,0.48302016,0.44920847,0.4790436,0.3898031,0.4949154,0.47221082,0.47598913,0.4635382,0.42309576,0.4719354,0.47657445,0.4960161,0.44953233,0.37230477,0.41915601,0.28017965,0.42780846,0.36203068,0.32872844,0.44285682,0.38299775,0.41592687,0.44352123,0.48384708,0.40569746,0.4621356,0.42189175,0.42531386,0.4635175,0.48651126,0.25591728,0.3362556,0.36476293,0.40904045,0.53912795,0.49132237,0.48158503,0.44510505,0.46315092,0.45714554,0.48683128,0.4218778,0.43502644,0.45557064,0.44212705,0.4278672,0.42339483,0.46729392,0.5460145,0.47225744,0.45744973,0.3394841,0.25864628,0.41998082,0.44842622,0.42649728,0.39214796,0.41921854,0.40828547,0.43946168,0.4024185,0.40336028,0.38991913,0.41178042,0.4186382,0.47294208,0.454805,0.461181,0.36731037,0.44069985,0.415409,0.34544128,0.32040685,0.29928455,0.41935533,0.39600694,0.39087546,0.3609976,0.3229339,0.2849702,0.32798848,0.246892,0.43087336,0.39765263,0.42818537,0.44934237,0.41945386,0.38894528,0.41257107,0.38518795,0.37533277,0.36894137,0.32541823,0.3331007,0.37507045,0.43278548,0.44640258,0.35373282,0.35700905,0.48880732,0.45993948,0.4348805,0.4374124,0.4597848,0.44590324,0.3691714,0.41204378,0.41750678,0.49385062,0.44437787,0.45067963,0.43785298,0.44963807,0.45429164,0.43207392,0.43784517,0.42158198,0.3606003,0.4168836,0.39506215,0.39548483,0.35646087,0.35659233,0.4491153,0.4407979,0.40447986,0.35957673,0.48261404,0.38568544,0.43748158,0.38440645,0.36371493,0.27507466,0.3932391,0.3118265,0.33479726,0.3617052,0.33901966,0.3844705,0.4968522,0.4964617,0.5036371,0.37671602,0.4272476,0.31241673,0.4144586,0.38974416,0.4974351,0.4603705,0.4389564,0.48796317,0.4135118,0.45882893,0.40814456,0.42067108,0.47082594,0.44805014,0.4311899,0.48308796,0.40401846,0.36093405,0.24807394,0.35659638,0.31807458,0.3400246,0.2355174,0.4240629,0.39689472,0.42634434,0.42172557,0.46484023,0.43497583,0.40447208,0.3750579,0.4633574,0.46159396,0.4706457,0.44997025,0.42432663,0.41705135,0.4670625,0.42353266,0.4606695,0.38736516,0.49845132,0.4834425,0.44910815,0.47987255,0.45121887,0.5176747,0.47822937,0.5185006,0.47122246,0.38039947,0.37307677,0.33853692,0.40578404,0.37731224,0.37016454,0.36890015,0.36593652,0.40782255,0.45984983,0.49663064,0.4826329,0.46421993,0.4297859,0.4038716,0.45916474,0.49843678,0.280318,0.33786803,0.3623686,0.39675474,0.5033774,0.48556674,0.43959194,0.44457635,0.51030725,0.47648385,0.45101795,0.44361278,0.45457652,0.44166967,0.44471964,0.44531944,0.4139663,0.48323673,0.4832203,0.49795702,0.3903533,0.34555843,0.26507533,0.42960542,0.45049623,0.45519438,0.38685575,0.41827086,0.41299486,0.479796,0.4444283,0.41571438,0.407152,0.4375443,0.43852472,0.4792359,0.4557222,0.46906996,0.3809762,0.43651366,0.40758222,0.3713493,0.2943809,0.28736842,0.41431722,0.34427276,0.39741287,0.38224798,0.3574341,0.30666283,0.3307427,0.27943292,0.40585572,0.3613024,0.4079355,0.47260296,0.4239735,0.40403175,0.40965122,0.35349354,0.40919816,0.37737882,0.30498213,0.35728368,0.39747414,0.43387124,0.45401597,0.36820152,0.36142534,0.4456724,0.44409254,0.486288,0.45865583,0.45194572,0.4577891,0.3977858,0.49265692,0.45325485,0.52285796,0.47384486,0.4667077,0.45628738,0.4424496,0.46763033,0.4369165,0.42260152,0.46257097,0.46159047,0.48190284,0.46360084,0.4515667,0.47015542,0.44089368,0.43828213,0.45119363,0.45024517,0.43489572,0.4519796,0.47421286,0.46723312,0.48128816,0.48360398,0.43416563,0.44190964,0.44556227
63,0.4413605,0.36345938,0.44932097,0.41587722,0.40345046,0.35105133,0.34014463,0.46491313,0.44937965,0.4082758,0.3036413,0.48575804,0.45081905,0.4806653,0.4496877,0.33178172,0.25505343,0.3813647,0.3307873,0.3158833,0.35852256,0.34377208,0.38961804,0.49073198,0.49403456,0.4846706,0.45243123,0.4390941,0.32382217,0.47075206,0.422455,0.5066265,0.4920583,0.5061165,0.5435823,0.45172766,0.4683519,0.4443371,0.439915,0.47972438,0.47332647,0.43326867,0.47995722,0.45407462,0.3790624,0.25957975,0.39936,0.33367044,0.33305076,0.2162152,0.43124062,0.44691342,0.45582482,0.4417999,0.5054218,0.49656808,0.41191512,0.38327402,0.46680558,0.5199108,0.4951454,0.5015722,0.46089607,0.42789808,0.4596554,0.43873465,0.49770993,0.4135056,0.4948423,0.48294878,0.48723477,0.48172402,0.46408606,0.49264365,0.4783301,0.49237773,0.45627168,0.39176798,0.4421802,0.27987602,0.44477642,0.37936518,0.3591761,0.48637632,0.43134773,0.4630744,0.46215293,0.46422198,0.44776708,0.48512596,0.45470574,0.41986677,0.4580954,0.495563,0.26874378,0.34628892,0.40632653,0.44776878,0.5621839,0.5182145,0.4859993,0.46357343,0.4822345,0.47109988,0.5130764,0.44647786,0.43452194,0.49613073,0.47432944,0.4340686,0.45699975,0.48022622,0.57767355,0.5142814,0.46794164,0.34902617,0.26447088,0.4103366,0.44855353,0.41206086,0.41501358,0.41483608,0.4116683,0.4548506,0.40221936,0.40509728,0.38204718,0.41358334,0.43235308,0.5009661,0.44624323,0.4499331,0.38852876,0.44739318,0.40615,0.35301387,0.33816776,0.2911701,0.4361239,0.41379598,0.39497235,0.3833686,0.33802783,0.33351707,0.39206043,0.24819313,0.45817116,0.4368995,0.4868644,0.45911792,0.44461268,0.4137181,0.43816897,0.39253032,0.36073253,0.38919386,0.33259407,0.33536038,0.39259407,0.43963102,0.49157774,0.402576,0.35060573,0.47198486,0.42251945,0.4427775,0.46895447,0.47810355,0.4743046,0.42984018,0.44364545,0.41235098,0.49146134,0.4692307,0.45343357,0.43733695,0.47608516,0.47124904,0.47698134,0.471881,0.45009676,0.37463713,0.45708656,0.42587352,0.41496292,0.3616048,0.36368984,0.47444957,0.46985146,0.41994897,0.36825502,0.50089204,0.42552248,0.47986042,0.4301545,0.38300514,0.2598074,0.39570755,0.32144055,0.3346336,0.3751568,0.33581516,0.40339428,0.5186111,0.52566254,0.52219176,0.40217638,0.4437448,0.33229065,0.42940897,0.39229694,0.50956917,0.47581333,0.45384404,0.50670165,0.44124216,0.49398988,0.44083145,0.4463044,0.4961081,0.4809186,0.473244,0.5135688,0.43166286,0.39078975,0.24820898,0.386671,0.3354781,0.35869393,0.22849597,0.4494565,0.43052933,0.4539294,0.4450734,0.49773684,0.45309,0.41907293,0.37697452,0.497658,0.5042636,0.4679532,0.4753209,0.43625137,0.42251787,0.43722028,0.38885453,0.46413782,0.39748546,0.49477354,0.46753296,0.44776195,0.45121837,0.46488973,0.53222877,0.47766882,0.4895938,0.47229612,0.38458538,0.351409,0.31405267,0.40255356,0.3637271,0.39502996,0.40882707,0.39278156,0.4530734,0.47191116,0.47130242,0.495999,0.4512984,0.45632556,0.3867652,0.45514593,0.49809098,0.27741224,0.33853847,0.38719973,0.41766375,0.541099,0.50676304,0.45997488,0.47475192,0.52906203,0.48286706,0.47825152,0.472951,0.4606977,0.47424635,0.46421435,0.45641866,0.43526626,0.48985463,0.5210103,0.52700245,0.39199308,0.3653971,0.26032156,0.41231954,0.4475006,0.43730617,0.39995462,0.40395054,0.42278323,0.49028468,0.4437384,0.4099604,0.38537252,0.4264804,0.450721,0.49648333,0.44959402,0.44387457,0.37520215,0.43318743,0.39552203,0.35721284,0.29848197,0.27401507,0.42465627,0.34058535,0.39877233,0.39769998,0.3527327,0.32103243,0.34503555,0.26522034,0.4369968,0.38361642,0.43712437,0.4748433,0.4348289,0.43670243,0.4305655,0.35691056,0.37935266,0.40482035,0.3102733,0.36586827,0.42686024,0.44387856,0.502609,0.3853615,0.35549143,0.43446192,0.42217484,0.47678322,0.4754316,0.47321296,0.46332186,0.43799692,0.47854006,0.45468646,0.53007764,0.49098855,0.46497136,0.4408283,0.44411558,0.4677815,0.46601462,0.4513729,0.45412093,0.46167195,0.46159396,0.4420829,0.46559122,0.4797411,0.45484984,0.45502344,0.46020532,0.4566744,0.42262518,0.43887636,0.4791913,0.47406512,0.4895583,0.49304554,0.45702994,0.46178964,0.45695758
64,0.45815805,0.37857607,0.4798057,0.43418568,0.41672188,0.3513232,0.338633,0.47983775,0.46702105,0.42612612,0.31108394,0.49439853,0.48891774,0.5253932,0.5149348,0.35137525,0.25243276,0.3837012,0.34393966,0.3139566,0.3559687,0.34434563,0.40055692,0.501602,0.5012224,0.49193618,0.49047616,0.4555381,0.3664853,0.48407382,0.4420089,0.5156364,0.48434594,0.5281426,0.5548028,0.4750832,0.49378777,0.4722789,0.46684942,0.48770103,0.48302722,0.45168048,0.49342036,0.47616416,0.40890968,0.27263764,0.41052935,0.34841892,0.34272444,0.23013689,0.44660744,0.45888093,0.47419018,0.4457271,0.5141447,0.49836245,0.41414067,0.39511693,0.49189326,0.540296,0.4875907,0.50235903,0.48601976,0.43741918,0.4353209,0.42811856,0.49994665,0.43128282,0.477028,0.4748808,0.48755488,0.4837368,0.4969292,0.4981755,0.46842813,0.4728891,0.4556526,0.40536034,0.45913833,0.29573163,0.4590272,0.39771944,0.3943829,0.5128074,0.4714639,0.49994922,0.46971363,0.43835178,0.4879651,0.4982332,0.48081753,0.41679493,0.4518261,0.48588398,0.2943062,0.35730487,0.4511807,0.47625592,0.56934845,0.52753526,0.48017955,0.4728602,0.492849,0.4766347,0.5221158,0.45795354,0.4329284,0.51728076,0.48872632,0.43172383,0.4734771,0.47684687,0.58515185,0.53562075,0.46458387,0.35353494,0.27788278,0.4033852,0.44277304,0.39509633,0.43249387,0.4084202,0.41472375,0.46317598,0.40295193,0.40698892,0.37699908,0.41238335,0.43996727,0.5141777,0.4317111,0.42800874,0.41103935,0.4489088,0.39710808,0.36114448,0.35558483,0.2934919,0.44735703,0.42582935,0.40108156,0.4098776,0.36011654,0.3886035,0.4598935,0.26533893,0.46660408,0.46073917,0.5260008,0.4563217,0.46142903,0.439577,0.45819682,0.39829928,0.35221276,0.40752947,0.33904073,0.34435195,0.4099369,0.44504288,0.52153814,0.4434171,0.3454258,0.45621586,0.3825739,0.45096833,0.48417217,0.4841992,0.48399103,0.49167016,0.46751183,0.4077301,0.487295,0.48530233,0.45215893,0.42975354,0.4846136,0.4794938,0.50602686,0.48847476,0.46911216,0.3888034,0.49055597,0.45030493,0.4287412,0.36663693,0.36836842,0.49212852,0.4882473,0.4337096,0.3791279,0.50489986,0.45899987,0.5119868,0.47266358,0.40307924,0.26108497,0.3965935,0.33787555,0.34063116,0.3867387,0.33676288,0.4199936,0.52854574,0.53702855,0.5190836,0.42631796,0.4551034,0.3563984,0.43666688,0.39729306,0.4994122,0.47904474,0.45633033,0.50611854,0.46726143,0.51597047,0.46234396,0.4654222,0.5096431,0.49974424,0.50004125,0.5289651,0.4469403,0.41535404,0.26135826,0.4080148,0.360311,0.3800003,0.23841324,0.46568152,0.45339313,0.47402725,0.4572101,0.51558506,0.46236262,0.42270988,0.3772634,0.5164051,0.5301112,0.45222902,0.47717842,0.43378162,0.42072475,0.40516683,0.3556588,0.45157117,0.3987655,0.46902812,0.4356138,0.42846966,0.4138147,0.46317247,0.52084744,0.46177086,0.44098848,0.45932457,0.3876736,0.33878,0.30728012,0.39633787,0.3511695,0.4119437,0.4382346,0.4119365,0.4861552,0.4645376,0.44014707,0.49848515,0.4401896,0.46818808,0.37457246,0.44920495,0.48396623,0.29024944,0.34582144,0.40755656,0.42049214,0.56136847,0.51405966,0.46774927,0.49526364,0.5369497,0.4852308,0.49355453,0.488198,0.46500024,0.4937207,0.46954113,0.45949215,0.44446573,0.47783133,0.54276663,0.5416247,0.3912649,0.3794534,0.26660126,0.3968917,0.43792063,0.41487187,0.41063526,0.39416718,0.42908454,0.4976129,0.44238436,0.4031011,0.3714698,0.41767916,0.45173243,0.4922866,0.4361094,0.41419038,0.370477,0.42287624,0.38562942,0.34674674,0.30577594,0.27263474,0.4288253,0.33763218,0.3999306,0.4175579,0.3575259,0.34179804,0.36570758,0.26829195,0.45548743,0.4001712,0.4484165,0.459457,0.4343946,0.4680408,0.44834128,0.3629809,0.3577394,0.42516288,0.31850663,0.38177153,0.45274526,0.4516562,0.5306639,0.39680833,0.35224104,0.42539206,0.39416942,0.46827704,0.4811568,0.4840074,0.45584404,0.4692221,0.44719985,0.45492694,0.5311695,0.50167036,0.46288314,0.42710465,0.4322123,0.4669973,0.47801927,0.46353373,0.44868386,0.45776942,0.441612,0.42196888,0.47170377,0.4810993,0.46223432,0.46597895,0.46353757,0.4584877,0.4087536,0.42284086,0.48012447,0.47851166,0.49140996,0.4956428,0.47176388,0.473338,0.46271124
65,0.46345767,0.38955212,0.501082,0.44277954,0.42271507,0.35135844,0.3347472,0.48376948,0.47130394,0.4424621,0.3305409,0.49071383,0.51114005,0.55623657,0.5654772,0.372792,0.2637175,0.38107225,0.35892493,0.31447843,0.3521175,0.3437479,0.40485665,0.49981195,0.49208024,0.48383626,0.51129717,0.46110415,0.4084929,0.48334378,0.45705628,0.49962553,0.46363112,0.53198177,0.545711,0.48769605,0.5001045,0.48261893,0.47783515,0.4852522,0.4763209,0.453093,0.49730378,0.48185405,0.42757344,0.29230618,0.41055506,0.36821204,0.35474205,0.2541634,0.44910496,0.45694107,0.48105013,0.44161296,0.51019657,0.49052837,0.40704998,0.3984538,0.4962203,0.5406266,0.46788886,0.48388967,0.49503565,0.43710247,0.41467804,0.4193228,0.48450398,0.43809468,0.4455831,0.44896272,0.47705388,0.46920162,0.5161579,0.4899264,0.4503878,0.44279733,0.4467335,0.41319302,0.46889874,0.3256978,0.4706555,0.41497752,0.42965427,0.5199684,0.49542361,0.52086544,0.464377,0.41076443,0.5186266,0.49879253,0.4969326,0.41706145,0.44573367,0.46177936,0.327713,0.36682582,0.48975182,0.48857197,0.56187236,0.51929575,0.46575806,0.46985254,0.49083307,0.47224784,0.51454747,0.4544532,0.4299951,0.52039105,0.48607227,0.42067787,0.47554177,0.46070653,0.5721973,0.53662336,0.45194727,0.3529019,0.29526237,0.39878058,0.4325457,0.3787613,0.44157416,0.4001969,0.41788474,0.4614866,0.40421078,0.40851524,0.37563774,0.40957063,0.440676,0.511126,0.41405115,0.3987655,0.43005684,0.44395885,0.38918594,0.36688557,0.36848092,0.30281305,0.45250246,0.43126792,0.40740898,0.43663183,0.38469654,0.43876356,0.5175542,0.2953447,0.45938647,0.46753165,0.53884,0.44068468,0.46571708,0.46282497,0.4707454,0.40180153,0.34978405,0.4179068,0.3411118,0.3562636,0.4222416,0.4487927,0.53163344,0.46646073,0.34096813,0.44384912,0.34737924,0.45788404,0.4800528,0.4765119,0.47825664,0.54371566,0.47981003,0.40448132,0.48081553,0.4884521,0.4465696,0.4167183,0.47336167,0.47793806,0.51675546,0.48619977,0.47630277,0.39813703,0.51309264,0.463843,0.43407616,0.36935338,0.36854488,0.49676347,0.48989362,0.4449377,0.39125794,0.4954835,0.47967696,0.53127074,0.5063543,0.41992432,0.2766412,0.3926994,0.3569881,0.3489339,0.39021194,0.34015545,0.4294245,0.52427953,0.53188044,0.49638295,0.44337136,0.45993212,0.37837544,0.43424925,0.40437412,0.47027493,0.4708419,0.44621736,0.48673624,0.48241487,0.5199824,0.46973583,0.47029063,0.50864524,0.50061774,0.50577253,0.5303513,0.44814703,0.42869663,0.28347012,0.41542932,0.38794678,0.39847395,0.26184747,0.4679193,0.46058607,0.4803553,0.45659578,0.5152239,0.463768,0.414525,0.37470862,0.5155534,0.53651786,0.4283899,0.45818627,0.41972068,0.41416773,0.3772167,0.33009803,0.42478618,0.39006013,0.4270805,0.3940254,0.39559337,0.3749464,0.44795904,0.49052113,0.43445155,0.38219365,0.4349959,0.3915585,0.33749714,0.31994116,0.38879296,0.34232605,0.41973472,0.45179048,0.41973,0.50172925,0.43912977,0.4093077,0.4914863,0.4338188,0.46503612,0.3698797,0.44292557,0.46216327,0.3158685,0.35816273,0.41847908,0.40435293,0.5622638,0.5072306,0.46184516,0.5002942,0.530308,0.4823066,0.4949529,0.4865056,0.4660356,0.50094694,0.46360582,0.45386353,0.44439435,0.45296562,0.54702145,0.542484,0.38980585,0.38505217,0.28125042,0.38527805,0.42340973,0.3928247,0.41679206,0.38905331,0.43128318,0.49948698,0.43991297,0.39633366,0.36671048,0.41308752,0.44228485,0.4676889,0.4172833,0.3840698,0.36637968,0.4067067,0.37798372,0.33942518,0.31371346,0.27975637,0.42607388,0.33509097,0.39961556,0.43905115,0.36944553,0.36582407,0.38919327,0.28739956,0.46182424,0.40942672,0.4402082,0.42885995,0.42239127,0.4933224,0.4610552,0.3695261,0.34542736,0.43162742,0.32512766,0.40030006,0.46920067,0.45657894,0.53442985,0.39973384,0.34984577,0.41939726,0.36491168,0.46383253,0.47528726,0.48174813,0.44081402,0.4863338,0.40561098,0.45484856,0.52549547,0.5027227,0.4603227,0.4181707,0.40847686,0.46469107,0.47411174,0.45815954,0.44642216,0.45003855,0.42560348,0.40646836,0.4683446,0.47376853,0.46146604,0.46900874,0.46021906,0.45495462,0.3956048,0.40711334,0.47769094,0.47948524,0.48676974,0.4911279,0.4748645,0.4734672,0.46138304
66,0.45833117,0.39369792,0.51036745,0.4412908,0.4215848,0.35244924,0.33111885,0.4747461,0.4597983,0.45576677,0.36046386,0.47733462,0.5152024,0.5705197,0.5951913,0.39184356,0.28745157,0.3735503,0.3736008,0.31692612,0.34836754,0.34318787,0.4018051,0.48376283,0.47121665,0.46309847,0.5123366,0.4558905,0.44005767,0.4671512,0.4636783,0.4632179,0.4325275,0.51745653,0.51819265,0.4842995,0.4865016,0.47484672,0.4684467,0.47288963,0.45438153,0.4384591,0.49473438,0.47358388,0.43237618,0.3148885,0.40113205,0.38960034,0.36693287,0.28540355,0.43794742,0.4426337,0.47436795,0.4317336,0.4950862,0.47924584,0.39303252,0.39341328,0.479516,0.52510655,0.44191486,0.4524493,0.4883483,0.42872486,0.40018722,0.41303742,0.45362118,0.4317254,0.40788358,0.41033363,0.45746773,0.4416712,0.51903534,0.47214,0.42917237,0.40941185,0.4302725,0.41854322,0.47175783,0.36593023,0.47970888,0.43092316,0.46107528,0.51133096,0.50065434,0.52515507,0.44662005,0.38554856,0.53484756,0.48645872,0.502986,0.4216062,0.44062722,0.43079096,0.363457,0.3745821,0.5135029,0.48200873,0.54343855,0.4970869,0.44610402,0.45443448,0.47415477,0.45782718,0.49445343,0.43827856,0.42536288,0.5108221,0.4713716,0.40397844,0.46896565,0.43862343,0.5457033,0.5226626,0.43730298,0.3499628,0.31439197,0.3955653,0.41969454,0.36584002,0.440459,0.39153534,0.42077106,0.4481684,0.40496394,0.4086012,0.37794027,0.40560478,0.4350869,0.49274176,0.39636546,0.36638367,0.4411473,0.43283978,0.38322863,0.36986983,0.37576398,0.31704882,0.45241395,0.43169093,0.4116208,0.45890534,0.4066069,0.47478136,0.5538929,0.3339628,0.44483137,0.46154916,0.52476984,0.41387856,0.45510736,0.47978035,0.47424862,0.40404692,0.35203555,0.41814348,0.33917522,0.36815962,0.42664704,0.45017517,0.52055115,0.46765557,0.33846042,0.43532833,0.32160687,0.4628574,0.45884916,0.45680067,0.4641795,0.5779558,0.47992,0.40341166,0.46993113,0.47599658,0.43616068,0.39942828,0.4451728,0.46759045,0.5112492,0.4686566,0.4722425,0.39977127,0.5215313,0.4649371,0.43186703,0.37037733,0.36508545,0.48681346,0.47369435,0.45324242,0.40453482,0.4771286,0.48460358,0.537609,0.5281373,0.43065047,0.30401272,0.38348484,0.37517324,0.35754725,0.38370016,0.34628364,0.42905286,0.5048066,0.51520205,0.461419,0.44969276,0.45731446,0.3932219,0.4216818,0.4114687,0.4296144,0.45294473,0.4260309,0.452314,0.4810563,0.50513774,0.46396613,0.45804942,0.49391612,0.48450762,0.4909378,0.52155703,0.43816805,0.42861626,0.31031463,0.40922403,0.41339183,0.40975997,0.29505822,0.45564654,0.45205027,0.4709909,0.44582048,0.498667,0.46030754,0.3969829,0.3698256,0.49588394,0.5248,0.40279326,0.4264314,0.4003722,0.40591925,0.35733938,0.31699044,0.38918316,0.37404665,0.37902513,0.3518175,0.35690176,0.34199482,0.42498752,0.4535765,0.40292025,0.32604957,0.40566513,0.39934993,0.34912467,0.35153463,0.38318238,0.34097677,0.42140722,0.45025727,0.41764024,0.5003244,0.40241602,0.38374,0.4780517,0.43368915,0.45123896,0.37473446,0.43804714,0.43997023,0.35054722,0.3737055,0.41871515,0.37496296,0.5458092,0.4887319,0.44479293,0.48751044,0.5070044,0.47308198,0.4839296,0.4693271,0.46205142,0.4997873,0.45237702,0.4412856,0.44061035,0.42380628,0.5363924,0.53348356,0.39045867,0.38268584,0.30185178,0.37879258,0.406407,0.37542033,0.41666126,0.38829944,0.42950174,0.49292305,0.43566275,0.39003325,0.3698144,0.41278505,0.42556372,0.4287525,0.39633328,0.35693058,0.36383188,0.38768208,0.37271312,0.33552182,0.32280028,0.29333425,0.41763142,0.3339869,0.39661416,0.45777282,0.3845067,0.3911857,0.4117342,0.3201283,0.46026644,0.41335213,0.41746432,0.38889983,0.40119824,0.5085052,0.466973,0.3751105,0.3409431,0.42315286,0.32898656,0.41699317,0.47299367,0.4578709,0.5152773,0.39382192,0.3480335,0.4159767,0.33876052,0.46525535,0.45977834,0.4669811,0.42537084,0.48845518,0.36472073,0.45555422,0.51191527,0.49140605,0.45564085,0.41453245,0.37775406,0.45966193,0.4591896,0.4390646,0.4475804,0.43968558,0.4161357,0.3977048,0.4564425,0.46003553,0.45333686,0.4639327,0.45075005,0.446925,0.38532957,0.39462903,0.47322267,0.47697386,0.4773054,0.48124874,0.46614414,0.46261588,0.4535126
67,0.446297,0.3929297,0.5060535,0.43194714,0.41623908,0.35757798,0.33160278,0.45527288,0.43547207,0.465266,0.3966702,0.45878333,0.50310737,0.56868404,0.6034252,0.4058204,0.32059383,0.36456415,0.38665372,0.32340643,0.34890208,0.3465585,0.39429837,0.45611727,0.44612542,0.4361476,0.49603614,0.44274518,0.45433113,0.43830317,0.45892724,0.41692576,0.3963073,0.48851708,0.4784384,0.46558723,0.45757204,0.45335338,0.44063157,0.45397803,0.42418158,0.4125391,0.49097118,0.45753416,0.4239981,0.3365015,0.38697904,0.40916926,0.37652642,0.31957904,0.41639918,0.42090306,0.45671806,0.41994756,0.47386134,0.47184628,0.37667623,0.3829755,0.44855532,0.5029572,0.4169177,0.41826737,0.47013146,0.41623232,0.39267614,0.40834144,0.41441867,0.41433007,0.37286645,0.36854348,0.43339637,0.40845335,0.50684005,0.4507445,0.4094921,0.3800742,0.40935466,0.42558533,0.46900833,0.40873727,0.4852883,0.44523486,0.48595706,0.49474573,0.49007782,0.5178488,0.420694,0.3661413,0.53589123,0.46459034,0.50150347,0.4301243,0.43721965,0.4019216,0.39597693,0.38179407,0.5186405,0.459486,0.5210944,0.46814126,0.4258542,0.43086126,0.44554046,0.43632165,0.46935996,0.41584593,0.4191364,0.49721867,0.45338523,0.38717014,0.46006387,0.41874015,0.5164765,0.5035393,0.42856002,0.3489861,0.33419174,0.39279237,0.4065597,0.3584059,0.42933938,0.38460693,0.42249212,0.4250479,0.40397424,0.40596604,0.38229007,0.40038332,0.42487457,0.46336496,0.38169643,0.3364793,0.44151062,0.41790655,0.37948877,0.37159565,0.37807837,0.33525956,0.44912058,0.4302755,0.4121305,0.47158432,0.42029667,0.4923477,0.5636872,0.37364852,0.4335572,0.45027226,0.4900048,0.380967,0.43128514,0.487371,0.46776697,0.40690958,0.35654366,0.41138765,0.337331,0.37871367,0.42361957,0.44821993,0.49179175,0.44971243,0.34024292,0.43005368,0.3072265,0.4653908,0.4279116,0.43070036,0.4497786,0.59176695,0.47017804,0.40466097,0.4536762,0.44949988,0.42149928,0.37997928,0.40849906,0.45136172,0.49620384,0.44400463,0.46002105,0.3947911,0.5143778,0.45530185,0.42602706,0.37249082,0.3615058,0.4656334,0.44433254,0.4591373,0.41990742,0.45685416,0.47526425,0.53308445,0.53815264,0.4345858,0.33906314,0.37221467,0.39028484,0.3669956,0.37145314,0.3574982,0.41998994,0.4729676,0.49505267,0.42545944,0.44456875,0.44772187,0.39848244,0.40138856,0.41495785,0.3885255,0.4286639,0.40090594,0.4109126,0.4634295,0.47554025,0.4491504,0.4314033,0.47025332,0.45745817,0.46118253,0.509277,0.42389023,0.41628313,0.33690196,0.3940418,0.43209356,0.4115233,0.3324215,0.43291947,0.4322568,0.44950634,0.43026745,0.47294626,0.456831,0.37540615,0.3642907,0.46426782,0.5016346,0.38214636,0.3937223,0.38349983,0.39937326,0.34723324,0.31821233,0.3535779,0.35677117,0.33678186,0.31803387,0.322019,0.32037604,0.40181774,0.4236408,0.37571973,0.28370398,0.37917972,0.4136981,0.3729967,0.3967071,0.38228235,0.34927526,0.42161632,0.4397689,0.41130573,0.48847485,0.36531624,0.36648765,0.46288094,0.4391888,0.4340625,0.3884457,0.4357876,0.42313683,0.3890014,0.39019772,0.41134512,0.34288526,0.51918846,0.46410918,0.42202365,0.46028796,0.46960938,0.45826983,0.46561122,0.4429494,0.45225698,0.49637097,0.4433339,0.42599696,0.4386271,0.39968994,0.51855636,0.5223258,0.39634803,0.37564212,0.32577658,0.37783787,0.39000982,0.36544096,0.40939003,0.39120963,0.42463756,0.4762939,0.42932865,0.38379595,0.37730598,0.4151017,0.40626875,0.38614216,0.37739772,0.33629906,0.36419642,0.3701331,0.3698202,0.3360436,0.33508956,0.31254786,0.40670973,0.33596388,0.39086956,0.4683796,0.39729157,0.41610175,0.42982578,0.36058173,0.45714095,0.41584036,0.39000422,0.34900475,0.37613076,0.5103248,0.46461937,0.3794785,0.34125718,0.4054271,0.33256015,0.42881116,0.4648514,0.4549996,0.48026192,0.38121122,0.34837642,0.41397437,0.31942847,0.47189143,0.4391786,0.4440531,0.41564587,0.4791416,0.33490413,0.45762312,0.4906793,0.46748963,0.44715413,0.41468728,0.34768128,0.45098168,0.4411129,0.4139984,0.45242903,0.42918128,0.41440895,0.3964271,0.43965876,0.44452366,0.44088668,0.4526886,0.43751025,0.4368334,0.3796069,0.38747036,0.4685192,0.47215202,0.46639717,0.4696684,0.44923764,0.44487393,0.44183493
68,0.43244135,0.3918217,0.48947382,0.41909888,0.41070345,0.36897576,0.33921924,0.43137008,0.40546402,0.47161114,0.43319526,0.439791,0.48069972,0.5540837,0.59311205,0.4141734,0.3577044,0.35843328,0.39753348,0.33621514,0.35712034,0.35720822,0.38706484,0.4241814,0.42491728,0.41038224,0.46964535,0.42720333,0.44974265,0.40399754,0.4433071,0.3744969,0.362025,0.45272738,0.43652615,0.4376083,0.42259914,0.42661008,0.40220663,0.43411598,0.3957821,0.38249764,0.49099457,0.44176275,0.40654016,0.35414487,0.3738214,0.42472678,0.3817767,0.35089612,0.3908336,0.3986727,0.43394384,0.41057056,0.4536929,0.47383237,0.3635818,0.37243566,0.41557428,0.48512563,0.40039438,0.39273378,0.44690028,0.40577242,0.39214686,0.40407017,0.3762911,0.39203143,0.34810224,0.3338065,0.41148454,0.37784868,0.4840956,0.43128535,0.39411736,0.3603407,0.3883286,0.4372697,0.4623949,0.44364354,0.48499358,0.4561392,0.5023009,0.47968853,0.47031352,0.50692946,0.39331743,0.35500887,0.5240815,0.43992627,0.49639377,0.44128263,0.4360768,0.383224,0.42038608,0.39026374,0.50629973,0.42960593,0.50297517,0.4410494,0.41053823,0.40662938,0.4126391,0.4139171,0.44828576,0.39576632,0.41245905,0.48911324,0.44214946,0.37639204,0.45475715,0.4084148,0.49639073,0.4901363,0.43157724,0.35392627,0.3539741,0.3904358,0.3964702,0.35804808,0.41188678,0.3818589,0.4219822,0.39790404,0.40010628,0.4008217,0.38690937,0.39364803,0.41154504,0.4295434,0.37240806,0.31493595,0.431002,0.40288538,0.3778704,0.37413472,0.37718236,0.35622957,0.4444663,0.4308128,0.4094419,0.4718051,0.42257163,0.4915528,0.5467948,0.4051344,0.43417278,0.4415925,0.44646814,0.3492199,0.4002096,0.48456627,0.45289636,0.4122844,0.3617727,0.40331313,0.3404461,0.38808006,0.41622856,0.44318053,0.45405373,0.42100734,0.34850717,0.42749968,0.30467987,0.4653317,0.39794916,0.40570045,0.44214544,0.586801,0.45438507,0.4073125,0.43388304,0.41586074,0.40503708,0.36166286,0.37446335,0.43440124,0.48107684,0.42310992,0.4445297,0.38685852,0.49355403,0.43943033,0.42103615,0.3782013,0.36169612,0.4400876,0.41067496,0.46407703,0.43896845,0.44106448,0.4570756,0.52165896,0.53903925,0.43354407,0.37536132,0.363375,0.40155986,0.37841368,0.36030272,0.37525648,0.4060369,0.4359044,0.47982633,0.39928108,0.43089187,0.43376687,0.3949433,0.37881854,0.41258746,0.3585995,0.40345898,0.3775415,0.37344697,0.43539947,0.44018614,0.43202078,0.39757314,0.4453388,0.42894688,0.4253858,0.50067234,0.41374806,0.3962208,0.35878378,0.37668893,0.4412278,0.40460262,0.36682045,0.40703124,0.4087502,0.42320898,0.41632155,0.4476314,0.45804936,0.35701704,0.36089808,0.43176275,0.47760907,0.37274876,0.37224835,0.37629333,0.39907017,0.3475805,0.3330954,0.327005,0.34587482,0.3101818,0.29886708,0.30012602,0.3129441,0.38557217,0.41082525,0.35917342,0.26134923,0.36237466,0.43561578,0.4055546,0.44468996,0.38723335,0.36721435,0.42465875,0.42916155,0.40821645,0.47583622,0.33856356,0.35883394,0.4507706,0.4479751,0.42160407,0.4078897,0.43658036,0.4153555,0.42407358,0.4058226,0.40236637,0.3199327,0.49274597,0.4403222,0.4009416,0.4273995,0.42640013,0.4411974,0.44727144,0.41671318,0.437466,0.49739534,0.44381526,0.41364792,0.44290096,0.389193,0.50363576,0.51786953,0.40971357,0.36866438,0.35019103,0.3823073,0.37838185,0.3645386,0.39702943,0.39695954,0.41770977,0.45082107,0.4207156,0.3782637,0.38563767,0.41726696,0.38872153,0.3513044,0.36444196,0.32527998,0.3684664,0.3587241,0.3693132,0.3416234,0.3522059,0.3360245,0.3972875,0.34334436,0.38434148,0.46754718,0.40347025,0.4387763,0.44083682,0.3994576,0.45802245,0.42135298,0.36907616,0.3191096,0.3542222,0.49797505,0.45463625,0.3834513,0.34397027,0.38693944,0.339203,0.43452203,0.44855133,0.44862226,0.44082513,0.3669339,0.3527705,0.41315532,0.3103487,0.48143578,0.42037457,0.41977933,0.41575825,0.46499008,0.32264835,0.46090403,0.46416295,0.43451336,0.43433914,0.41696057,0.32699266,0.43902382,0.4290005,0.39311695,0.460987,0.42202976,0.41999343,0.40210322,0.42333314,0.43243524,0.42846406,0.43887493,0.42450827,0.42810598,0.37967235,0.3869747,0.46532714,0.46689317,0.45805937,0.46078107,0.43042457,0.42662224,0.43049175
69,0.42199105,0.39407367,0.46585086,0.4081254,0.408191,0.38537908,0.35381863,0.40983212,0.3783582,0.4754972,0.46192995,0.42455837,0.4564256,0.53208846,0.56886405,0.41759756,0.3901416,0.35788885,0.40526196,0.35474464,0.37253165,0.37456018,0.38426614,0.3968867,0.4138232,0.3919347,0.44388294,0.41552734,0.43003497,0.3733151,0.42119563,0.34818953,0.33656794,0.41991028,0.40381333,0.4090064,0.39279357,0.4046578,0.36510298,0.4191412,0.37748882,0.35719952,0.49605644,0.4333887,0.38715237,0.3655829,0.36680546,0.4346774,0.38314363,0.37290847,0.36900878,0.3829248,0.4124337,0.40720588,0.44075018,0.48532164,0.35880283,0.3674566,0.39311916,0.47876555,0.3982628,0.38447028,0.42586154,0.4036304,0.3973968,0.40064305,0.34774727,0.37254554,0.33849978,0.3136963,0.39851502,0.3570895,0.45738235,0.41823557,0.3849347,0.35386437,0.37158498,0.4537317,0.4544548,0.4612097,0.47631747,0.46108106,0.50785947,0.4737678,0.44941223,0.499013,0.37132218,0.35334948,0.5032327,0.42027894,0.4919258,0.4531914,0.43732026,0.38010606,0.43221354,0.40050054,0.48119053,0.40356055,0.49375308,0.4223761,0.40455195,0.38878214,0.3847832,0.39723566,0.43782806,0.3856228,0.40710008,0.4924773,0.44477847,0.37595206,0.45756936,0.41228226,0.49253085,0.48918802,0.44698393,0.3664067,0.37185827,0.3894283,0.39286077,0.3651259,0.39456052,0.3850641,0.41912076,0.3742441,0.39344493,0.39489785,0.39026812,0.38606742,0.3973362,0.39880595,0.3699696,0.3062808,0.41282126,0.3919257,0.37864977,0.379081,0.37591326,0.3759402,0.44004354,0.4361498,0.40560427,0.460203,0.41369998,0.47606328,0.50864404,0.4202757,0.4489138,0.44162366,0.40843123,0.3259939,0.37014732,0.4729564,0.4344223,0.42004132,0.366733,0.3986184,0.35079032,0.39547104,0.40817776,0.43636608,0.41946203,0.3928088,0.36280057,0.42742285,0.31305587,0.46333787,0.3794282,0.3879486,0.44576514,0.5674318,0.43707913,0.4099737,0.41458037,0.38481748,0.39077276,0.3481775,0.35247305,0.42329356,0.4741089,0.41609702,0.43120363,0.38011533,0.4654022,0.42341927,0.41967213,0.38733646,0.3670639,0.41772676,0.38263744,0.46864653,0.46097878,0.43388748,0.43767652,0.50796103,0.5330732,0.43039098,0.40352893,0.35995528,0.40810555,0.39077225,0.35530248,0.39662367,0.3924312,0.402609,0.47504973,0.3900045,0.41442788,0.4198368,0.38553098,0.36060575,0.40458214,0.3483786,0.38400853,0.3622152,0.35021412,0.4060737,0.4101152,0.42027664,0.3665116,0.42699844,0.408372,0.3940986,0.49959764,0.41400543,0.37573767,0.37245095,0.36441574,0.44009838,0.39284295,0.39021036,0.38622573,0.39001426,0.39984322,0.40969747,0.43078157,0.46523193,0.3485276,0.36246836,0.40919992,0.46234295,0.37904215,0.37075967,0.38290256,0.40867728,0.35762,0.35752836,0.3156151,0.34687525,0.30511034,0.2971107,0.29802674,0.3199639,0.38112915,0.41971463,0.35640556,0.26117358,0.35920298,0.4623039,0.43889394,0.48100036,0.39659044,0.3921621,0.4327009,0.4258929,0.41409537,0.4705476,0.32915643,0.3608944,0.44472212,0.4566177,0.42056978,0.4280867,0.44007644,0.41891506,0.4466451,0.4184597,0.3971328,0.31507063,0.47497094,0.42295617,0.38881618,0.3992046,0.3886209,0.42627016,0.4350338,0.39917848,0.42029056,0.5062735,0.45786017,0.40905204,0.45552847,0.39812022,0.49832684,0.5246046,0.42931876,0.36600974,0.37128222,0.39116928,0.37577718,0.37278873,0.38430655,0.4042957,0.4102102,0.42118606,0.41045073,0.37512928,0.39144015,0.41718137,0.37690794,0.33283618,0.36041436,0.32517365,0.37619984,0.35720775,0.37116036,0.35114104,0.37324607,0.35884607,0.3931998,0.35786915,0.38023123,0.45533854,0.40077436,0.4564303,0.44248286,0.42533723,0.46481204,0.4325523,0.36305702,0.30613545,0.34120965,0.4747647,0.44050124,0.3871851,0.34720024,0.37486562,0.34998766,0.43308312,0.4294444,0.43999672,0.4099722,0.35698605,0.36093685,0.41419372,0.31343836,0.49114332,0.41025716,0.40060997,0.4269769,0.45266828,0.33007252,0.46502772,0.4364351,0.3996729,0.41857705,0.42049634,0.3225299,0.42632294,0.4297123,0.38609937,0.4718006,0.42135218,0.4307809,0.41293883,0.41281512,0.42777422,0.42053238,0.42713898,0.41620675,0.42391148,0.38555104,0.39326963,0.46476197,0.46309292,0.45510557,0.45780712,0.4164837,0.41449422,0.42351896
70,0.41862953,0.4015657,0.4421826,0.40373713,0.41028458,0.4016852,0.37101775,0.39583948,0.36149636,0.47613212,0.473231,0.416311,0.43826795,0.51005983,0.5377584,0.4161774,0.406882,0.3643431,0.40747786,0.3752121,0.39145365,0.39448076,0.3891472,0.38076967,0.41560748,0.38419577,0.43016288,0.4126071,0.40334275,0.35535282,0.39938456,0.3462408,0.3266011,0.40101722,0.39078987,0.38812232,0.37783635,0.39595076,0.34202418,0.41296023,0.3733633,0.34589785,0.5028141,0.4367195,0.37434456,0.36886308,0.36997712,0.43712318,0.3823565,0.38063115,0.358192,0.3791864,0.39716074,0.41177577,0.43789598,0.5011832,0.3653734,0.3717009,0.3894885,0.484908,0.41347152,0.39720592,0.41279098,0.4141988,0.40658602,0.40021718,0.33450368,0.3626687,0.34642833,0.31225213,0.39952448,0.35155082,0.43335885,0.41378963,0.3833202,0.3619693,0.36237615,0.4718085,0.44758874,0.45587784,0.4587299,0.4579227,0.5005484,0.4806561,0.43457735,0.49713945,0.36002234,0.36158696,0.4785519,0.41207,0.4918996,0.46311733,0.44031718,0.39439216,0.428549,0.41054258,0.45029604,0.39084727,0.49278373,0.41545925,0.40879902,0.3810272,0.36903256,0.3900117,0.4401308,0.39000013,0.4045682,0.5071242,0.4628375,0.3871278,0.46984676,0.43153238,0.5043351,0.5010142,0.46938056,0.3850227,0.38462555,0.39076158,0.39770353,0.3780189,0.38338852,0.39424503,0.4153822,0.3603229,0.38621122,0.38990825,0.38961232,0.3801755,0.38624123,0.37803695,0.37512827,0.31300092,0.39270487,0.38841817,0.38274583,0.3874574,0.3775065,0.38751167,0.43813553,0.44690073,0.40337548,0.43961525,0.39615038,0.45300883,0.46229973,0.4145468,0.4732201,0.45320252,0.38769135,0.31705663,0.34945825,0.45520556,0.41771385,0.42571688,0.36905277,0.40034136,0.36749595,0.39733553,0.402545,0.42738602,0.40089694,0.37575027,0.37840888,0.4294436,0.32968035,0.46065652,0.37913665,0.38112253,0.46051583,0.5410149,0.42228746,0.4112907,0.39983207,0.36465624,0.3829625,0.34310386,0.3476404,0.42372417,0.4794802,0.42948553,0.42433247,0.37899548,0.43832946,0.41303703,0.42265746,0.3971796,0.37563935,0.40431765,0.3680278,0.47128156,0.4807444,0.43716916,0.4241119,0.49715608,0.5215118,0.42654857,0.41282713,0.3639157,0.40861803,0.40100396,0.35929465,0.4149117,0.38574114,0.38007307,0.48219225,0.40032867,0.40180394,0.4112892,0.37400982,0.35369694,0.39298987,0.3625644,0.37821332,0.3599813,0.34928182,0.38429776,0.39408973,0.42013463,0.348046,0.42029116,0.40204224,0.37768224,0.50529873,0.42653754,0.36303112,0.37514612,0.3639212,0.43022007,0.38118067,0.39541438,0.37734815,0.38350132,0.38520375,0.4141017,0.4264173,0.4757937,0.353502,0.3701531,0.40371233,0.4606761,0.40246585,0.39277422,0.40240923,0.4287231,0.3749622,0.38271314,0.3222319,0.360618,0.3242215,0.31291986,0.3194991,0.3394522,0.3896277,0.4488131,0.36805087,0.28289753,0.36974013,0.48642075,0.46104634,0.49167427,0.40601608,0.41813567,0.44440526,0.4334958,0.4298294,0.4762279,0.33995184,0.372363,0.4460304,0.46182388,0.4341731,0.4431569,0.4453679,0.43430007,0.44840825,0.4245865,0.39763704,0.33236262,0.46936283,0.41502145,0.3901939,0.38298762,0.3653911,0.4162296,0.43182364,0.3956334,0.40461916,0.52068996,0.48401427,0.4145014,0.47453576,0.42734414,0.5027811,0.53989685,0.4495969,0.37077415,0.38452873,0.40192288,0.38446465,0.38803396,0.3756336,0.41124853,0.40468487,0.39430478,0.4010268,0.37545756,0.38998085,0.41543624,0.37515813,0.33545494,0.36706746,0.33518115,0.38495943,0.36734667,0.3754197,0.3621293,0.3943465,0.37263617,0.3977988,0.37825233,0.38158536,0.43378603,0.38819325,0.4649792,0.4334049,0.42764822,0.4757872,0.44852754,0.37488988,0.31335682,0.34014344,0.44684643,0.4260384,0.38827598,0.3480359,0.3747496,0.3637704,0.42216352,0.41376114,0.4288299,0.40023726,0.35547546,0.36985493,0.41792837,0.32809135,0.49843967,0.41260013,0.39110228,0.44641903,0.4468612,0.35474983,0.469846,0.4117165,0.37146026,0.40321073,0.4254513,0.33683085,0.41722843,0.44509822,0.39969987,0.48147285,0.42832232,0.44340026,0.426105,0.41207358,0.43240646,0.42074868,0.4224042,0.41591182,0.4260164,0.3955779,0.40484878,0.46705183,0.46210515,0.45786822,0.4614476,0.41278973,0.41359198,0.42357376
71,0.42321,0.41443235,0.42323413,0.40794417,0.4171549,0.41302326,0.38553372,0.39164886,0.3585162,0.47169724,0.4615068,0.41593638,0.42955533,0.4961076,0.5096339,0.40869963,0.40031672,0.37867367,0.40228757,0.39340907,0.41035652,0.41310185,0.4034892,0.37755916,0.42879406,0.38719523,0.43561244,0.42029408,0.3797071,0.35707468,0.38508102,0.37121388,0.33762625,0.40463054,0.40375367,0.38008964,0.38258508,0.4042246,0.34133205,0.41617706,0.3835316,0.35469946,0.50639623,0.45183307,0.37432915,0.36367205,0.384813,0.43090016,0.3804071,0.3735784,0.3622134,0.38947958,0.39058235,0.4233731,0.44425952,0.5145181,0.3825928,0.38503623,0.40629336,0.49989715,0.44477293,0.42898142,0.40962407,0.43910402,0.41949323,0.4045479,0.33760184,0.36671156,0.3707428,0.32905015,0.41541845,0.3629549,0.41569975,0.416339,0.38813487,0.38186342,0.3613153,0.48585066,0.44130766,0.42803738,0.43454835,0.44581035,0.48068032,0.4988002,0.42986152,0.5013694,0.36177447,0.37939504,0.4566524,0.41792586,0.49753994,0.46793118,0.4436402,0.42307657,0.4110475,0.41715366,0.42105943,0.39633447,0.4959572,0.42041674,0.4204582,0.38323987,0.36782074,0.39197242,0.45314795,0.40880936,0.40568084,0.5274767,0.49158955,0.40790513,0.4887237,0.46364465,0.52485013,0.5204891,0.49014556,0.40553334,0.38948733,0.39454606,0.41056475,0.3936718,0.3809626,0.40723035,0.41251817,0.35907847,0.38142467,0.38712475,0.38255054,0.37881958,0.38174692,0.3700915,0.38711774,0.3343456,0.3760019,0.39310223,0.3907839,0.39938015,0.3834029,0.38629648,0.44039348,0.46036106,0.4050934,0.41415155,0.374041,0.43061724,0.4238997,0.38993675,0.49872622,0.47386545,0.38878912,0.32424998,0.34409386,0.43316993,0.40567744,0.4232934,0.36671036,0.4099511,0.38766125,0.39043862,0.40099007,0.41438672,0.4072403,0.3764436,0.3894779,0.43308803,0.3508523,0.45841724,0.39765587,0.38610265,0.48107406,0.5170435,0.4112294,0.41013193,0.39163205,0.35908568,0.38402387,0.34876114,0.3596212,0.43731734,0.49689764,0.46390703,0.42553344,0.38714683,0.41795456,0.41131467,0.4296754,0.4056128,0.38482717,0.40218365,0.36985576,0.4696158,0.49128887,0.449973,0.4193483,0.49430624,0.50702405,0.4205938,0.3979288,0.3771491,0.4032533,0.40720308,0.37412956,0.42556,0.3917505,0.3706447,0.49863783,0.42798227,0.39792284,0.41268864,0.36438614,0.3636386,0.3816346,0.40078384,0.39342487,0.37401122,0.37486744,0.37519383,0.3953463,0.43352005,0.34805733,0.42563432,0.41142756,0.38247073,0.5139787,0.44862187,0.36367983,0.36638403,0.37876257,0.41514835,0.3729576,0.3808713,0.38310435,0.39273575,0.3817657,0.42943397,0.43428817,0.48560473,0.37074217,0.3828135,0.41672808,0.4715138,0.4405945,0.43557018,0.42889762,0.45709255,0.39714184,0.39876556,0.34603232,0.38374546,0.36609298,0.3432034,0.36318952,0.3677304,0.40727,0.4897613,0.3917996,0.32234958,0.3897062,0.4997099,0.4626113,0.47081923,0.4107066,0.43748644,0.45547476,0.45103294,0.4507891,0.49153435,0.3693861,0.39209533,0.45487633,0.4620866,0.4598225,0.44906685,0.45130217,0.45863256,0.42819595,0.42101845,0.4027856,0.36995485,0.47427467,0.4167642,0.40488732,0.38045907,0.359823,0.41103807,0.43742245,0.4068137,0.39385334,0.53452283,0.515517,0.42896912,0.49448153,0.47099695,0.51224005,0.55620974,0.46375695,0.38378742,0.3869861,0.411631,0.40303424,0.4063082,0.37284476,0.4159977,0.40324154,0.37634403,0.39547938,0.37927514,0.3779891,0.41478306,0.38596484,0.35871574,0.3837796,0.3527766,0.39158544,0.38761643,0.38238195,0.3729014,0.41048938,0.3717509,0.41198283,0.39921486,0.38973352,0.40621284,0.36730722,0.4615318,0.41570905,0.4036111,0.48713133,0.46499014,0.40123266,0.3400386,0.35163844,0.41958407,0.4129288,0.38388026,0.34447968,0.39031923,0.37886035,0.40110832,0.40683487,0.41411874,0.41964802,0.36396328,0.37683418,0.42484066,0.35201165,0.5014248,0.4262284,0.39319605,0.46754926,0.44979256,0.3886908,0.47477835,0.39286214,0.35572293,0.39213565,0.43238455,0.36639878,0.41515386,0.47192168,0.43550363,0.48695228,0.44163144,0.45404813,0.43836504,0.42228693,0.44558808,0.4304357,0.42762524,0.4241457,0.4341613,0.40726304,0.4189291,0.47150323,0.46419823,0.46465704,0.4701203,0.42145157,0.42551345,0.43101665
72,0.43332246,0.4306939,0.41006413,0.4189912,0.42763704,0.41808534,0.39474508,0.39676362,0.36873165,0.46042493,0.42885154,0.42159867,0.42815217,0.4950466,0.49242178,0.3934584,0.37058857,0.40043673,0.38967147,0.40682435,0.42759776,0.42867818,0.42626888,0.3848092,0.44839165,0.39877588,0.45908684,0.4363541,0.3658611,0.38034287,0.38323417,0.4176073,0.37103188,0.4324952,0.44114992,0.38578033,0.4054976,0.42662647,0.36444885,0.4263798,0.4053024,0.38351554,0.50378925,0.47393885,0.3873816,0.3510391,0.40845338,0.4159753,0.3758427,0.35461706,0.37964243,0.41110143,0.3925652,0.43841746,0.45661482,0.51986295,0.405269,0.4030519,0.4380668,0.51796514,0.4856997,0.47181433,0.4139326,0.47566614,0.43756875,0.41304034,0.35315377,0.3853226,0.40551186,0.35866016,0.44171306,0.38771263,0.40412194,0.42165792,0.39533135,0.40652683,0.366293,0.48947054,0.43215188,0.3840579,0.40746137,0.42521563,0.45159113,0.5216094,0.43493146,0.5098678,0.37512526,0.4044475,0.4431742,0.43533957,0.5061005,0.46540895,0.44558802,0.45799294,0.38483408,0.41724125,0.3989594,0.41926718,0.49915385,0.4347322,0.43530998,0.39271164,0.37923214,0.40022275,0.47193182,0.43666413,0.4103849,0.5454789,0.5216195,0.43307218,0.50770706,0.50192815,0.54482436,0.5396436,0.50170845,0.4215035,0.38444647,0.39977148,0.42862484,0.40868852,0.38604444,0.42031518,0.4107755,0.36977953,0.38065794,0.38744837,0.36986202,0.38228914,0.38412648,0.3724531,0.40267944,0.36510253,0.36489418,0.4034002,0.4016441,0.4128742,0.39099622,0.37342376,0.4454925,0.4706514,0.41099465,0.3884025,0.351842,0.41329828,0.40270427,0.35341656,0.51659447,0.4953436,0.4075769,0.3440259,0.35531464,0.40800312,0.3985789,0.41068053,0.36050498,0.42681888,0.40708435,0.37551218,0.40361133,0.39761257,0.43870783,0.39505422,0.39321935,0.43827412,0.37283227,0.45699847,0.4289373,0.40092483,0.4991212,0.50275534,0.40205964,0.40578288,0.38984907,0.36720112,0.39332944,0.364196,0.38301703,0.46029907,0.5220029,0.5122815,0.43311268,0.40520707,0.40516922,0.41744843,0.43978968,0.41271812,0.39388707,0.41039068,0.3860806,0.46202892,0.48767993,0.46856883,0.42135376,0.5013011,0.4933809,0.40969437,0.36275724,0.40053964,0.39356196,0.41024855,0.40036044,0.4293201,0.41252643,0.37272233,0.5186253,0.46601647,0.4038246,0.42541316,0.35900554,0.3910594,0.37474626,0.45473018,0.43146628,0.40357655,0.42391685,0.37941104,0.41144565,0.4563135,0.36695912,0.43953407,0.4331625,0.40816027,0.5210601,0.4738835,0.37762308,0.34805852,0.40679926,0.39821532,0.3681874,0.35141742,0.40117377,0.41544363,0.38872918,0.4515204,0.4511216,0.49098143,0.39451712,0.39725846,0.4438773,0.48903483,0.48630118,0.48908633,0.45379484,0.48949483,0.42206255,0.40056485,0.38153893,0.41030046,0.42233828,0.38065243,0.41937354,0.39951596,0.42611644,0.5295831,0.42192006,0.3697188,0.41173193,0.49713922,0.44268316,0.42417,0.40784714,0.44412875,0.46052462,0.47322512,0.4688997,0.5110586,0.41038445,0.4167042,0.46976423,0.45784795,0.48899764,0.44532862,0.45662588,0.4853987,0.39324895,0.40698355,0.40979362,0.41905355,0.48482478,0.42631543,0.4284677,0.38893816,0.36969692,0.40935016,0.4493141,0.42897537,0.38952437,0.54155797,0.5427336,0.44826245,0.5087637,0.5171732,0.5207922,0.5657925,0.46728548,0.40210366,0.3780223,0.41848087,0.42648783,0.42317683,0.37522689,0.4178913,0.4055939,0.37058488,0.39516938,0.38587275,0.35769302,0.41723,0.40725935,0.39559367,0.40635106,0.37403116,0.39362416,0.41273132,0.39185703,0.38326204,0.4168901,0.35762098,0.43212822,0.41300842,0.4031565,0.37719423,0.34277847,0.445781,0.3944452,0.36066818,0.49389586,0.4756576,0.43288374,0.38002554,0.3733821,0.39559537,0.40127197,0.37399676,0.33787876,0.42176962,0.39318424,0.37394786,0.4109883,0.3970125,0.46622607,0.38114202,0.38195002,0.43440193,0.38190174,0.4992148,0.4459095,0.4060158,0.48292553,0.46049193,0.42009357,0.4782502,0.38138387,0.3539639,0.3879708,0.4408409,0.40189332,0.42037448,0.5032302,0.48726365,0.48793194,0.45818788,0.4597346,0.44699487,0.44097924,0.46409526,0.44726494,0.4415595,0.4382286,0.4461925,0.41830164,0.43223244,0.47685164,0.4685063,0.47330168,0.48131925,0.44022495,0.44731006,0.44364467
73,0.44384062,0.4469601,0.40126693,0.43213534,0.4390085,0.41770512,0.39790162,0.4088877,0.38836354,0.4409347,0.38272598,0.4296356,0.4292089,0.5050421,0.4865152,0.37019894,0.32514077,0.42667517,0.3705285,0.4148526,0.44236788,0.44008186,0.45362473,0.39820224,0.46767604,0.4156281,0.49121693,0.45475563,0.3617383,0.42076245,0.39450356,0.47194397,0.4223981,0.47815555,0.4933064,0.40290353,0.4389,0.45409644,0.4060506,0.439449,0.43375257,0.4252374,0.49393612,0.49467456,0.40668812,0.33140987,0.43465418,0.3930002,0.365582,0.3268719,0.40485418,0.4378922,0.40112156,0.4529143,0.47089836,0.51479816,0.4257747,0.41889054,0.4740862,0.5327161,0.5264843,0.51411074,0.42039442,0.51663065,0.46203563,0.42353803,0.37485847,0.41499665,0.4415557,0.3927376,0.47105518,0.41837043,0.3962615,0.4252911,0.4001759,0.427682,0.3742539,0.47781995,0.41642722,0.3333984,0.3798851,0.39704978,0.41737077,0.53979254,0.44537064,0.5189556,0.39584374,0.43255883,0.43913725,0.45816314,0.51252043,0.4551544,0.4452863,0.48878646,0.35406372,0.40849602,0.38609406,0.45367074,0.5001183,0.45433614,0.45015854,0.40575248,0.3986961,0.41131955,0.4901372,0.46532267,0.41764945,0.5534256,0.5431182,0.45555016,0.5185192,0.5371884,0.55684227,0.5506219,0.50037986,0.42731783,0.36861882,0.40530777,0.4479173,0.42064375,0.39509216,0.4300333,0.40883863,0.38897923,0.3836933,0.39052144,0.35442713,0.3879118,0.39059946,0.37951994,0.41732606,0.39762542,0.35817838,0.41522014,0.41240233,0.4239443,0.39428502,0.3538613,0.44894293,0.47111836,0.41882637,0.3652941,0.33154127,0.3992614,0.39732328,0.3119724,0.52020466,0.5065688,0.433776,0.36915758,0.37978107,0.38120812,0.39518228,0.3905268,0.3529054,0.4481414,0.42184398,0.35620442,0.40944704,0.38004348,0.48579067,0.42482156,0.39006886,0.4457515,0.3930197,0.45562893,0.46252093,0.4219783,0.5063058,0.49932095,0.3916493,0.39833903,0.39387435,0.3852501,0.40817744,0.38519907,0.41003445,0.48537973,0.54712427,0.56145084,0.44247493,0.43017152,0.3977019,0.4275175,0.45072892,0.41875944,0.40261263,0.42614934,0.41151425,0.4474866,0.46801782,0.48748824,0.42539227,0.5145339,0.48157063,0.39268407,0.31744242,0.4321977,0.3805407,0.41216832,0.4355775,0.42914984,0.4455102,0.3828531,0.5348511,0.5046635,0.41571733,0.44585478,0.35648152,0.4300102,0.37428725,0.5097731,0.48546746,0.44279763,0.48456293,0.39445537,0.43567008,0.47920948,0.40024415,0.45689198,0.46028134,0.44763708,0.52249944,0.49415794,0.39825216,0.32272038,0.44095594,0.38022253,0.3641826,0.3141351,0.42603496,0.44482753,0.403202,0.47478393,0.4717019,0.4901635,0.41681442,0.40897527,0.47664875,0.5054184,0.529735,0.5386085,0.46886048,0.51969755,0.44768524,0.38941246,0.41978723,0.43351272,0.47866052,0.41592342,0.47251335,0.4291201,0.43752202,0.556065,0.45061284,0.41276392,0.42861015,0.47792378,0.40683353,0.3650373,0.39620256,0.4353231,0.45453623,0.49164337,0.47641745,0.52704495,0.45187557,0.44117105,0.48689777,0.45063412,0.51147765,0.4339733,0.46033987,0.50704396,0.3532405,0.38418898,0.41510165,0.46615165,0.4954612,0.4410212,0.45491782,0.4038777,0.39030907,0.41024277,0.46310234,0.45576617,0.39145902,0.5372059,0.5571226,0.46664026,0.5111176,0.5535847,0.5238401,0.5639041,0.45952275,0.4204778,0.3592457,0.42241663,0.44864568,0.43570542,0.38043374,0.4175826,0.4092277,0.37709108,0.39985493,0.39355117,0.3352059,0.42225802,0.43271402,0.43409958,0.4285312,0.3952342,0.38951972,0.435758,0.40249074,0.3931323,0.40999272,0.33647093,0.45098695,0.4127433,0.41775545,0.3506626,0.3189787,0.4186317,0.37349966,0.31046396,0.49155498,0.47408125,0.4577992,0.42271644,0.39993006,0.37512445,0.39090213,0.36102593,0.33174548,0.4642639,0.40484193,0.34675154,0.4247263,0.3802985,0.52581805,0.40178388,0.38652506,0.44548967,0.41382784,0.49190134,0.46482554,0.42647874,0.48637822,0.47405854,0.4387496,0.4785618,0.3779169,0.3642967,0.39141414,0.44915897,0.43246996,0.43071875,0.5302666,0.54126287,0.4864559,0.47472462,0.45979235,0.45097414,0.4627416,0.4833295,0.46609727,0.4593282,0.45367095,0.4589165,0.4272689,0.44226816,0.4818047,0.47347802,0.48188633,0.49244872,0.46321455,0.4725971,0.45758468
74,0.44867393,0.45950794,0.3942567,0.44153595,0.44728488,0.4125899,0.39453784,0.4244452,0.4117067,0.41347218,0.333108,0.4358133,0.427583,0.5187463,0.48538813,0.34171033,0.27643344,0.45194256,0.34654436,0.41810316,0.45323884,0.44573033,0.47974378,0.41336936,0.48023748,0.43319973,0.51886696,0.46801934,0.36239156,0.4684354,0.4151746,0.5184093,0.48148882,0.52896893,0.5460964,0.42703372,0.4711651,0.47491437,0.45492986,0.45088592,0.46195355,0.46726584,0.47650823,0.50524765,0.42118514,0.30576038,0.45642447,0.3643235,0.34843025,0.29454035,0.43024734,0.46237978,0.4129155,0.46391082,0.48274618,0.49975133,0.43788743,0.4268096,0.5023033,0.5378894,0.5585385,0.5452889,0.42300436,0.5529408,0.49249095,0.4343605,0.39645973,0.4487074,0.47023782,0.42316172,0.49708384,0.44695154,0.3894492,0.4241183,0.39985895,0.43944705,0.38239226,0.45010775,0.3929257,0.28609893,0.35296717,0.36338583,0.38160786,0.5447479,0.45428613,0.52353126,0.41900855,0.45945993,0.4404537,0.4794576,0.5123241,0.43899637,0.4432319,0.5076673,0.32146886,0.39067042,0.3815573,0.4899777,0.49744016,0.4737468,0.46280682,0.41848746,0.42045337,0.42229313,0.5012992,0.48699424,0.42596453,0.5457536,0.54964346,0.46909046,0.5144502,0.5618122,0.556499,0.5476941,0.48639345,0.42129233,0.34425417,0.4108979,0.46489686,0.42884824,0.40391478,0.43466365,0.40563685,0.41167486,0.3898241,0.39432898,0.33912334,0.39261356,0.39760175,0.38546887,0.42782402,0.42549154,0.3531552,0.4249319,0.42007986,0.42879966,0.387975,0.33336678,0.44601864,0.45783922,0.4251089,0.34547335,0.31251532,0.38379818,0.3999305,0.27146575,0.506312,0.4987481,0.45528936,0.39209804,0.41086385,0.35492957,0.3934018,0.36740676,0.34619248,0.4692913,0.4296198,0.33629432,0.41630644,0.36500525,0.5329225,0.45457566,0.38193315,0.45660388,0.41062087,0.4530263,0.48740077,0.44464827,0.49691284,0.5026515,0.37753046,0.3892468,0.40358633,0.4081494,0.4255264,0.40658972,0.43293694,0.5051766,0.5636052,0.5984309,0.44770724,0.4562299,0.39211118,0.43598384,0.45850256,0.42234364,0.409328,0.44536707,0.43924156,0.42580816,0.434134,0.50102055,0.42646736,0.5265172,0.46875736,0.37138584,0.27381256,0.46644643,0.36456528,0.41403922,0.47314164,0.4267653,0.4837938,0.39688173,0.5405817,0.5341335,0.42657033,0.4665061,0.35273114,0.469812,0.3791283,0.55211926,0.5416786,0.48175892,0.5403166,0.41571903,0.4588322,0.49178213,0.43926266,0.47251847,0.4840909,0.48836157,0.5153858,0.5020886,0.41491997,0.29382363,0.47195232,0.36066923,0.35800958,0.27634346,0.45082852,0.47206366,0.4208185,0.4941929,0.48943657,0.48326457,0.4305643,0.41380742,0.50495934,0.513469,0.5627803,0.57120365,0.46826518,0.5414697,0.47206435,0.37068698,0.4513625,0.44724625,0.52148235,0.44138232,0.509436,0.45219842,0.43546748,0.5616567,0.47091073,0.44245952,0.43527222,0.445171,0.36304918,0.30807135,0.3758091,0.41235593,0.4344477,0.49763936,0.46856475,0.53199524,0.4832328,0.46129596,0.5008983,0.44252405,0.5200005,0.41806263,0.46200907,0.5184922,0.31569457,0.3565191,0.41487104,0.49846834,0.50099826,0.45734584,0.47824615,0.41997907,0.41603786,0.41335425,0.47288898,0.47989255,0.39866835,0.51896083,0.5541848,0.47896782,0.49725428,0.5733242,0.518225,0.54909575,0.44323176,0.43407983,0.33520412,0.42463416,0.4647631,0.44343364,0.38563865,0.41650057,0.4114638,0.3934566,0.40886742,0.3999139,0.31656373,0.42808044,0.4548314,0.46190375,0.44511405,0.41431683,0.37869668,0.45102227,0.41219085,0.40154076,0.38945615,0.3153573,0.46145716,0.39623332,0.42865384,0.32868695,0.29794812,0.38219875,0.3536641,0.26337644,0.47753093,0.45619318,0.46544918,0.45698816,0.42366838,0.35724157,0.38160393,0.34780368,0.32942095,0.50773615,0.41285837,0.32380208,0.4428542,0.36615577,0.5782833,0.41788647,0.39087057,0.4572517,0.44358408,0.48080233,0.4767997,0.44942108,0.47433642,0.4828998,0.43940514,0.4751766,0.3824053,0.38282785,0.40178257,0.45579204,0.45022044,0.44328877,0.5451855,0.58262503,0.48488104,0.4889602,0.45631787,0.45135927,0.48121235,0.49867162,0.48119462,0.47500536,0.4661329,0.46914274,0.4338567,0.4482648,0.48528302,0.47734722,0.48857057,0.500831,0.4830992,0.49394047,0.46876967
75,0.4436777,0.46391153,0.38678297,0.4423206,0.44820634,0.40244293,0.3840117,0.438716,0.4317472,0.38207284,0.2905941,0.4368565,0.41952002,0.5284042,0.4822108,0.31314304,0.23674355,0.4690699,0.32094005,0.41624612,0.456956,0.4433058,0.49743968,0.42635345,0.4817754,0.44592685,0.5318242,0.47056797,0.36259475,0.51071614,0.43867362,0.54566747,0.53460187,0.57128245,0.586664,0.45164546,0.49120227,0.48029622,0.49680534,0.45712164,0.48192775,0.496246,0.4528008,0.50006104,0.42185265,0.2780631,0.46755785,0.3349715,0.32773474,0.26406178,0.448107,0.4773747,0.4234444,0.46881804,0.48823252,0.47736365,0.43884817,0.4244301,0.513724,0.5292977,0.577021,0.5587647,0.417888,0.5768629,0.5256632,0.4448747,0.4122605,0.47752097,0.48587385,0.4432418,0.5155758,0.46720034,0.38205,0.4173174,0.3946289,0.43999386,0.3881972,0.41139534,0.36490664,0.25093076,0.3297137,0.3295823,0.34871694,0.5319871,0.45544693,0.5189888,0.4399011,0.4814415,0.44165733,0.49346507,0.5035805,0.42113778,0.44074145,0.51156324,0.29098585,0.36667702,0.38288268,0.5177503,0.48996273,0.48626342,0.47055814,0.42695144,0.43836257,0.43034697,0.5005545,0.4957955,0.4335699,0.5211273,0.5392006,0.4702911,0.4941346,0.5720534,0.5426149,0.52896357,0.4625987,0.40509436,0.31688455,0.41664743,0.4769214,0.43335563,0.40879342,0.4339547,0.40145308,0.43186128,0.39794126,0.39630917,0.32640713,0.39496642,0.40243477,0.38636306,0.43296543,0.44415152,0.34826744,0.42990336,0.42321345,0.42548463,0.37130797,0.31595564,0.43535233,0.4321463,0.42688754,0.329367,0.29479787,0.36496314,0.40324274,0.23801737,0.47568306,0.47003686,0.46290198,0.4071297,0.44023973,0.33199856,0.39100605,0.34520316,0.34182325,0.48358473,0.42818096,0.3182399,0.42030784,0.35422957,0.56609666,0.4735907,0.37044126,0.47090185,0.4254605,0.44907463,0.49562758,0.46285212,0.47095025,0.5073817,0.35988244,0.38086665,0.41820082,0.42981207,0.44218287,0.42382148,0.44490203,0.5148134,0.56512934,0.615532,0.44445997,0.47537246,0.38581643,0.43764263,0.45842314,0.42039883,0.4104252,0.46239176,0.46121266,0.39957747,0.3928546,0.50490224,0.4208793,0.53083044,0.45249936,0.3492496,0.24122253,0.49403292,0.34654847,0.41433725,0.5021517,0.42146793,0.5167711,0.41033685,0.5323279,0.54712063,0.43027037,0.47980097,0.3444979,0.4993433,0.38667917,0.5736781,0.58589846,0.51020896,0.5778133,0.43677762,0.472469,0.48776934,0.47288376,0.4816859,0.49667203,0.51666474,0.4991877,0.49356928,0.4187184,0.2663422,0.490402,0.34070998,0.34873655,0.2451375,0.468167,0.48830992,0.43566453,0.50459176,0.4977814,0.4709285,0.4317273,0.40972283,0.520164,0.5087192,0.58106834,0.579759,0.45035908,0.55070513,0.49290285,0.35089633,0.4684726,0.44716433,0.5425693,0.45246574,0.5235476,0.46602467,0.4187165,0.5445941,0.47850674,0.4544849,0.42928928,0.40568742,0.32090786,0.26520926,0.34992623,0.38094056,0.40200394,0.48594522,0.44473946,0.5214316,0.4971523,0.4748883,0.5070882,0.4361277,0.51172185,0.4014785,0.4616992,0.51871634,0.28612077,0.32941425,0.40615556,0.5075547,0.4974905,0.4701413,0.49225938,0.43157732,0.44063726,0.41793507,0.47303373,0.494139,0.4096885,0.48803154,0.5344265,0.4820562,0.46790278,0.5751615,0.502629,0.5232053,0.42257002,0.4388098,0.3118733,0.42625535,0.4723642,0.4470975,0.38850948,0.41585442,0.41087246,0.41550404,0.4207665,0.40307376,0.3057185,0.43352196,0.46760014,0.47068447,0.45325696,0.4295341,0.36261106,0.4552941,0.41887572,0.40650752,0.3591499,0.29883826,0.46003133,0.36771885,0.43231457,0.31277072,0.28114417,0.34215122,0.33526728,0.2274554,0.45218095,0.42318702,0.4506308,0.47457722,0.437225,0.34188122,0.37327468,0.33615166,0.33264354,0.53875864,0.41522467,0.30682415,0.45774025,0.35564685,0.6089327,0.42281023,0.39316148,0.46881065,0.46626744,0.46925926,0.47790843,0.4677327,0.44800055,0.4806541,0.42218053,0.46914452,0.39399502,0.40449592,0.41727468,0.46027642,0.45107862,0.4554618,0.54338557,0.60195476,0.48432198,0.49917808,0.45261925,0.4501239,0.491149,0.50632966,0.4881478,0.48401013,0.47259486,0.47438142,0.4380433,0.45067313,0.4865443,0.47869036,0.49163345,0.50403786,0.4937332,0.5051933,0.4740596
76,0.42898664,0.4564735,0.3788768,0.4325979,0.43926382,0.3872472,0.36662257,0.44665572,0.44173348,0.35383373,0.2633621,0.43113333,0.4045056,0.5295165,0.47466847,0.29044104,0.21361464,0.4715046,0.2985799,0.40779752,0.45006952,0.43074706,0.50059193,0.4336671,0.47044128,0.44852188,0.52574307,0.46020007,0.3598384,0.5362916,0.45781448,0.5485763,0.56882876,0.59495217,0.6062476,0.46863532,0.49216303,0.46759957,0.51880467,0.45634934,0.48688477,0.50315744,0.42691916,0.47867638,0.40639043,0.25458726,0.46391708,0.3114153,0.30982545,0.24188276,0.45260578,0.47776052,0.4281267,0.46547532,0.48502702,0.4521902,0.42867976,0.412178,0.50441545,0.50658697,0.57966393,0.5520827,0.40494213,0.58302575,0.55463725,0.4541404,0.4176518,0.49316323,0.48567107,0.44807637,0.52353907,0.47515157,0.3744902,0.4060462,0.38627332,0.43035054,0.39002225,0.37116066,0.33884847,0.23355477,0.31512374,0.30324322,0.32438615,0.5027545,0.44635642,0.5031404,0.45339754,0.49463052,0.43951473,0.4964503,0.48755902,0.40712243,0.4391357,0.50066465,0.2678309,0.3420119,0.38754922,0.5289401,0.47790864,0.4862745,0.4707337,0.4279457,0.4470513,0.43282834,0.486588,0.488301,0.43868333,0.48381272,0.51333463,0.45880204,0.46218327,0.5664897,0.5174223,0.49730685,0.43382537,0.38192567,0.2928414,0.4219755,0.48184204,0.43372178,0.40748966,0.42825878,0.3972612,0.44351578,0.405682,0.39505124,0.31856143,0.3944563,0.40307376,0.38111347,0.43254757,0.45007667,0.3441417,0.42869458,0.42177886,0.41387692,0.34819654,0.3033675,0.41924283,0.40057677,0.4232495,0.31898767,0.28117082,0.3455422,0.4041692,0.21728125,0.4341847,0.4269392,0.45333022,0.41074738,0.45999622,0.3161841,0.38698414,0.32691693,0.34053323,0.48468062,0.41550303,0.30381843,0.41800305,0.34842205,0.57707065,0.47526246,0.3568448,0.48663318,0.43637094,0.4451881,0.48409402,0.4702883,0.434517,0.5096984,0.34201854,0.37526095,0.43497944,0.44360363,0.45426598,0.43290365,0.4415357,0.5124723,0.5494119,0.60974115,0.43236014,0.48024482,0.37880164,0.42997625,0.4477776,0.41044253,0.40251935,0.47104576,0.47002965,0.3744858,0.3544427,0.49708843,0.40785035,0.5252694,0.43434402,0.33021194,0.22460215,0.50547117,0.32889593,0.41005906,0.511481,0.41147414,0.53404665,0.41907924,0.5109058,0.5396887,0.42463434,0.4809531,0.33199686,0.5107029,0.39459047,0.5715798,0.6084022,0.52123666,0.5901547,0.4502558,0.47179896,0.467511,0.4905777,0.48088115,0.49302116,0.5230073,0.4762868,0.46921968,0.40694627,0.24564707,0.48923036,0.32385033,0.33783087,0.22600004,0.47189796,0.48710236,0.44167227,0.5012357,0.49247336,0.45423114,0.41959202,0.39761654,0.5170467,0.49046522,0.58243287,0.56283265,0.41905928,0.54583097,0.50702983,0.33559373,0.46648154,0.43270645,0.5385808,0.44748202,0.51331615,0.4694698,0.39181998,0.50853425,0.4711368,0.44770932,0.41216603,0.36868158,0.2900293,0.24379614,0.32550043,0.34980616,0.36510757,0.45716494,0.41010895,0.4956447,0.49028003,0.48089746,0.50301003,0.4340967,0.48824927,0.38887355,0.4599308,0.50951153,0.2687518,0.3085644,0.38937485,0.49104562,0.48390168,0.47406486,0.49178416,0.43418047,0.45785046,0.42254877,0.46111822,0.49304068,0.42235062,0.45059547,0.5026361,0.47489586,0.43011978,0.5606928,0.47878528,0.4914777,0.40176448,0.4313372,0.29418653,0.42732933,0.47073168,0.44698986,0.3877758,0.4160344,0.40692973,0.43774983,0.4326594,0.40258852,0.30455878,0.4377829,0.466939,0.45798415,0.45181847,0.43809834,0.34534496,0.44786584,0.42110366,0.40589297,0.32615334,0.2884077,0.44714308,0.33604994,0.42771235,0.30505967,0.2712587,0.30771375,0.32088953,0.20812392,0.4196587,0.3826292,0.41645002,0.47146526,0.43669996,0.33136353,0.3668049,0.32692632,0.34116107,0.54619116,0.40883964,0.29664603,0.4628557,0.34983215,0.6118732,0.41462743,0.39056423,0.47834522,0.47680095,0.46191615,0.46736088,0.47459066,0.41401544,0.46607542,0.39277622,0.46220824,0.41056186,0.42376468,0.43469426,0.46268404,0.43519706,0.46500582,0.5240357,0.59580964,0.48463827,0.5034236,0.45098802,0.44871506,0.48970366,0.50400674,0.48490757,0.48404688,0.47156778,0.47317654,0.4392437,0.45000204,0.4852266,0.47690222,0.48990917,0.50073254,0.49175936,0.50306606,0.47183898
77,0.4086697,0.43790665,0.37323156,0.4144883,0.42172813,0.36991042,0.34600797,0.44506952,0.43810233,0.33544964,0.2560137,0.4189923,0.3858731,0.52091664,0.46476373,0.27945352,0.21105514,0.4570473,0.2852343,0.39340815,0.4329821,0.4092168,0.4873566,0.43300074,0.4473272,0.4383801,0.50111157,0.43850425,0.35557643,0.53746283,0.46726528,0.52628386,0.5743925,0.5935312,0.59894073,0.47154212,0.4724819,0.44013593,0.51334697,0.448746,0.4738744,0.4854224,0.40448338,0.44601965,0.37947404,0.24178107,0.44578826,0.29942608,0.30024844,0.233193,0.4420775,0.4626669,0.4247629,0.45430169,0.47307536,0.42944217,0.40964624,0.39286524,0.4753651,0.4732232,0.5648344,0.5262969,0.38761783,0.56881607,0.5701927,0.45987174,0.41071576,0.49106696,0.4691601,0.43557805,0.5186268,0.46910644,0.36926046,0.39289218,0.3767137,0.4126967,0.38782206,0.33965957,0.32158947,0.23778981,0.3133811,0.29154736,0.3147361,0.46371612,0.42939863,0.4778964,0.45466936,0.49460647,0.43378162,0.486942,0.46858507,0.40178674,0.43916196,0.4768099,0.2571326,0.32350814,0.39444914,0.52027524,0.4627836,0.47185183,0.46291527,0.42041433,0.4435141,0.42832115,0.46190456,0.46473452,0.44048423,0.44252956,0.47655287,0.43699515,0.4267643,0.5446201,0.48511907,0.4593297,0.40659413,0.35705248,0.2779808,0.42551923,0.47791135,0.42944258,0.40015537,0.41895145,0.39475453,0.44281968,0.41077203,0.3912831,0.31837335,0.39117527,0.39892244,0.37145177,0.4265983,0.44104773,0.34283257,0.42162946,0.41667807,0.39650983,0.32576388,0.29762462,0.40209225,0.37229082,0.41543898,0.31792662,0.2762958,0.3314653,0.4032245,0.21378459,0.3917518,0.38181958,0.42955562,0.40189293,0.46444023,0.31179568,0.38258633,0.31647202,0.34322712,0.47099894,0.39367405,0.29587036,0.40946844,0.3491343,0.56184745,0.458822,0.3441008,0.4994389,0.4405096,0.44329885,0.45498452,0.4633744,0.396828,0.50816464,0.32895997,0.37416035,0.44982857,0.44456938,0.45833167,0.43078238,0.423016,0.4984946,0.5185124,0.5804264,0.41476983,0.46884105,0.37353045,0.41451025,0.4282278,0.39387465,0.38619146,0.46767157,0.46208522,0.35666597,0.32858333,0.47850832,0.39035264,0.51094604,0.4190581,0.31881472,0.22649089,0.49596095,0.31578833,0.40052646,0.49600312,0.39717066,0.5304347,0.42043743,0.48079643,0.51207805,0.41156644,0.46916425,0.31921738,0.50006217,0.40133032,0.5460577,0.6032011,0.51172894,0.57425183,0.4508299,0.45633394,0.43680906,0.48617515,0.46936485,0.47243974,0.50445384,0.45070994,0.43491787,0.38340557,0.23686107,0.4672659,0.3144858,0.3281771,0.22280265,0.46005285,0.4672744,0.4359283,0.4833943,0.4733864,0.43560806,0.39695272,0.38122073,0.4944708,0.46141574,0.5653759,0.52379346,0.38309565,0.5275224,0.51019317,0.3285348,0.4455353,0.40825546,0.50992167,0.4277231,0.4807645,0.4625853,0.36355454,0.46214774,0.44948253,0.42365748,0.38938332,0.34303945,0.27733707,0.24761921,0.3102452,0.32782352,0.33481875,0.4185546,0.37530503,0.4604926,0.46413526,0.47789404,0.48830476,0.43757945,0.45564508,0.38447604,0.45752367,0.49346212,0.26681176,0.29917562,0.36957714,0.45405343,0.4622174,0.46636862,0.4758189,0.4262267,0.4625395,0.42582768,0.4393627,0.4748732,0.43409297,0.4159635,0.46591362,0.4586055,0.39468795,0.5324971,0.4510207,0.46056357,0.38539863,0.41160703,0.28608465,0.42717996,0.4603316,0.44288692,0.38379735,0.4171504,0.40053782,0.45475662,0.44170588,0.39943832,0.31394997,0.4403492,0.45216098,0.42754766,0.44097587,0.43696776,0.3323058,0.4304554,0.4186619,0.3992801,0.29935426,0.2853722,0.4263577,0.31110165,0.41631156,0.30819553,0.27186236,0.2881447,0.31479377,0.20875968,0.38728797,0.34595636,0.37405828,0.44823816,0.42263225,0.3296554,0.36448333,0.32194614,0.3533168,0.5264408,0.39394397,0.2952395,0.45605102,0.35063833,0.5857795,0.39642072,0.38264942,0.48289952,0.47153842,0.46223646,0.4473094,0.4666186,0.38198537,0.44347724,0.36064133,0.45613128,0.42858034,0.43591592,0.4500305,0.46277502,0.40718883,0.46971276,0.49025053,0.5643743,0.4852143,0.4998509,0.4518736,0.44757202,0.47675905,0.49150187,0.47197902,0.47489908,0.4630235,0.46543926,0.43678036,0.44635195,0.48121503,0.4721878,0.48304734,0.4909563,0.47691226,0.4875151,0.4622275
78,0.38793382,0.41405472,0.3726127,0.39266634,0.40019426,0.3564785,0.3292659,0.43472588,0.42263958,0.3312813,0.27161437,0.40364963,0.3686868,0.5033319,0.45596904,0.28489938,0.23328216,0.42970082,0.2861516,0.37771443,0.41101134,0.38489097,0.46046695,0.4243012,0.4180549,0.41822815,0.46257567,0.4112915,0.35489923,0.5104554,0.46478128,0.48161575,0.54501426,0.5630178,0.56086737,0.45971242,0.43656287,0.4058267,0.4808926,0.4364138,0.44602272,0.4473036,0.39064288,0.4113132,0.35041454,0.24595225,0.41877937,0.30284917,0.30177256,0.24342623,0.41986105,0.436088,0.41533175,0.4390471,0.4548997,0.413032,0.38678634,0.37219578,0.43265724,0.43584284,0.53180593,0.4861437,0.37230614,0.53519505,0.5638931,0.45946565,0.39399388,0.47241065,0.43890378,0.40823525,0.49976122,0.4502792,0.37043092,0.38214803,0.36874902,0.39064023,0.38363776,0.3258139,0.3195031,0.26877794,0.32678562,0.30082536,0.32578284,0.42549497,0.4113768,0.45016178,0.4418911,0.47774306,0.4266941,0.46595436,0.45286614,0.40783706,0.44091383,0.44386843,0.2639239,0.31837484,0.40493068,0.49397904,0.4466187,0.44541332,0.44933513,0.40611246,0.42861906,0.4177789,0.43181947,0.43015063,0.44000477,0.40738648,0.43642688,0.4100819,0.39671275,0.50811243,0.45049945,0.42338642,0.3876938,0.33824018,0.2781656,0.42598057,0.46452406,0.42120382,0.38889477,0.40934563,0.39666614,0.43013385,0.4132427,0.3871898,0.3293611,0.38688573,0.392462,0.36176214,0.4158275,0.41763514,0.3474218,0.41149077,0.40977415,0.37957838,0.3133211,0.3032265,0.38937747,0.35574,0.40528208,0.329607,0.28491622,0.32997376,0.4029061,0.23232214,0.35863492,0.34845957,0.39985752,0.38299376,0.45157602,0.3219489,0.3799973,0.31920907,0.35153925,0.44649363,0.37042114,0.29873532,0.39808655,0.3586507,0.51944005,0.42992195,0.33773282,0.503742,0.4346501,0.44503722,0.415927,0.4430342,0.36734673,0.50331897,0.3265135,0.37981287,0.4589859,0.43205878,0.45336044,0.41689682,0.3955989,0.4749706,0.47895274,0.5300756,0.39620563,0.44575608,0.37240458,0.39548856,0.4052087,0.37635502,0.36685058,0.45356938,0.4397906,0.3502601,0.32225278,0.4541543,0.3732729,0.4899139,0.41134295,0.3193319,0.2499487,0.46760648,0.31196782,0.38903445,0.4592781,0.3828633,0.50667113,0.41444242,0.4493579,0.47049206,0.3957398,0.44782606,0.3124361,0.4673133,0.4058002,0.5000693,0.56587785,0.4813971,0.5285994,0.43872207,0.42975768,0.40433797,0.46093187,0.45027757,0.43956667,0.46534193,0.42680934,0.40085325,0.35634032,0.24564305,0.43093967,0.3162149,0.32308426,0.23977318,0.43626446,0.4340146,0.42086765,0.45640317,0.44546014,0.41844162,0.370484,0.36617264,0.4563522,0.42709643,0.52961993,0.4709303,0.35317755,0.49834603,0.4975743,0.33241367,0.41144487,0.38195413,0.46159995,0.39820215,0.43244588,0.4455475,0.3437069,0.41793457,0.4197053,0.3877659,0.36837816,0.33556926,0.2870182,0.27950585,0.31001112,0.32229385,0.3209197,0.38219845,0.35243434,0.4263596,0.4259969,0.46387428,0.46487036,0.445033,0.4233283,0.39049473,0.4552859,0.47290078,0.28337017,0.3060561,0.354977,0.40889192,0.43650922,0.44819894,0.44869286,0.40977183,0.45244417,0.42728314,0.41354072,0.4429018,0.442967,0.3928066,0.43169641,0.43674827,0.37170655,0.49423003,0.42465675,0.43607235,0.37808996,0.384911,0.29167667,0.4255938,0.4428227,0.43492728,0.37820548,0.4197981,0.3950914,0.4629446,0.4471644,0.39513564,0.3343166,0.44168007,0.42820352,0.38909024,0.42282066,0.4246505,0.3288955,0.4072335,0.4127303,0.38917938,0.2883996,0.29344577,0.40403843,0.30121022,0.40113208,0.32418758,0.28611985,0.2905073,0.32109916,0.23287545,0.362915,0.32417244,0.33804554,0.41052943,0.39880347,0.33979088,0.36828315,0.32487553,0.36703774,0.48407894,0.3764856,0.30604538,0.4391349,0.3599103,0.5320033,0.37472567,0.37327772,0.47918013,0.44978064,0.4703919,0.42240497,0.44537008,0.36101246,0.4199493,0.33561057,0.45272556,0.44410196,0.43860313,0.45985678,0.45966387,0.37527475,0.4677536,0.4493971,0.5114557,0.4854102,0.48786226,0.45475525,0.4466182,0.45508534,0.47130045,0.45233038,0.45826435,0.44858554,0.45280483,0.43103755,0.4398251,0.4746941,0.4654256,0.47174126,0.4760362,0.45212033,0.46163175,0.44720677
79,0.37088248,0.3926673,0.37730733,0.37197992,0.38038686,0.3532832,0.3239086,0.41996223,0.40170935,0.343658,0.31230217,0.39075822,0.35708877,0.4783427,0.44982663,0.3083046,0.28457233,0.398243,0.30416596,0.3672298,0.39151695,0.36671966,0.42618015,0.4103244,0.3919988,0.3962263,0.41893688,0.3872531,0.36305702,0.4576736,0.45045573,0.4225167,0.48065725,0.5034256,0.4933401,0.43850127,0.39487493,0.37452364,0.43088037,0.42257014,0.4125629,0.3993445,0.38959634,0.384706,0.32936484,0.272882,0.39098087,0.32276195,0.31426433,0.27758875,0.39283058,0.40507537,0.4047018,0.4242665,0.43526247,0.4051215,0.36663973,0.35656628,0.3872398,0.40352327,0.48341525,0.43959004,0.36614192,0.48663443,0.53117436,0.45123875,0.37441012,0.44298396,0.40165824,0.37394488,0.4682371,0.42263937,0.38180876,0.37873802,0.36590487,0.36968473,0.38136452,0.33581415,0.3372943,0.33075383,0.35496998,0.33502334,0.36112392,0.39899004,0.40066478,0.42911166,0.41745993,0.44428542,0.42266956,0.4374986,0.44538257,0.42458573,0.44400942,0.40858626,0.29245818,0.3320173,0.42104772,0.4568055,0.4331075,0.41386864,0.4334156,0.38951704,0.40788886,0.40456116,0.40379536,0.39361003,0.4398591,0.3866835,0.4019152,0.38558894,0.3790686,0.46254206,0.4199434,0.397565,0.38191852,0.33265442,0.29800725,0.42282996,0.44333193,0.41110456,0.37654653,0.40355292,0.40495464,0.4102913,0.4150339,0.38485667,0.35367644,0.38424808,0.38803303,0.35772365,0.40239584,0.38498953,0.36049125,0.40283653,0.4033237,0.37018165,0.31900036,0.32530743,0.38579747,0.35639757,0.39454746,0.3547645,0.3100459,0.34624013,0.40469384,0.27763855,0.34235758,0.33710265,0.3748264,0.35991153,0.4239986,0.34658736,0.38022667,0.33982718,0.36629117,0.41803825,0.3548397,0.31674463,0.3882939,0.37812907,0.45462313,0.39761397,0.34340724,0.49548998,0.41795796,0.4505797,0.37819496,0.41487238,0.35374665,0.4957307,0.34023628,0.39394286,0.46029574,0.41055197,0.44143376,0.39419675,0.37039858,0.4466499,0.440137,0.46707818,0.38025376,0.41918963,0.37551823,0.3775426,0.38534838,0.36482474,0.3518837,0.4338935,0.41073698,0.35727096,0.33947805,0.431597,0.36063978,0.46413592,0.41317233,0.33343944,0.29776752,0.4289436,0.32053027,0.38095668,0.41237062,0.37486023,0.46809223,0.404385,0.4250288,0.42697075,0.38297367,0.42340335,0.31770396,0.41764855,0.4068129,0.44114572,0.49630642,0.43384722,0.45661706,0.41953683,0.39967686,0.37862095,0.42351526,0.4291991,0.40374747,0.41706815,0.40901852,0.3778425,0.3353713,0.27775458,0.3911912,0.33024013,0.32542908,0.28167048,0.40809214,0.39666557,0.4027566,0.42848483,0.41738397,0.40562645,0.34891018,0.35776877,0.4121638,0.3952824,0.47835442,0.41641,0.3389248,0.46225205,0.466479,0.34921023,0.37476474,0.36294743,0.40447393,0.36758,0.37969574,0.4192293,0.3403945,0.38840806,0.39172274,0.35010242,0.35681275,0.35045832,0.321555,0.3401636,0.32797936,0.33765036,0.32955092,0.35970387,0.3504152,0.40368462,0.38717702,0.4382316,0.43834558,0.45311752,0.40099245,0.40611023,0.45385528,0.45022884,0.32076883,0.3326173,0.35403153,0.37091756,0.41278374,0.4242104,0.41791162,0.39034066,0.43050206,0.42743087,0.3910279,0.40537083,0.4480962,0.38659868,0.40657339,0.41510633,0.3674435,0.45180365,0.4052849,0.42215568,0.38212988,0.359785,0.31421039,0.42341828,0.42118979,0.42416522,0.37271795,0.4245443,0.39472163,0.4611544,0.44982064,0.39080137,0.36475065,0.44216526,0.40395465,0.3554574,0.40162462,0.40310475,0.33949772,0.38453582,0.40528098,0.3800124,0.30127227,0.31749725,0.3873958,0.3115975,0.38600037,0.3527457,0.31567886,0.31929213,0.34232712,0.28418285,0.35232094,0.3247468,0.32079858,0.36870942,0.37163088,0.36144724,0.37783492,0.33907667,0.38049883,0.43038562,0.36418146,0.33215013,0.41619465,0.3777083,0.45763287,0.35713467,0.3684641,0.46499282,0.4155095,0.4826387,0.39939013,0.41712654,0.35744926,0.4024979,0.3259039,0.45289713,0.4542853,0.4323545,0.4621502,0.45205653,0.3496463,0.4591588,0.4113926,0.4462712,0.48508513,0.46914017,0.45872295,0.44580227,0.4304517,0.4488986,0.43084598,0.43760005,0.4316236,0.43846926,0.42367345,0.43103862,0.4664676,0.4582021,0.45829841,0.45907572,0.423578,0.43156463,0.43059132
80,0.36105976,0.3793962,0.38734147,0.35730475,0.36782828,0.3636528,0.33443987,0.40633315,0.3831356,0.37272173,0.37560323,0.38569412,0.35463598,0.44923154,0.44493562,0.34603596,0.36129352,0.37216988,0.33798805,0.36651412,0.3800347,0.36098382,0.39362314,0.39590442,0.37739247,0.38174528,0.3812646,0.3742174,0.38163123,0.39191052,0.4277046,0.36186194,0.39438683,0.4245063,0.4086417,0.41543722,0.36026457,0.35426915,0.37885222,0.41065928,0.38455093,0.3551516,0.4036358,0.37253982,0.3234256,0.32415208,0.36880252,0.35634118,0.3356629,0.33422315,0.36892182,0.3772665,0.39742905,0.41270617,0.41957134,0.40622264,0.35400096,0.34944394,0.3510837,0.3846835,0.4284841,0.3955968,0.37329662,0.43099442,0.47560734,0.43568137,0.35976422,0.41081867,0.36675492,0.34290177,0.42878678,0.39143538,0.404108,0.3855968,0.37021342,0.3553253,0.38481957,0.369628,0.3746392,0.41638324,0.39341822,0.39021704,0.41681352,0.389903,0.40258735,0.42033306,0.38739127,0.40072957,0.4268725,0.40837607,0.44621405,0.44723013,0.44750842,0.37896058,0.34235984,0.36411822,0.4424693,0.41830617,0.42731717,0.38733432,0.41916314,0.37685773,0.38928792,0.3933491,0.385354,0.36437616,0.4418563,0.38414612,0.3794853,0.37033638,0.37746838,0.41686884,0.40085104,0.38644242,0.38951552,0.34215286,0.33650243,0.41705087,0.41903266,0.40192857,0.36755913,0.4034302,0.41790748,0.39077482,0.4174544,0.38635623,0.38965815,0.38431233,0.3881234,0.36276418,0.38921335,0.3516818,0.38142905,0.39903554,0.39886385,0.3712013,0.34436056,0.3642083,0.39232358,0.3750329,0.3865404,0.3910826,0.35169795,0.37873277,0.4074173,0.3483754,0.34537202,0.35029078,0.36214575,0.3393221,0.3892266,0.3827584,0.38492835,0.3794015,0.38627744,0.39306656,0.3512575,0.35201913,0.38478258,0.40733775,0.38153815,0.36964133,0.36333266,0.475442,0.39385694,0.45825166,0.35161966,0.38760895,0.36002874,0.48540422,0.37260202,0.4145319,0.4538126,0.38834682,0.42659783,0.36850488,0.35728422,0.420596,0.41024092,0.40528846,0.37021044,0.39672893,0.3830892,0.36555547,0.3744173,0.3641999,0.34754026,0.41455194,0.3841263,0.37792933,0.37927565,0.41639778,0.3557447,0.43634087,0.42326084,0.35912827,0.3664663,0.39187792,0.3413573,0.38097072,0.36933583,0.37722632,0.4245761,0.39562845,0.41330856,0.3937912,0.37900826,0.40351278,0.3383982,0.3634531,0.40507206,0.38114965,0.40690178,0.37923372,0.37273186,0.40083092,0.37554285,0.36517555,0.38618496,0.41136646,0.37544498,0.37408742,0.40105748,0.3720942,0.32816014,0.33456355,0.3577298,0.35468155,0.33723783,0.3479294,0.38363805,0.36484262,0.3880196,0.40569386,0.3973504,0.3984165,0.3390625,0.358774,0.3738526,0.37370884,0.42013973,0.37204447,0.34585893,0.4246358,0.42106274,0.37838188,0.34616968,0.35799992,0.35220078,0.34457126,0.33459732,0.3874834,0.35739645,0.38011512,0.37255123,0.3216961,0.3603102,0.3866609,0.37982357,0.42166132,0.36371517,0.37250385,0.36156896,0.3562105,0.37146866,0.39713138,0.3575431,0.40411294,0.4171466,0.45903748,0.39401165,0.42756352,0.4532262,0.42888942,0.37665856,0.37741467,0.37173882,0.35096803,0.39719558,0.4011889,0.39129424,0.3756162,0.40506235,0.4275379,0.3782032,0.37276956,0.44896492,0.39813578,0.3944632,0.39936197,0.38310695,0.4128672,0.39712125,0.42031294,0.39457357,0.34310964,0.35207954,0.42225674,0.3995857,0.4127838,0.37022486,0.43072787,0.40029624,0.45064437,0.44927126,0.38816893,0.4028335,0.44037277,0.38645464,0.3358051,0.382181,0.3780262,0.36496404,0.3686339,0.3983666,0.37584555,0.33880338,0.35829985,0.38049826,0.34219098,0.3757459,0.39125997,0.36006987,0.37306225,0.37778878,0.36098838,0.35696802,0.34898755,0.32821053,0.33397672,0.34918597,0.39161626,0.39234802,0.3652535,0.3935816,0.38006544,0.36021736,0.37407848,0.39426538,0.40302697,0.37775835,0.34988618,0.37255943,0.44160888,0.37758657,0.49326915,0.38502133,0.3908165,0.37340295,0.39625555,0.33586138,0.45520505,0.45832103,0.42014506,0.45668125,0.43968382,0.33854976,0.4465329,0.38483536,0.3827566,0.48483726,0.44787744,0.46170864,0.44474596,0.41001642,0.4308584,0.4125383,0.41728523,0.41652787,0.4260135,0.41679916,0.42147312,0.4579793,0.45239234,0.44640943,0.444595,0.3989874,0.40488255,0.4169146
81,0.3624079,0.37618792,0.40601066,0.35403448,0.3668078,0.38652456,0.3610063,0.3989018,0.3736541,0.415647,0.4516546,0.39095262,0.36612418,0.42157182,0.44008464,0.39224964,0.44711414,0.35733417,0.3836634,0.37651798,0.3781096,0.36808288,0.3716144,0.38621852,0.3769736,0.37972775,0.35873595,0.3757418,0.40978065,0.33153737,0.40424627,0.31304345,0.3102308,0.34649637,0.3275998,0.39770836,0.34241116,0.34993032,0.34008712,0.4043942,0.36930624,0.32621744,0.43037483,0.37594026,0.33591458,0.3941935,0.3560274,0.39830574,0.3649465,0.40343842,0.35518768,0.3591172,0.3964801,0.40538934,0.41165757,0.41391915,0.35144565,0.35248485,0.33210382,0.382179,0.37855655,0.3614756,0.39438564,0.37893826,0.4093865,0.41703928,0.35506123,0.38493836,0.34118932,0.32265642,0.3894704,0.36320403,0.43572775,0.40284228,0.38150066,0.35042444,0.39610544,0.41974866,0.42615384,0.5057245,0.43544674,0.45485556,0.48149168,0.39726034,0.41847476,0.42323726,0.3599753,0.35700583,0.44162142,0.38569453,0.45201796,0.46993348,0.45041955,0.36036634,0.40665576,0.40834433,0.46765926,0.38851663,0.43089223,0.3732911,0.4103052,0.3737398,0.37884995,0.38860682,0.3801518,0.3483164,0.44508174,0.39776555,0.37097237,0.3671662,0.39202288,0.37973738,0.39653033,0.38913977,0.40528747,0.36339223,0.38664114,0.41163468,0.39784357,0.3960398,0.36848888,0.40828535,0.43102062,0.3783586,0.42041484,0.39427754,0.43287677,0.38626558,0.39263856,0.3765643,0.37837756,0.32535657,0.4085842,0.4011717,0.39747033,0.3817237,0.3852697,0.41338196,0.40630913,0.40770894,0.38560236,0.43574223,0.40754282,0.4219518,0.41254827,0.43321124,0.36369628,0.38398293,0.36535734,0.32623377,0.35795555,0.42768237,0.3990536,0.4339653,0.40978128,0.3777576,0.35844862,0.40310645,0.39194265,0.44536185,0.31847957,0.35248786,0.39518225,0.44862205,0.36824095,0.46647194,0.34136012,0.36865333,0.38562554,0.47419629,0.4220759,0.4361975,0.44181904,0.37410656,0.4131896,0.3459036,0.36018854,0.40299374,0.3930059,0.35745096,0.37018862,0.38272214,0.39907172,0.3650785,0.37572902,0.37574455,0.35711223,0.40081066,0.36771396,0.41039816,0.43398172,0.4093855,0.36307272,0.4104827,0.438369,0.3935137,0.44356105,0.36536315,0.3722835,0.39115736,0.3404209,0.38925207,0.38747928,0.39298546,0.41393638,0.37605202,0.38806736,0.39356175,0.37474123,0.3188816,0.40456057,0.33128622,0.32114097,0.33176687,0.29792073,0.38995802,0.36518532,0.36631674,0.36029053,0.40079612,0.36212856,0.34729767,0.403597,0.38345757,0.33900043,0.4089007,0.3366102,0.38695455,0.36049575,0.427448,0.36931148,0.345683,0.3814003,0.39076775,0.38950995,0.39558202,0.3443175,0.37012482,0.3504199,0.36676615,0.36603472,0.3450492,0.3736498,0.3913825,0.37155634,0.41533917,0.33135128,0.3696314,0.31414634,0.33355018,0.30522794,0.35678464,0.39306015,0.3907186,0.36264437,0.30857334,0.3801559,0.43570375,0.45317715,0.50609905,0.41289774,0.41956532,0.4125349,0.37020418,0.41150337,0.40492642,0.34127918,0.36773625,0.40621027,0.46161458,0.40240812,0.44999245,0.45250362,0.4126611,0.44165528,0.43283165,0.40767714,0.35215682,0.3924008,0.38463417,0.3749954,0.3724484,0.38567838,0.42942366,0.37791303,0.35276487,0.44562665,0.42280874,0.39490137,0.39235428,0.41544354,0.38324264,0.40029263,0.42751452,0.40855575,0.33801326,0.39801025,0.4233618,0.38272828,0.40337053,0.37613434,0.43696848,0.40929303,0.43519744,0.44393742,0.3904491,0.4456478,0.43405932,0.37783128,0.33209777,0.3676519,0.3556121,0.40199614,0.3632237,0.39402205,0.37865022,0.39265332,0.4095103,0.3832411,0.3878112,0.3750484,0.43683514,0.41632536,0.44206297,0.42356828,0.45092684,0.37324232,0.3915884,0.3595216,0.31295338,0.3379242,0.42864573,0.4140315,0.40207183,0.40822464,0.3444881,0.36299092,0.4289928,0.38210922,0.43547514,0.30943573,0.3568988,0.38634002,0.41435194,0.34522712,0.49815682,0.3831635,0.37351075,0.4056277,0.40318558,0.36438444,0.4569985,0.45730644,0.40698868,0.44548315,0.42402437,0.34519964,0.43368447,0.37396654,0.33381847,0.4842039,0.42886093,0.46082062,0.44227964,0.39895347,0.42095703,0.40088806,0.40175864,0.40727013,0.41800556,0.4119937,0.4132074,0.45057204,0.44927767,0.4387403,0.4356252,0.38438305,0.3875663,0.409562
82,0.37694007,0.3837335,0.43533194,0.36549884,0.37866548,0.41766095,0.4000094,0.40124032,0.37786493,0.46602628,0.52615255,0.40653652,0.39441052,0.40007424,0.4354122,0.44303316,0.5247728,0.35609815,0.43688068,0.3969908,0.38545728,0.38536286,0.36518046,0.3858507,0.38949493,0.3901834,0.3552674,0.39127713,0.4456497,0.28925174,0.38742787,0.28538728,0.24830677,0.2881753,0.26752412,0.3916216,0.3454875,0.3634071,0.32422164,0.40704507,0.36952144,0.3187354,0.46223554,0.39322975,0.3670737,0.47239974,0.3555726,0.44382513,0.40288937,0.47487295,0.35647687,0.35469437,0.4039058,0.40319037,0.412817,0.42393273,0.3614827,0.36823496,0.33324927,0.39287335,0.342477,0.34231353,0.42794994,0.34021267,0.34744218,0.40253267,0.36317226,0.37283343,0.32886776,0.31819344,0.36000583,0.34611222,0.47432563,0.4291302,0.39987293,0.35646752,0.4159103,0.47582638,0.48457155,0.58187145,0.47586417,0.51799065,0.5429466,0.4169112,0.4465423,0.43412456,0.34399223,0.3225664,0.46393678,0.3743922,0.46065232,0.48930946,0.45277032,0.3550097,0.47488028,0.45726296,0.49523386,0.3745343,0.44052008,0.37303862,0.40865794,0.3831477,0.37985808,0.3936842,0.3877163,0.34813052,0.448765,0.421666,0.37555403,0.37597367,0.4196562,0.35646665,0.4042402,0.40204492,0.42259565,0.39301684,0.44160005,0.4102369,0.38456815,0.3954456,0.3833192,0.41769212,0.44242993,0.37742606,0.42524177,0.40935895,0.47749406,0.39091334,0.40256485,0.3980723,0.37231088,0.3116565,0.44188067,0.40990674,0.4010666,0.40165815,0.43764308,0.46447274,0.4259249,0.44872487,0.3939013,0.48396483,0.47148573,0.47181174,0.4250296,0.51679814,0.39030156,0.432152,0.38593963,0.3250829,0.3395092,0.47767514,0.42559695,0.49462858,0.43495345,0.3762585,0.37525696,0.46380946,0.41167283,0.48802987,0.27690962,0.35150135,0.43415436,0.42093354,0.34746763,0.4747947,0.34935352,0.36156088,0.42542523,0.46516216,0.48345637,0.45563874,0.42913362,0.37354404,0.40585268,0.33162722,0.37903866,0.3968988,0.3885101,0.33012274,0.38260734,0.37970746,0.42658946,0.37930742,0.38907012,0.39756888,0.38016495,0.39701536,0.36671233,0.44999322,0.4924907,0.40977967,0.38591528,0.3898722,0.45359793,0.434775,0.5152032,0.3531508,0.41120937,0.41108775,0.3297921,0.4075373,0.36480278,0.39973527,0.42366794,0.37280336,0.4102301,0.3946969,0.42314896,0.2921081,0.40826738,0.29906532,0.2577064,0.30153644,0.24666856,0.39282337,0.37237275,0.38220838,0.3534172,0.40035027,0.36668292,0.3414526,0.41396728,0.40818578,0.36869586,0.4876254,0.3317132,0.42544547,0.39653566,0.5045612,0.3692516,0.34297934,0.3860683,0.3852406,0.3943952,0.3951899,0.36581722,0.39222747,0.34596798,0.37488317,0.32514355,0.33775246,0.41644913,0.36629388,0.32813925,0.45338696,0.33204705,0.39586928,0.29447225,0.33615333,0.296012,0.3336442,0.44153026,0.4135779,0.36137238,0.31265387,0.4131501,0.4855836,0.5250592,0.57460815,0.46789476,0.47025973,0.47370496,0.39764148,0.46270394,0.4230077,0.33946228,0.33674425,0.40441787,0.46035412,0.42352718,0.4694623,0.45095795,0.40418327,0.50288427,0.48893654,0.45594984,0.3730969,0.397634,0.37695557,0.37227032,0.38421708,0.37935415,0.43530592,0.38962755,0.3482933,0.4410296,0.45266995,0.4045475,0.39451066,0.45744598,0.3656392,0.41145766,0.4385029,0.41954845,0.34603783,0.44493657,0.42697984,0.37478644,0.39833695,0.39414793,0.4427335,0.42088136,0.42112437,0.4359483,0.39972073,0.4882819,0.42419308,0.37910438,0.34356925,0.36080632,0.34070504,0.4451217,0.36955148,0.394471,0.38880605,0.45215794,0.46243694,0.39531136,0.44166166,0.38596696,0.48459047,0.47686192,0.5119073,0.47234303,0.53514063,0.3958855,0.4439897,0.40932244,0.30810234,0.34021556,0.4713363,0.44438842,0.44651103,0.42509022,0.32862726,0.3725741,0.48962054,0.3848637,0.4726496,0.26322308,0.37835243,0.40816262,0.38984615,0.32429105,0.49626255,0.39423397,0.3682224,0.44639707,0.42102212,0.4065861,0.4572084,0.45442927,0.3996295,0.43361697,0.4075805,0.36856985,0.42448413,0.37874243,0.30645218,0.48080942,0.41563675,0.4554206,0.43818352,0.39907858,0.41959766,0.39767253,0.39465785,0.40625426,0.41579193,0.41061106,0.4084884,0.44494006,0.4491975,0.43539396,0.43212795,0.38250253,0.38257316,0.41004607
83,0.4019712,0.40234405,0.4706652,0.38990107,0.40070528,0.45052528,0.44344884,0.41415423,0.3966454,0.5132457,0.5842871,0.43037465,0.43528157,0.3861015,0.4304061,0.49341393,0.5833971,0.36868185,0.4905277,0.42610967,0.40160555,0.40905276,0.37496623,0.39716953,0.41137663,0.41047674,0.36832485,0.4158902,0.48322588,0.26986915,0.3806661,0.2823095,0.21712238,0.258242,0.2355892,0.40038085,0.36784,0.3917199,0.33376685,0.4193166,0.38426444,0.3332692,0.48985463,0.4202675,0.41139266,0.5430815,0.36851135,0.48707283,0.44673902,0.53799194,0.37354544,0.3644651,0.42009592,0.40671468,0.42222187,0.4335075,0.3846396,0.39691508,0.35276535,0.41072166,0.3242763,0.3405543,0.46942297,0.31962857,0.30276167,0.3989937,0.385869,0.37785494,0.33211982,0.3330558,0.34830064,0.34738442,0.5152095,0.4611505,0.42550638,0.37439114,0.44374064,0.5268207,0.5404692,0.63606226,0.51128674,0.57109344,0.5907371,0.44276303,0.48066744,0.4484347,0.3460387,0.30492213,0.48692176,0.3764447,0.47080535,0.5037464,0.45541388,0.36236435,0.5341446,0.5029907,0.5223372,0.3783154,0.4520948,0.38418078,0.41383532,0.40435535,0.39289564,0.40935838,0.40531138,0.3633095,0.45313802,0.4480316,0.39046904,0.39450377,0.45268705,0.34785604,0.41858855,0.42084086,0.43690383,0.427304,0.4941031,0.4149915,0.38114244,0.4013801,0.40937254,0.43120143,0.4528104,0.38902447,0.4339404,0.42868584,0.51583666,0.4001506,0.41922653,0.42626205,0.37392575,0.31451124,0.47969857,0.4252158,0.41116628,0.4298135,0.49454856,0.50948155,0.45012662,0.49051908,0.4098833,0.52602017,0.53063285,0.5216754,0.44660544,0.5837994,0.418653,0.48543712,0.42175436,0.33971828,0.33929092,0.5246588,0.45999366,0.5483213,0.4587191,0.38996357,0.40111926,0.5218536,0.441213,0.5264915,0.2591481,0.36750573,0.47339773,0.3983256,0.33832166,0.48244405,0.37392277,0.3668287,0.46907997,0.4596176,0.546125,0.4722272,0.42150167,0.38769725,0.40768182,0.32967734,0.41117692,0.40131497,0.3941261,0.32322004,0.4052052,0.38972318,0.4620298,0.40585425,0.4108482,0.42518935,0.41199043,0.40533477,0.38252857,0.488543,0.54270905,0.4173902,0.42177805,0.3755603,0.46237344,0.4788997,0.57071584,0.35616535,0.45421457,0.4377837,0.33764654,0.42820325,0.3606304,0.4169384,0.43876678,0.38110834,0.4392441,0.4043183,0.47369394,0.28497186,0.41526777,0.28760085,0.22279505,0.29198796,0.223206,0.41117904,0.39592192,0.40895945,0.3676667,0.41062343,0.3869881,0.35611004,0.42840794,0.43981725,0.41204935,0.5544548,0.344149,0.46652922,0.441813,0.56467575,0.38406923,0.3564939,0.40267307,0.38956693,0.41006947,0.39731282,0.40064362,0.42241713,0.3601148,0.39507332,0.30230683,0.34797853,0.46298212,0.34978333,0.29854614,0.4863345,0.3479705,0.4298106,0.29456142,0.3531562,0.30809295,0.32333705,0.49267998,0.44085017,0.36968318,0.334218,0.45222864,0.52500594,0.5774526,0.61548835,0.51800704,0.5155092,0.53111166,0.43178585,0.5130513,0.44597292,0.3518953,0.31870472,0.40774933,0.45519212,0.45146203,0.48282197,0.44871148,0.40361962,0.5484564,0.53553694,0.5048675,0.40791076,0.41120625,0.37896553,0.38245714,0.40961263,0.38907456,0.44650778,0.41057408,0.3585397,0.43957743,0.479246,0.41836172,0.40446565,0.49771217,0.35983086,0.42668474,0.448993,0.42716587,0.36643845,0.4866891,0.4325998,0.37758964,0.3993706,0.42154178,0.44814157,0.43558124,0.41504768,0.43088725,0.41465583,0.52313316,0.41485468,0.3907132,0.3683435,0.36417267,0.33745623,0.48682794,0.38636065,0.40132418,0.4055814,0.506628,0.5089415,0.41601095,0.49448156,0.40652034,0.52539253,0.52905333,0.56698304,0.5133931,0.596451,0.42048937,0.49497145,0.4659116,0.31996685,0.35479876,0.5142674,0.47903028,0.49162146,0.44192594,0.3335203,0.391079,0.5440831,0.40197402,0.5079293,0.24139462,0.40833727,0.4346374,0.37337992,0.31794295,0.48882088,0.41489825,0.37495106,0.48501667,0.44316012,0.45445004,0.45621234,0.45395264,0.4037614,0.4271675,0.39324847,0.40337464,0.4216344,0.3950063,0.30105698,0.47251543,0.40976518,0.44822538,0.4342156,0.40922067,0.42532042,0.40271065,0.39737105,0.4133655,0.4191975,0.41377753,0.4089856,0.44141963,0.45162278,0.43521598,0.4326369,0.3923053,0.38942605,0.41771242
84,0.4304966,0.42885843,0.5037307,0.4202304,0.4265679,0.47693968,0.47966567,0.4353464,0.42618185,0.54520947,0.61446035,0.45785436,0.478166,0.3784044,0.42334256,0.534232,0.615298,0.39193252,0.5330353,0.45696223,0.42333823,0.43270636,0.3973683,0.41801372,0.43680528,0.43629748,0.39002421,0.4409245,0.5129541,0.27239993,0.38402703,0.301006,0.21594,0.25634533,0.23029463,0.42263925,0.40214828,0.42611167,0.36514616,0.43859094,0.40893164,0.36533716,0.5058409,0.4499058,0.4566052,0.589502,0.39214328,0.5189623,0.48654273,0.57982904,0.40217137,0.38531265,0.4426635,0.41602805,0.4374995,0.4410809,0.41622934,0.43275946,0.38349718,0.42860845,0.3228128,0.3541777,0.51048493,0.31631944,0.2816831,0.4088818,0.42114514,0.39837766,0.35004544,0.36630964,0.35607916,0.3689538,0.5510461,0.4933332,0.45590678,0.40199056,0.47626522,0.5623155,0.5838498,0.66453123,0.53843385,0.6076203,0.61766213,0.4673919,0.5119516,0.46118507,0.36687136,0.30664614,0.5028662,0.38981727,0.4803223,0.5120933,0.45867154,0.3784637,0.5708942,0.5366025,0.5446977,0.3967705,0.46240696,0.40263164,0.42445213,0.43215424,0.41439778,0.43231672,0.427565,0.3888353,0.45731956,0.46852916,0.41017175,0.41718698,0.48006293,0.3506783,0.43367687,0.43939534,0.44543928,0.45922235,0.5331606,0.42502853,0.38635686,0.41238254,0.439174,0.44660792,0.46179786,0.40988877,0.44619557,0.44730768,0.54110014,0.41312414,0.44094777,0.45750087,0.3835972,0.33366197,0.5164435,0.44499424,0.4264598,0.4602632,0.5437811,0.5398508,0.47523096,0.5233722,0.4285532,0.5520697,0.57046616,0.5603674,0.47274038,0.6216455,0.441824,0.53074104,0.46439895,0.36935112,0.3571332,0.5594126,0.49326426,0.5830616,0.4774276,0.41550207,0.4314902,0.5625433,0.47322065,0.5523474,0.26167616,0.39517084,0.50414145,0.38537043,0.34452534,0.48787928,0.40802854,0.38201612,0.5037869,0.456244,0.59705967,0.48518765,0.42201066,0.41262782,0.41772225,0.34033382,0.4498549,0.41153786,0.40463328,0.3313932,0.43145975,0.41198596,0.4971995,0.4372626,0.43496996,0.4515135,0.44388947,0.42493397,0.41202718,0.5158372,0.5728463,0.43143246,0.461913,0.36635044,0.45882452,0.5176997,0.60121244,0.37249094,0.4920039,0.46450108,0.36046028,0.44604102,0.37551725,0.4418454,0.45481282,0.39721826,0.46530047,0.4179836,0.5125763,0.29464528,0.4224994,0.29451084,0.21370545,0.30123052,0.22483374,0.4415911,0.42955709,0.43773517,0.39963573,0.42971563,0.41648448,0.38649625,0.44258144,0.4695649,0.45714822,0.595058,0.37080124,0.5017579,0.48538056,0.59592104,0.41029775,0.38215452,0.42836,0.40302914,0.4325376,0.40224501,0.44004095,0.45308897,0.38742077,0.42042214,0.29701117,0.36887327,0.4996418,0.33993137,0.28606007,0.50913036,0.37522212,0.46101466,0.31229162,0.38179892,0.33695647,0.32783306,0.5338396,0.46445072,0.38707152,0.36949226,0.48791462,0.5452587,0.5994916,0.6251757,0.5521601,0.5460895,0.569813,0.46261147,0.5490235,0.46655518,0.3750742,0.3171499,0.4117257,0.44698474,0.4772384,0.4875973,0.44648084,0.40850922,0.56954974,0.56374365,0.5406702,0.44560876,0.42960593,0.39000607,0.40207902,0.44233832,0.41232675,0.46183372,0.43515345,0.37916046,0.44316283,0.49517617,0.4296395,0.41848403,0.52378505,0.36238348,0.4415549,0.4551185,0.431532,0.39374787,0.5150789,0.4391468,0.38926423,0.4059959,0.45082223,0.4530462,0.45167235,0.42017007,0.43253455,0.43113583,0.5433538,0.40956736,0.40999207,0.40059155,0.3771684,0.34727252,0.5181063,0.40888193,0.41379404,0.42585814,0.54438275,0.5401912,0.44098416,0.53437495,0.43083295,0.5504816,0.56097186,0.59468484,0.53636295,0.6241496,0.44158137,0.53167194,0.5125988,0.34536657,0.3766451,0.5494583,0.5101129,0.5273352,0.45512593,0.35672337,0.41677836,0.5803336,0.4282817,0.53374773,0.24053758,0.43630067,0.45990306,0.36701977,0.32623786,0.47817582,0.43820646,0.39097202,0.51116955,0.46079364,0.4974739,0.45478454,0.458501,0.4202317,0.42922014,0.38322824,0.43957525,0.42490426,0.4148709,0.3125469,0.45957956,0.41054416,0.4428729,0.4324286,0.42550042,0.4354029,0.4135391,0.408106,0.42580327,0.42630187,0.42090872,0.41439033,0.44023088,0.4552619,0.4372133,0.43569145,0.40929332,0.40431017,0.42950878
85,0.45423162,0.45677605,0.52753377,0.44755435,0.4490376,0.49064422,0.49925628,0.46010536,0.45923114,0.5539856,0.6113731,0.48234186,0.5121475,0.37379465,0.41109037,0.55638796,0.6162974,0.41970122,0.5539352,0.48065007,0.44497764,0.44940096,0.42659697,0.44212094,0.45903403,0.462,0.41060653,0.45777372,0.5262749,0.29130468,0.39407742,0.33342707,0.23970619,0.27691987,0.24536979,0.4528946,0.43796882,0.4556413,0.4098605,0.46004158,0.4367357,0.4062169,0.50705874,0.47433025,0.4893284,0.60237074,0.42028797,0.5309036,0.51023626,0.59091294,0.43445092,0.41143322,0.4666699,0.4297337,0.4551352,0.44448188,0.44757727,0.46596998,0.415256,0.44045314,0.33368877,0.377061,0.54189986,0.32582664,0.2831924,0.42901012,0.4614104,0.42860088,0.3773314,0.4104202,0.37862083,0.40549856,0.5746842,0.51914304,0.48458213,0.4324978,0.5075074,0.5761151,0.60751903,0.6667658,0.5522759,0.6235941,0.6208588,0.4846424,0.5334986,0.4681298,0.3996815,0.324396,0.5062605,0.4089128,0.48686162,0.5135832,0.4619255,0.39708847,0.576384,0.5514296,0.5582424,0.42399317,0.46904022,0.4233333,0.43857738,0.45899534,0.4377775,0.45642737,0.44776505,0.41655466,0.4598336,0.47706208,0.42787102,0.43675163,0.49271876,0.3601654,0.44471532,0.4510008,0.44633853,0.48054424,0.5489708,0.43718153,0.3967,0.42440408,0.46465304,0.4605974,0.4669252,0.43388277,0.45885187,0.46039727,0.549937,0.42470875,0.46203154,0.48429236,0.3978198,0.36382848,0.54442155,0.46545038,0.44259167,0.48480022,0.5740663,0.5496781,0.49446705,0.53932774,0.4435111,0.55720145,0.58243924,0.5777498,0.49434653,0.6240946,0.45297375,0.5574154,0.50167185,0.40571392,0.38645786,0.5765767,0.51781625,0.59384805,0.4877193,0.44626987,0.4586747,0.57703394,0.49978665,0.5622877,0.27723214,0.4248729,0.5196491,0.38349706,0.36402956,0.4896371,0.44136593,0.4022823,0.52036804,0.45188212,0.6274702,0.4926587,0.4297951,0.44121504,0.43190458,0.35852182,0.4860628,0.42227018,0.4142698,0.34756386,0.4535323,0.44197372,0.5241862,0.46474987,0.45516425,0.46963483,0.46723416,0.45181414,0.4483733,0.5241147,0.5760317,0.44896618,0.49596652,0.35895458,0.43974513,0.5428313,0.60166174,0.39750662,0.5136201,0.48405448,0.39213064,0.45607543,0.40680748,0.46828613,0.4672963,0.41669565,0.4802773,0.43086827,0.5292478,0.314377,0.42570537,0.3130584,0.22401698,0.32302082,0.24495173,0.47677273,0.46390834,0.45874333,0.44140884,0.45362768,0.446777,0.4243134,0.4518776,0.48994917,0.49093395,0.6030467,0.40460345,0.5213235,0.5144131,0.5926071,0.44149324,0.4130695,0.4573189,0.42332003,0.45650464,0.40790704,0.47310427,0.47544873,0.4189463,0.44236848,0.3051823,0.39176315,0.5171252,0.33428672,0.28892928,0.51810706,0.40586388,0.4806144,0.34160778,0.4144839,0.37237325,0.34463462,0.55544764,0.4784273,0.40906358,0.4095728,0.51225245,0.54264414,0.5890113,0.60493773,0.56304854,0.55615044,0.5814554,0.4810817,0.5627546,0.4780398,0.4020262,0.32979742,0.4124899,0.43726477,0.49371025,0.48245904,0.44510013,0.4153917,0.5618209,0.56900537,0.5548281,0.4756256,0.44720215,0.40677065,0.42655644,0.47380942,0.44202235,0.4778883,0.45614803,0.4032134,0.45010903,0.4962319,0.43273315,0.43153447,0.52834725,0.36886376,0.4514315,0.45378962,0.43108168,0.41915962,0.52313006,0.44517675,0.4048982,0.41533265,0.47410798,0.4568469,0.4646605,0.43458238,0.44007,0.44400647,0.5459119,0.40821952,0.4308477,0.43051782,0.39519057,0.36714345,0.5321092,0.43049878,0.42843127,0.4445919,0.5575,0.54989326,0.46274346,0.5524645,0.45169088,0.55546516,0.5666609,0.5896067,0.53526205,0.61444545,0.45241967,0.54528075,0.5366353,0.3760767,0.39748374,0.570746,0.53135645,0.54580945,0.46129358,0.39264244,0.44337824,0.5920856,0.45661837,0.5455395,0.25371045,0.45210448,0.477756,0.36920226,0.34578443,0.46642193,0.45687795,0.41126052,0.5187299,0.46689463,0.5266458,0.45340165,0.4672759,0.44419253,0.4383975,0.37716606,0.4669781,0.43166474,0.43030232,0.33315474,0.4450612,0.41609928,0.44136083,0.4334792,0.44301254,0.44710675,0.42634442,0.4227619,0.43957692,0.43438002,0.4294499,0.42225605,0.44140217,0.4587197,0.44091505,0.4403436,0.4276514,0.42192298,0.4414273
86,0.4671027,0.47903588,0.5383226,0.4649155,0.4630909,0.49007684,0.49946335,0.4827017,0.48789942,0.5387665,0.57668227,0.49789533,0.5308395,0.36854184,0.39112794,0.55550915,0.58663005,0.44516608,0.54933965,0.49181297,0.4615009,0.4557619,0.4564697,0.46212482,0.47270894,0.48203924,0.42240587,0.4612362,0.51847357,0.31726864,0.40431026,0.36823156,0.27970344,0.31104243,0.27175602,0.4831604,0.46583927,0.47212195,0.45601675,0.47837806,0.46109352,0.44464543,0.49526778,0.48784375,0.5011031,0.58029145,0.44473964,0.5195602,0.51032645,0.56845367,0.46161422,0.43550706,0.48640913,0.4439651,0.4711247,0.44186214,0.47003967,0.48748904,0.43908647,0.44355914,0.35105923,0.40123546,0.5578061,0.3416196,0.301861,0.45256022,0.49636546,0.45989352,0.40550834,0.45336494,0.40724957,0.44593224,0.5826098,0.53370583,0.5041249,0.45741546,0.53162813,0.56741244,0.609389,0.6447691,0.5489513,0.6181821,0.6015176,0.4911821,0.54262614,0.467179,0.4326895,0.35061246,0.49609187,0.42710766,0.48877534,0.5084587,0.46422535,0.412253,0.549615,0.5449626,0.5605538,0.45274773,0.4713027,0.44166544,0.45330918,0.4785542,0.45623943,0.47538486,0.46073943,0.43836212,0.45961168,0.4719081,0.43810844,0.44750968,0.48774976,0.37182927,0.44979614,0.45184183,0.43893802,0.48513147,0.5374603,0.44772196,0.40774703,0.4328406,0.47971272,0.47006327,0.46497646,0.4544288,0.4674091,0.4644211,0.54231197,0.42827898,0.4754622,0.49881625,0.4110342,0.39607415,0.5577537,0.48237747,0.45428807,0.49729165,0.5798898,0.538381,0.5017047,0.5352088,0.4495626,0.54164904,0.56525195,0.5696618,0.5031257,0.59102213,0.44839925,0.5613804,0.5238612,0.4359983,0.4163256,0.57549936,0.5299182,0.5827215,0.4867851,0.47550005,0.47535738,0.5651332,0.51601523,0.5578353,0.29635018,0.44658318,0.5182317,0.3909699,0.38992614,0.4872283,0.464669,0.42204565,0.51669663,0.44381586,0.6356622,0.49283376,0.44119266,0.46573544,0.44528225,0.37540942,0.512547,0.4299305,0.41901347,0.3654449,0.46560693,0.4724118,0.5380891,0.4819424,0.46740687,0.47613,0.47771278,0.4795758,0.483148,0.5119385,0.5529277,0.46536836,0.51683515,0.34974355,0.4064485,0.54978806,0.5727402,0.4252389,0.5131821,0.49291286,0.4258329,0.45667678,0.44814166,0.4894562,0.4732836,0.43478042,0.4801492,0.4386886,0.51997125,0.33482602,0.42045796,0.3347164,0.24542567,0.34863752,0.2739313,0.508069,0.4902678,0.46585634,0.48248956,0.476937,0.4706768,0.45952517,0.45360094,0.49725237,0.5050222,0.5786794,0.43571794,0.51966345,0.52122086,0.5557889,0.470136,0.44091448,0.48281103,0.4456491,0.4766428,0.41066638,0.49189216,0.48410287,0.44616023,0.45489478,0.32109877,0.40977535,0.5138463,0.33035523,0.3019392,0.51257944,0.4306891,0.4848585,0.37350306,0.44178388,0.40228042,0.36751753,0.55513346,0.4807235,0.42835826,0.44403115,0.52217007,0.51941544,0.55126184,0.5606315,0.5501239,0.5453705,0.56627595,0.48274812,0.55427337,0.47714835,0.42467856,0.3501272,0.40827692,0.42771813,0.49856955,0.46786177,0.4448524,0.42133847,0.52735996,0.55146784,0.54668665,0.49196076,0.45902392,0.4241845,0.45068282,0.49701995,0.4697883,0.49074048,0.46804178,0.42352512,0.4567154,0.48263648,0.4258894,0.43932146,0.5120021,0.3757561,0.45354986,0.44469297,0.42356277,0.43396434,0.5082511,0.44899505,0.41855362,0.42342064,0.48579967,0.4586135,0.46959224,0.4526003,0.44906068,0.4488764,0.5321471,0.4074964,0.4462014,0.4488014,0.41166016,0.3905108,0.5274819,0.44573453,0.44065398,0.45716223,0.54449093,0.53736,0.47444254,0.545842,0.46347263,0.54045534,0.5465577,0.5539863,0.51077414,0.5697024,0.4483283,0.53380877,0.5348542,0.40148234,0.40922323,0.57541955,0.5399719,0.5449282,0.45824274,0.433418,0.4629767,0.58013517,0.48065168,0.54302555,0.27172083,0.45027408,0.4848551,0.37588334,0.37016398,0.45503706,0.4664713,0.43017894,0.5075477,0.4591551,0.53839415,0.4518262,0.47710028,0.467648,0.4502795,0.37227526,0.4801863,0.43878183,0.43685633,0.35479912,0.43299502,0.4240909,0.44343513,0.43630666,0.4575786,0.4583436,0.43727857,0.43658045,0.45107904,0.4409309,0.43607122,0.4292155,0.4446365,0.46116185,0.44597325,0.44601524,0.442337,0.43737054,0.45022738
87,0.46672857,0.49026656,0.53536284,0.4688325,0.4665229,0.47738412,0.48276886,0.49794853,0.5061363,0.50494474,0.5188999,0.50151795,0.5325485,0.3602365,0.36429477,0.532253,0.53130597,0.46261832,0.5216145,0.48960066,0.4700608,0.452248,0.48102856,0.47231206,0.47517046,0.49230215,0.42185047,0.45037174,0.48985156,0.33865854,0.40775713,0.3940311,0.32177597,0.3469968,0.29823563,0.5057981,0.47967082,0.47211376,0.4916481,0.48931518,0.47685835,0.47005558,0.4754472,0.4879146,0.48959905,0.5274409,0.45782447,0.4874707,0.4855426,0.5160846,0.4770187,0.450728,0.4973768,0.45393038,0.4818414,0.43305188,0.47796953,0.49216235,0.44950634,0.43843222,0.36849776,0.41926998,0.5571298,0.35640237,0.32922128,0.47206032,0.5172813,0.48304695,0.42544216,0.48321003,0.43222398,0.47780764,0.5758564,0.5353144,0.5098587,0.46997082,0.54469854,0.5399848,0.5925915,0.60399985,0.52903783,0.59437835,0.56512946,0.48668513,0.5401682,0.45890966,0.45428324,0.37555066,0.47571048,0.43899867,0.4859897,0.4985904,0.464856,0.41960663,0.49710917,0.5187649,0.551772,0.47547814,0.47016743,0.45415393,0.465157,0.48705083,0.46455678,0.48439685,0.46381703,0.44872195,0.4560833,0.4553846,0.43821424,0.4468753,0.46838716,0.38179308,0.449338,0.44220725,0.42426002,0.47080117,0.5006724,0.45334044,0.41543424,0.43424872,0.4810088,0.47286597,0.45426568,0.46602264,0.4682857,0.45757475,0.52048093,0.41968298,0.47674975,0.49682593,0.41809735,0.42017224,0.55434036,0.49219978,0.45764005,0.4954683,0.5613298,0.5098357,0.4950581,0.5129181,0.44414467,0.50960034,0.5232156,0.53878456,0.49592477,0.52840364,0.42903024,0.54441965,0.52720886,0.44889507,0.43556133,0.5586726,0.5289932,0.5555838,0.4728538,0.49767518,0.47670737,0.5322823,0.5202703,0.54275906,0.30954412,0.4534608,0.50221926,0.40381977,0.41308525,0.48151463,0.47243497,0.4363208,0.49654716,0.4320579,0.6252878,0.48546162,0.4514251,0.47975773,0.4536714,0.381941,0.5253615,0.43279234,0.41726246,0.3800963,0.46533525,0.4956218,0.5373281,0.4859708,0.47026682,0.47101218,0.47501183,0.5013657,0.50887537,0.4839402,0.5106719,0.47639298,0.5217179,0.33713174,0.3654868,0.5380067,0.5205224,0.4494364,0.49119404,0.49089092,0.4545904,0.44936338,0.4899201,0.50008786,0.47207913,0.4472411,0.46492478,0.4385521,0.48731062,0.34655562,0.40440232,0.3517446,0.26765883,0.36955208,0.30021262,0.5282984,0.50290895,0.45791095,0.5130968,0.49417368,0.48336974,0.48317477,0.44772956,0.49118146,0.4967285,0.5267199,0.45450687,0.49690464,0.5043764,0.4929811,0.48981586,0.45819348,0.4992579,0.46397495,0.48865026,0.40732875,0.49314803,0.4778985,0.4632278,0.45578593,0.33835816,0.41934657,0.49454308,0.32603887,0.31786433,0.4956462,0.4426337,0.4748017,0.3981153,0.45638022,0.4177042,0.3883315,0.53736955,0.4730634,0.43817082,0.4648412,0.51940817,0.48266092,0.49836606,0.5042053,0.51947623,0.5187029,0.53148353,0.46808258,0.529828,0.46494508,0.4364771,0.3696738,0.4001092,0.41996914,0.49373612,0.44677386,0.44537762,0.42437926,0.47534445,0.51506704,0.52174294,0.4931219,0.46258914,0.43732098,0.46930075,0.5079944,0.48875707,0.49713722,0.4684454,0.43477437,0.4594689,0.45838165,0.411261,0.43945906,0.4819251,0.38072094,0.44756526,0.43033323,0.40812945,0.4325401,0.4725578,0.44889516,0.42536673,0.42680752,0.48335022,0.45742044,0.46383822,0.46741295,0.45457357,0.44319397,0.506295,0.4038256,0.4512443,0.45069426,0.42058608,0.40916142,0.5081554,0.451472,0.44634435,0.46065366,0.50943404,0.50663805,0.47298145,0.51682925,0.46331823,0.5091539,0.50578797,0.4975953,0.47043982,0.4996036,0.42916098,0.50106776,0.51225907,0.4127901,0.40735716,0.5637446,0.5359627,0.5271313,0.44516575,0.47002697,0.4691048,0.54960483,0.49593794,0.5288902,0.28527313,0.4312251,0.48091576,0.38215327,0.3911844,0.44563225,0.46574202,0.44302064,0.4827359,0.4403244,0.5348942,0.44954246,0.48441204,0.48298332,0.45968276,0.36548904,0.47889486,0.44390416,0.4340719,0.37049186,0.42615107,0.43180248,0.44749394,0.43890938,0.46619186,0.4672784,0.4434164,0.4455077,0.45770502,0.4441406,0.4378825,0.43227413,0.4492566,0.46235314,0.45147395,0.451814,0.44993472,0.4471002,0.45397764
88,0.45427266,0.48793972,0.5204598,0.45912144,0.45928052,0.45630753,0.45414189,0.50241244,0.51073414,0.46133387,0.45224804,0.49400896,0.5189465,0.34824586,0.3347042,0.49241272,0.4621282,0.4681002,0.47773826,0.4759757,0.46969554,0.44104606,0.49512315,0.4700452,0.467092,0.49155095,0.4087064,0.42763013,0.44601732,0.3450531,0.39992082,0.40389556,0.34969452,0.3732462,0.3141532,0.5158007,0.47663078,0.45613167,0.50818706,0.4904718,0.48074841,0.4759704,0.4531847,0.47525638,0.45709947,0.45458746,0.4560041,0.44192043,0.4406832,0.4452504,0.47781435,0.45340142,0.49734426,0.45738903,0.48502645,0.41982487,0.46996066,0.4797381,0.44461602,0.42682427,0.3806222,0.42704532,0.5434481,0.36437252,0.35480148,0.4820244,0.5204707,0.49190676,0.4308137,0.49322423,0.44653803,0.49347425,0.55994415,0.52638054,0.5018609,0.46747687,0.54584014,0.5019304,0.565017,0.5551412,0.4980889,0.55957294,0.52205414,0.47348988,0.52991873,0.4462315,0.45799714,0.39005816,0.45068988,0.44159046,0.48061466,0.4875254,0.4638229,0.41727078,0.43138707,0.4789397,0.5352507,0.4867214,0.4666347,0.45816845,0.4714737,0.48286334,0.45994216,0.48111767,0.45629284,0.44562107,0.44952908,0.4325182,0.42880046,0.4351715,0.44192132,0.38703388,0.44427294,0.42514968,0.40521723,0.44093794,0.44727018,0.45197767,0.4171896,0.427423,0.46829084,0.46868142,0.43681103,0.4651911,0.460885,0.4399357,0.4886273,0.39956865,0.4664069,0.47989154,0.4163023,0.42867765,0.5363776,0.49341282,0.45124972,0.48054072,0.52341944,0.47065076,0.47752348,0.47856244,0.42688832,0.46802726,0.46521062,0.49416167,0.47521654,0.4498653,0.39982587,0.51294196,0.5144191,0.43970594,0.43739605,0.53101474,0.51660556,0.52041125,0.44645247,0.50888205,0.46196184,0.48675114,0.51294255,0.5214157,0.30968323,0.44368657,0.47617504,0.4172461,0.42599502,0.47433695,0.46342102,0.44130328,0.46735385,0.41960526,0.6036845,0.47297612,0.45662916,0.47931743,0.4548308,0.3728906,0.5248381,0.4303218,0.40961248,0.38827652,0.45365486,0.50632006,0.52320397,0.4769511,0.46403676,0.45599446,0.4605778,0.51231104,0.5208492,0.44774634,0.46060762,0.48044676,0.5113304,0.32195002,0.32572418,0.5108608,0.4562979,0.46422628,0.45267567,0.47891402,0.47159588,0.43650535,0.5221265,0.4975459,0.46496508,0.45208675,0.43738642,0.42904434,0.4386602,0.34256682,0.37835383,0.35982263,0.2801052,0.37978327,0.31384513,0.533568,0.4992967,0.43747082,0.5270218,0.50171775,0.4823743,0.48998776,0.43588743,0.4743011,0.46744588,0.45763785,0.45599365,0.45784026,0.46743974,0.41821232,0.497069,0.46093258,0.5035125,0.47464344,0.49022198,0.39690813,0.47787663,0.45883134,0.46687394,0.44535118,0.35139364,0.42074794,0.46794477,0.32037395,0.32921597,0.4730438,0.43923125,0.45534125,0.40843436,0.45573774,0.41595778,0.4000015,0.511888,0.46029153,0.43586993,0.4687299,0.5089966,0.44220585,0.44553804,0.4506415,0.48162007,0.48483077,0.48943338,0.4415969,0.50050974,0.4463639,0.4351632,0.3808103,0.3902816,0.415179,0.4841213,0.42395502,0.44636187,0.42397577,0.41881332,0.4676297,0.48967382,0.48234308,0.45749146,0.4427691,0.47912332,0.5053358,0.49485424,0.49518523,0.45733535,0.43430364,0.45713478,0.4295919,0.39308792,0.4318387,0.44886702,0.3829927,0.43462467,0.4141774,0.38700354,0.4145091,0.42335132,0.44383267,0.42317644,0.4239,0.46730298,0.45305222,0.44887048,0.4738202,0.4544217,0.42673752,0.47357884,0.39585072,0.44550303,0.4377381,0.41874224,0.41613206,0.48133147,0.44710013,0.44289452,0.45362437,0.46147442,0.46484017,0.45969993,0.47266257,0.45045707,0.46778548,0.45223123,0.4363923,0.42571265,0.42074826,0.39933604,0.45542085,0.47944865,0.40650216,0.3922691,0.5389697,0.5213691,0.4976272,0.42248696,0.49414188,0.45964813,0.50761217,0.49926972,0.5070939,0.28788853,0.3999807,0.4672785,0.38375857,0.40154356,0.44017687,0.455426,0.44651935,0.45274824,0.41678938,0.52263314,0.44672105,0.48692322,0.4857533,0.4628862,0.355121,0.4668238,0.44572192,0.42414233,0.3757701,0.4249445,0.43676707,0.4520014,0.4396166,0.4672378,0.4723361,0.44342062,0.44721478,0.45815983,0.44314018,0.43342987,0.42987773,0.45426598,0.462297,0.4557866,0.45621413,0.4488098,0.4492573,0.4519504
89,0.4340131,0.47211695,0.49778587,0.43864873,0.44320276,0.43126473,0.4200753,0.4952423,0.501549,0.4176874,0.3928395,0.47997174,0.49477363,0.33348653,0.30789497,0.44717577,0.39680818,0.45958206,0.428754,0.4540498,0.46032947,0.42477182,0.49459732,0.45634913,0.45297292,0.48268235,0.38532752,0.39814553,0.396828,0.33145884,0.38007733,0.39804056,0.3526837,0.3826752,0.31381392,0.5116491,0.45736268,0.4281371,0.50239944,0.4819478,0.4719962,0.46174997,0.43348324,0.4536318,0.4103894,0.3793413,0.44135037,0.3936596,0.3868063,0.3744616,0.4650748,0.4440933,0.48679838,0.45583105,0.48049,0.4051535,0.4491734,0.45498502,0.42635146,0.4110874,0.38490114,0.4253828,0.52472323,0.3627773,0.3687352,0.48040912,0.5086695,0.4853852,0.42107657,0.484287,0.44814646,0.49284127,0.5441936,0.5139511,0.48589128,0.4529065,0.53792363,0.46472624,0.5387646,0.51287454,0.46604705,0.52505964,0.48553523,0.45607677,0.51806945,0.43366924,0.44462734,0.38861912,0.42708966,0.43484533,0.47625723,0.479778,0.46204188,0.40694228,0.36785117,0.43583882,0.51693445,0.48477104,0.4608091,0.45219797,0.47152483,0.46671695,0.4431378,0.4663784,0.43951648,0.4303522,0.44137114,0.40998086,0.41343948,0.41551477,0.4176873,0.38619086,0.43561924,0.40505758,0.38610867,0.4039792,0.3916569,0.44367212,0.41232747,0.4136571,0.44456607,0.4595521,0.41842267,0.4515339,0.4478864,0.413833,0.45299268,0.37335637,0.4499769,0.45627373,0.4065243,0.4203589,0.51082814,0.48778045,0.43663877,0.4565057,0.47658825,0.42899075,0.45556733,0.44093674,0.39913166,0.42540807,0.40390226,0.44964725,0.44770718,0.37471792,0.36799556,0.47744852,0.49404398,0.41251102,0.4217873,0.49981076,0.49612203,0.48661307,0.41151118,0.50628006,0.43463427,0.43850595,0.49540958,0.4985091,0.29457554,0.4206453,0.44618547,0.4268346,0.42551035,0.46794626,0.44069517,0.434956,0.43918443,0.4103905,0.58126414,0.4604725,0.45544192,0.4639065,0.44892448,0.3494041,0.5162754,0.42305645,0.39860904,0.38918597,0.43433666,0.5020504,0.49971703,0.45759872,0.45030627,0.43371373,0.43690184,0.5108979,0.51790553,0.411496,0.41537008,0.47932371,0.4893387,0.3065561,0.29463884,0.47617114,0.39510444,0.46462288,0.40600213,0.45794183,0.4711926,0.42022836,0.5363742,0.48310342,0.4550824,0.45084158,0.40232244,0.41029212,0.3849679,0.3206035,0.34585312,0.35943678,0.27575538,0.37714523,0.31034213,0.52377725,0.48048824,0.40981498,0.5226916,0.4990548,0.4681933,0.47962013,0.4207295,0.45185184,0.4227,0.38772976,0.44162768,0.41126007,0.41899976,0.34886986,0.49199158,0.4498709,0.49544844,0.47801343,0.48181614,0.3812095,0.45112956,0.4319279,0.4565599,0.4260156,0.3570279,0.4178185,0.44482142,0.31366116,0.33041212,0.45152128,0.423414,0.43424037,0.40345302,0.44294623,0.4009161,0.39906082,0.49156293,0.4497685,0.42485374,0.45858172,0.4979043,0.4080859,0.40564254,0.4121373,0.44878122,0.45398423,0.45449427,0.410805,0.4794744,0.42889148,0.424413,0.37950435,0.38067052,0.41359976,0.47628665,0.40432966,0.44802448,0.42174196,0.36979717,0.4202307,0.46192256,0.4673313,0.44491223,0.4392125,0.47979987,0.49014762,0.4875618,0.48498482,0.43669796,0.42225844,0.45135918,0.40313697,0.37605482,0.4187924,0.42413723,0.3836478,0.41717756,0.39923912,0.3650369,0.38479233,0.37224704,0.43419188,0.41315743,0.41540718,0.44115537,0.44650438,0.43006325,0.4700466,0.44991058,0.40198135,0.43943277,0.38498074,0.4327685,0.4176577,0.4071071,0.40860984,0.45595902,0.43503878,0.43008062,0.4361056,0.41358715,0.4208442,0.4394882,0.42495233,0.42573458,0.4242691,0.39558703,0.3872824,0.38784873,0.35131738,0.36610448,0.4084541,0.4501846,0.3859752,0.36883527,0.50781596,0.49998307,0.4637894,0.3923014,0.49932006,0.4372768,0.4628177,0.4881057,0.48215744,0.27829692,0.3643436,0.44629857,0.3781561,0.39721203,0.4402878,0.4379326,0.4391326,0.427677,0.3962855,0.5108386,0.44484994,0.48460177,0.47611898,0.45879972,0.3413344,0.45114678,0.4438752,0.4111919,0.36997885,0.4279278,0.43776652,0.45626605,0.43793097,0.46128154,0.47303048,0.437999,0.4418284,0.4529158,0.43837622,0.42319694,0.42247093,0.4585402,0.4610848,0.45753276,0.45791474,0.43945366,0.44395173,0.44476238
90,0.41247866,0.44608647,0.47352242,0.41343704,0.42267102,0.40770084,0.3885019,0.47867987,0.48191613,0.38311753,0.35342172,0.46562466,0.46750498,0.31878963,0.28938204,0.40967336,0.35096166,0.4387089,0.38730994,0.4283291,0.4435369,0.4073167,0.47855753,0.43549088,0.43929082,0.47119445,0.35747072,0.36922443,0.35395628,0.3015746,0.352039,0.38211593,0.3305942,0.3748273,0.29885274,0.49555293,0.42718327,0.39551482,0.47737363,0.46641892,0.45309803,0.43283138,0.42069218,0.42901784,0.3610779,0.31987426,0.42018437,0.3540953,0.33817047,0.32163987,0.44360533,0.42713124,0.46907017,0.45263723,0.46998116,0.39203784,0.42243305,0.42654938,0.40084618,0.3948386,0.38207194,0.41855,0.51031303,0.35274696,0.36589226,0.46862507,0.48858455,0.46690845,0.4009913,0.462602,0.43891755,0.48046118,0.53772545,0.5060923,0.47012758,0.43276802,0.52589536,0.43901798,0.52554214,0.4897159,0.44343862,0.5016811,0.4664599,0.43954176,0.5110293,0.42600718,0.4202578,0.37145352,0.41047555,0.42159846,0.47615665,0.47898665,0.4607906,0.39324367,0.3205065,0.40054685,0.50308424,0.4713539,0.4525316,0.4373588,0.4666433,0.44253105,0.4187653,0.4442952,0.4171868,0.40733713,0.43383306,0.39443535,0.3973081,0.3935432,0.40425265,0.3802526,0.42497614,0.38649413,0.37117723,0.3699107,0.34854886,0.43089488,0.4022587,0.3965867,0.41618514,0.4490975,0.4055258,0.4286328,0.4337057,0.38456842,0.4207789,0.3486113,0.43470624,0.4368139,0.392459,0.40005326,0.4875371,0.47934958,0.41794994,0.42960972,0.434109,0.39352536,0.43614912,0.4089614,0.36565396,0.39026776,0.3530172,0.419152,0.4225008,0.32013074,0.34073466,0.44910982,0.4766539,0.37770468,0.3946853,0.4731731,0.47258008,0.462735,0.37519035,0.4893493,0.4016019,0.39791498,0.47097325,0.47857958,0.26903006,0.39196962,0.41920704,0.42964205,0.41336843,0.46418035,0.41106644,0.41852024,0.42205566,0.40753165,0.56790733,0.45310017,0.44878152,0.43744245,0.4381591,0.31838584,0.5073839,0.41309664,0.38846707,0.3848914,0.4133042,0.48361456,0.47321,0.4334311,0.43269795,0.4086838,0.4087519,0.49894628,0.50260746,0.38289714,0.38511693,0.47616607,0.46213266,0.2945313,0.27745193,0.44412282,0.35049018,0.44929042,0.36186293,0.43071735,0.45227346,0.4037595,0.5285385,0.46179715,0.44616136,0.44715112,0.36695355,0.38525563,0.33889878,0.28607956,0.31313658,0.35456097,0.25562721,0.3642678,0.2923935,0.5025365,0.45161793,0.38217458,0.50305945,0.48848805,0.44520208,0.45653212,0.4057567,0.4306572,0.37302658,0.33363572,0.41810617,0.368373,0.37136492,0.2993243,0.47807395,0.43030578,0.47822452,0.47700012,0.46652788,0.36417118,0.4210693,0.40508035,0.43549284,0.40284717,0.3552615,0.41612205,0.43494877,0.30786312,0.32058585,0.43741006,0.40211824,0.42029747,0.38776404,0.42484248,0.38058218,0.3866415,0.48747656,0.44817904,0.41179913,0.4415044,0.49284706,0.3880552,0.38696063,0.39585173,0.4314424,0.43494236,0.4381427,0.38428265,0.47730878,0.4198539,0.41141927,0.3666901,0.37255138,0.41494215,0.47612444,0.39214122,0.45089716,0.4205151,0.3375238,0.38388038,0.44860813,0.4571011,0.42764843,0.42782244,0.47384945,0.4666866,0.46971026,0.46881813,0.4110081,0.40208194,0.44492728,0.385133,0.36444855,0.40468606,0.41651934,0.38477758,0.39911512,0.38765207,0.3475701,0.3520386,0.33134782,0.4224068,0.3993553,0.4040682,0.41136155,0.4398469,0.41384384,0.4574795,0.44371298,0.37428838,0.40927538,0.37417236,0.4187473,0.40052134,0.3902999,0.38928163,0.44091398,0.42053202,0.4109162,0.41114432,0.37820908,0.38374043,0.41879207,0.38590378,0.39321485,0.387245,0.34658584,0.36225554,0.36613727,0.3044457,0.33702388,0.37154514,0.43686882,0.35973564,0.34512424,0.4788628,0.47695944,0.43374887,0.35937393,0.48354152,0.40824068,0.42449358,0.4629265,0.45856518,0.26097822,0.3333594,0.4220693,0.3658843,0.3794889,0.44605768,0.4175668,0.4223015,0.41654474,0.38582787,0.50777286,0.4459272,0.4785534,0.45802182,0.4485148,0.3265304,0.44060314,0.4389245,0.40069714,0.3566069,0.43351012,0.43543997,0.45997125,0.43453258,0.45126545,0.47033626,0.42982784,0.431892,0.44427934,0.43175188,0.40976807,0.41249275,0.4610877,0.4589384,0.4564566,0.45681173,0.42492712,0.43353754,0.43466416
91,0.3972525,0.41720968,0.45436332,0.39223716,0.40511823,0.3926514,0.36853862,0.45772222,0.45827278,0.3648218,0.3410468,0.45653492,0.44568688,0.30870572,0.28347614,0.38972327,0.33190608,0.41284528,0.3638955,0.4058654,0.42463714,0.39542502,0.4521142,0.41354418,0.431923,0.46291405,0.33377993,0.34886813,0.3275223,0.2675951,0.3240354,0.36418083,0.29482254,0.35616532,0.27761883,0.47275764,0.39560735,0.36745906,0.44230357,0.44810236,0.42970684,0.39947706,0.4181999,0.4078741,0.3225243,0.28715447,0.40039927,0.3321863,0.30678642,0.29692003,0.42092246,0.4090379,0.4495335,0.4504142,0.45633304,0.38309234,0.39815256,0.40399694,0.3770621,0.38299456,0.37563285,0.4118414,0.506728,0.33948573,0.34930703,0.45108482,0.46795806,0.4432162,0.37846312,0.43691322,0.4231493,0.46217102,0.54450554,0.5072247,0.46092257,0.41392037,0.5144231,0.43017557,0.53056115,0.49026835,0.43703613,0.49442112,0.46892056,0.42738694,0.5123878,0.4265085,0.39353308,0.345456,0.40530097,0.40697372,0.48092514,0.48589173,0.4608951,0.38199762,0.298851,0.3804264,0.49783072,0.45086285,0.44239253,0.4184109,0.4591201,0.41727832,0.39393,0.42127424,0.39469835,0.38357773,0.4289876,0.3904858,0.38540938,0.37627742,0.4068595,0.3725674,0.41470402,0.3733686,0.36311117,0.3467745,0.3274243,0.41826752,0.3908407,0.38188013,0.39188415,0.4411024,0.40206817,0.40372926,0.42307845,0.36028904,0.39850202,0.33256355,0.42643723,0.42925325,0.3792196,0.37675443,0.47510943,0.47215766,0.40114546,0.40725687,0.40654764,0.37232277,0.4243869,0.38887203,0.33533207,0.3693705,0.32315356,0.4113021,0.40840748,0.29535857,0.32384032,0.43467972,0.4698478,0.34747037,0.36622116,0.45728058,0.4520985,0.45396945,0.3466789,0.4625014,0.37170464,0.3739686,0.44590977,0.4652629,0.24372078,0.36737478,0.40224457,0.42531678,0.39569795,0.4635178,0.383152,0.39736736,0.42234135,0.41280374,0.56810147,0.45336494,0.43849048,0.40804037,0.42610985,0.2902529,0.504553,0.40394282,0.38415694,0.37986127,0.39770013,0.45626503,0.4508741,0.4125258,0.4177378,0.3885189,0.38463205,0.48066637,0.48059958,0.36871696,0.37503624,0.47334933,0.43802062,0.29019412,0.2776346,0.42336327,0.330346,0.42404142,0.33129886,0.4041158,0.42201617,0.39333454,0.50162894,0.4403269,0.44067907,0.44478944,0.33990753,0.36045685,0.31154782,0.25167933,0.28856108,0.35064626,0.22968443,0.34901166,0.2692195,0.47625926,0.42086783,0.36193213,0.47480652,0.4736445,0.4210194,0.42879024,0.39520094,0.41690025,0.33154628,0.30558616,0.39488685,0.33978638,0.33667025,0.27723193,0.46107954,0.41056088,0.4576278,0.47466123,0.44906428,0.3507958,0.3965758,0.38697398,0.41081977,0.38294333,0.3495046,0.4207968,0.4441502,0.3067445,0.3054537,0.4356623,0.38423312,0.42100996,0.3694232,0.40955424,0.36420962,0.36858544,0.50405186,0.457819,0.40297347,0.42570522,0.49794236,0.38614312,0.3938287,0.40483567,0.43578118,0.4325116,0.44542307,0.36905193,0.49775445,0.42352942,0.4031404,0.348119,0.3677879,0.41899064,0.4863444,0.39052477,0.45512998,0.4227483,0.32901576,0.36580887,0.45586148,0.45783758,0.40988788,0.41244802,0.46537155,0.44201162,0.44645965,0.4503645,0.38694096,0.3804244,0.4396458,0.37945077,0.36162108,0.39471257,0.42997155,0.38856608,0.38515246,0.3806898,0.3384447,0.32621223,0.30936074,0.41283593,0.3874149,0.39422226,0.38638288,0.43560883,0.40489158,0.43942642,0.43792412,0.35127127,0.38857704,0.36670825,0.40903726,0.39418057,0.3748872,0.36621594,0.44268695,0.41026154,0.39163995,0.3862283,0.36295795,0.361574,0.40361747,0.36363342,0.36106765,0.36420643,0.3148962,0.36643636,0.36759895,0.28668082,0.31824034,0.35196558,0.44621655,0.33830723,0.33059394,0.4589139,0.4578458,0.414672,0.33165455,0.45257393,0.38101497,0.4008622,0.43021962,0.44040337,0.24426658,0.31569308,0.40133736,0.35144737,0.35600892,0.45517862,0.3997413,0.40123266,0.4244899,0.3905599,0.5167922,0.4508394,0.4693645,0.4369589,0.4344998,0.315488,0.44261912,0.43231726,0.3984046,0.34249657,0.44093794,0.43200898,0.46246162,0.43078604,0.44166458,0.46632072,0.42274892,0.42152664,0.43577346,0.4261402,0.39770055,0.40399033,0.46125492,0.4562487,0.45333046,0.4540087,0.4104782,0.42231727,0.42534158
92,0.3946631,0.39459112,0.44453987,0.38353387,0.3984663,0.39262685,0.36777422,0.43855315,0.4379557,0.3664384,0.35723996,0.45605356,0.4354548,0.30918503,0.2938389,0.39069453,0.33984154,0.3926542,0.36433145,0.39435065,0.41137388,0.39653912,0.4248323,0.3966863,0.43425998,0.4618351,0.32302567,0.34353483,0.3234267,0.24467783,0.3062515,0.35315812,0.263661,0.33872446,0.26276925,0.45001283,0.3732036,0.35231113,0.40989962,0.43140864,0.40923655,0.37339976,0.42694044,0.39511234,0.30480912,0.28412184,0.38840464,0.33283025,0.29949772,0.30281493,0.40462708,0.39631882,0.4337053,0.44933254,0.44281578,0.38064325,0.38366598,0.39410734,0.36368456,0.38036883,0.37104264,0.4102162,0.5145088,0.33108217,0.32962018,0.43404928,0.45349014,0.42229918,0.3623585,0.41642043,0.40701663,0.44413403,0.5607456,0.5161252,0.46091765,0.402171,0.5060978,0.43694034,0.5495603,0.50923336,0.44809964,0.5007032,0.48845482,0.42090845,0.52077436,0.4355669,0.37362015,0.3223918,0.41420618,0.3972704,0.48789245,0.49752134,0.4623146,0.3787696,0.30731228,0.37723535,0.5010112,0.42954737,0.4324464,0.40254244,0.45090783,0.39880735,0.37615997,0.4039089,0.37825117,0.36686394,0.4280131,0.39936945,0.3814771,0.37012488,0.42597768,0.36834013,0.40778035,0.36908466,0.36298016,0.3390986,0.3312176,0.4109032,0.38360217,0.37554106,0.37948394,0.43819422,0.40890813,0.38532558,0.4198547,0.34925646,0.39057335,0.3311745,0.42860696,0.4360364,0.37233707,0.36050114,0.47670037,0.4684095,0.3923729,0.3957199,0.39827272,0.3708132,0.4229159,0.38308764,0.31786346,0.3662574,0.31956494,0.42727292,0.4111338,0.30300492,0.32144493,0.4345734,0.47578537,0.33202368,0.347608,0.45374697,0.43962076,0.46054965,0.33425686,0.43460786,0.35310632,0.372136,0.42715767,0.46022704,0.2312302,0.3557936,0.40028414,0.41639563,0.38069934,0.46504375,0.3652018,0.37954864,0.44036287,0.42655984,0.57843655,0.460443,0.42695183,0.3853114,0.4169672,0.27586177,0.5097775,0.3996033,0.38972944,0.37973875,0.39381242,0.42841026,0.4377883,0.40271035,0.41265905,0.38168615,0.3742152,0.4611967,0.45867857,0.37321696,0.3849533,0.47178802,0.4242334,0.29851037,0.2979468,0.4177796,0.33698565,0.40018165,0.32286143,0.3872817,0.39382026,0.39606598,0.46509087,0.42462766,0.43938923,0.44638547,0.32832807,0.34418768,0.30942297,0.23145789,0.28032938,0.35402662,0.21243669,0.34234068,0.25395778,0.45226073,0.39716464,0.35488516,0.44676587,0.45809168,0.4038781,0.40577117,0.39315248,0.4137373,0.30896682,0.30593246,0.38041118,0.33249503,0.32319146,0.28488368,0.44670096,0.3986468,0.4399754,0.47207052,0.43436566,0.34578276,0.38442144,0.38388076,0.39177814,0.37316176,0.34599498,0.4347778,0.47170383,0.3151046,0.29536217,0.4479495,0.3780771,0.43923002,0.35767862,0.40418145,0.3597805,0.354073,0.53640074,0.47569677,0.4025648,0.41794375,0.5126092,0.40183038,0.42570004,0.43708077,0.4617084,0.44620815,0.47336483,0.3688877,0.53461623,0.4396796,0.40444124,0.33258164,0.37001112,0.42574167,0.5047589,0.40084437,0.45998466,0.42973122,0.34826618,0.36772594,0.48270175,0.4699235,0.39675725,0.39896873,0.45764384,0.42356834,0.42438465,0.4336018,0.3718898,0.36532366,0.43604225,0.38697818,0.3696571,0.3932238,0.46189442,0.3970577,0.3796111,0.37962645,0.33962137,0.31547675,0.31002206,0.409701,0.3829024,0.39051482,0.37355527,0.43560553,0.4054686,0.42062068,0.43403935,0.34053323,0.38206714,0.3658764,0.4081161,0.40260574,0.36749357,0.34996796,0.4624906,0.40999854,0.37961417,0.3708426,0.36951336,0.3594929,0.39838788,0.36057076,0.33884177,0.3594952,0.3068043,0.39833853,0.39513594,0.3004314,0.31418192,0.35195398,0.47691712,0.3311464,0.33351132,0.45015925,0.44639227,0.41094077,0.3180172,0.41896632,0.3635993,0.39713356,0.40088704,0.4309064,0.23825389,0.31798673,0.39149052,0.3420865,0.3378669,0.46401012,0.3896442,0.38363698,0.45053494,0.41254017,0.53469825,0.45854822,0.45765018,0.41843548,0.42046002,0.31426752,0.45985177,0.42640415,0.40833545,0.33619535,0.44963893,0.43028829,0.46280912,0.42813244,0.43685785,0.46331483,0.42051247,0.41527146,0.43094292,0.42441586,0.39206365,0.4012841,0.4591014,0.453773,0.44957194,0.45123798,0.40202898,0.41530746,0.42080176
93,0.4067943,0.38554114,0.44422734,0.3913516,0.40642926,0.40940937,0.3880118,0.42675215,0.42682105,0.3864811,0.3975245,0.46448988,0.4373963,0.32698122,0.3249852,0.40922874,0.37045196,0.38662934,0.38837278,0.39821416,0.40958825,0.41365847,0.40610284,0.3902086,0.44648877,0.46863204,0.33113208,0.35705364,0.34315506,0.24513145,0.30797282,0.357707,0.25382704,0.33580709,0.26742455,0.4339544,0.3673529,0.3553833,0.39108574,0.4204069,0.39859822,0.36348096,0.4441223,0.39306316,0.31220984,0.30910662,0.38839844,0.35613048,0.3179996,0.33702156,0.40062928,0.39458215,0.42597914,0.44945547,0.43297884,0.38731834,0.3835332,0.39929157,0.36605573,0.3897223,0.37417603,0.41774398,0.5285283,0.3360109,0.3200828,0.4232012,0.4495072,0.4109049,0.36045054,0.40867704,0.39762944,0.43284068,0.57740855,0.52764696,0.4694459,0.40181214,0.50093013,0.4532017,0.571589,0.53408664,0.47331986,0.51327395,0.5145125,0.42004037,0.53049976,0.45095292,0.36856073,0.3141828,0.43693087,0.3983107,0.493147,0.5085132,0.4644364,0.38753667,0.345387,0.38853654,0.50832033,0.4140029,0.42604864,0.3973111,0.44474876,0.3931221,0.37168956,0.39707372,0.37363508,0.3636983,0.4319875,0.4192038,0.38795605,0.37906966,0.45738763,0.373323,0.40699005,0.37635788,0.3724074,0.3490789,0.35814524,0.41214094,0.38598773,0.38223922,0.3831635,0.4412038,0.4257412,0.38033447,0.42674723,0.3564596,0.3983115,0.34963006,0.4430837,0.4559713,0.37703001,0.3590319,0.48883563,0.46832314,0.39609194,0.39799768,0.40788752,0.38948014,0.43255848,0.39141187,0.32026938,0.38105077,0.34248605,0.46154717,0.4319401,0.34119004,0.3365898,0.44460773,0.49221236,0.33853954,0.34796008,0.45903096,0.43671796,0.47715303,0.34247392,0.41493607,0.35138988,0.3918783,0.41897216,0.4621565,0.24272098,0.36345586,0.4137568,0.40740678,0.37589568,0.46739578,0.36309636,0.373517,0.4701674,0.44796488,0.5895641,0.4715871,0.4182154,0.376948,0.4150334,0.28437036,0.5201772,0.40313116,0.4068467,0.38906986,0.40411812,0.40863544,0.43505695,0.4074412,0.4208263,0.39249897,0.3827487,0.44571084,0.4428001,0.39584866,0.40966913,0.47153068,0.4233958,0.32531145,0.34125653,0.4256188,0.3676496,0.3881646,0.3401537,0.38620162,0.37938935,0.41464,0.43074036,0.41871098,0.4421144,0.45298097,0.33596143,0.34395576,0.33386925,0.23606539,0.29517454,0.3715882,0.21727353,0.35443112,0.25994882,0.43665177,0.38717622,0.3641165,0.42727396,0.44528386,0.39950418,0.3951488,0.4019482,0.42044383,0.3104253,0.3314107,0.38023797,0.34822887,0.3337891,0.3209479,0.43942633,0.40018976,0.43033007,0.46976528,0.4264739,0.35328534,0.38790447,0.3976823,0.38583562,0.37749833,0.3518265,0.45787215,0.5098219,0.33765495,0.300944,0.4712279,0.3893406,0.47122976,0.36074418,0.41332835,0.37268066,0.35268712,0.5724345,0.49593392,0.4129464,0.42205048,0.53140277,0.4297356,0.47474116,0.4833705,0.50208616,0.4703804,0.5115274,0.3838458,0.5738246,0.46402743,0.41815594,0.3289449,0.3839701,0.43528694,0.5245072,0.42238694,0.46436948,0.44138995,0.39351034,0.3863972,0.5200033,0.48852277,0.39321566,0.3946861,0.4532607,0.4164426,0.40999034,0.42232773,0.37184364,0.36391678,0.43511698,0.40578327,0.389183,0.4026973,0.5032016,0.412235,0.38490558,0.38597304,0.35320795,0.32517242,0.3330032,0.41473413,0.39013875,0.39697966,0.37670442,0.44004226,0.4168539,0.40696055,0.4346248,0.34752977,0.39177376,0.3755461,0.4193245,0.42685106,0.37327138,0.3493336,0.4945129,0.4222656,0.3802688,0.37193313,0.39446384,0.37765035,0.40593687,0.37492564,0.3337927,0.37367216,0.3242078,0.44949293,0.44501853,0.34432948,0.32834697,0.36979607,0.5200249,0.3452375,0.35933548,0.4501785,0.44290718,0.422356,0.32494834,0.39569914,0.36140814,0.41274923,0.38442847,0.43143523,0.25339732,0.34410107,0.39653018,0.34515753,0.33473992,0.4701216,0.39059374,0.37746325,0.4874691,0.44956365,0.5538876,0.466807,0.4461418,0.40762073,0.41137832,0.32852682,0.4884205,0.4238533,0.43080896,0.3450778,0.4582131,0.43260428,0.460964,0.42812344,0.43916062,0.46253997,0.42538804,0.4165314,0.4319746,0.4284166,0.39678133,0.40763357,0.455647,0.45232317,0.44662753,0.44985953,0.4037211,0.41608483,0.42358398
94,0.43109897,0.39382493,0.45132107,0.41428736,0.42723408,0.43898356,0.42434153,0.42556682,0.4276562,0.41834143,0.45076314,0.48033,0.44783956,0.36586326,0.37878302,0.43844083,0.41559598,0.3981352,0.4298409,0.4171122,0.4210451,0.44358587,0.4016171,0.39737514,0.46682447,0.48205337,0.35861227,0.3897847,0.3835889,0.2773149,0.33545282,0.38381034,0.27648494,0.35645142,0.3013789,0.42863816,0.37926137,0.37707642,0.39007398,0.41794086,0.40147883,0.3728027,0.46450967,0.40139362,0.3428875,0.35626414,0.4029139,0.39730653,0.35897967,0.3920194,0.41224125,0.40782803,0.42884055,0.4534902,0.42955214,0.40584922,0.39903304,0.4182299,0.384496,0.41050392,0.3892187,0.43677917,0.5424153,0.35972887,0.33104956,0.42173374,0.4582773,0.41288373,0.3780062,0.4185714,0.40098968,0.43423405,0.5867177,0.5375387,0.48493746,0.41559544,0.4982206,0.47148648,0.5862391,0.551917,0.50708073,0.52437407,0.53637934,0.42342603,0.53496826,0.46899417,0.38399342,0.32907456,0.46879026,0.41308308,0.49348283,0.5137218,0.46672744,0.40963826,0.40544263,0.4098682,0.5143765,0.40897846,0.4262155,0.40829697,0.44490394,0.40287808,0.3834992,0.40312317,0.38393268,0.3772974,0.44191596,0.4461031,0.40564644,0.4035103,0.49395683,0.3913135,0.41346958,0.39557648,0.39415815,0.37772557,0.4028392,0.4227443,0.40144786,0.4045739,0.40374428,0.44942617,0.4522576,0.39200187,0.44516644,0.38265476,0.41981134,0.39162526,0.47057155,0.48680317,0.39690658,0.37697983,0.50467294,0.4713878,0.41360348,0.41291225,0.4297136,0.42319578,0.45267528,0.41155577,0.34514606,0.41036764,0.38687968,0.50315106,0.46653375,0.4013602,0.37107897,0.4585548,0.5147852,0.37155205,0.37263682,0.4675913,0.44244263,0.49574897,0.3719322,0.40929958,0.36904985,0.42628202,0.42207554,0.46794352,0.2861223,0.39219207,0.43872398,0.40333197,0.38740024,0.4691037,0.37827894,0.38543582,0.5028273,0.47414172,0.592338,0.4842394,0.41725847,0.38649735,0.42332867,0.32285747,0.53175426,0.4144992,0.43384558,0.40878037,0.42662644,0.40315807,0.4411709,0.4249637,0.44040883,0.4191582,0.40894976,0.43846202,0.4366384,0.43055642,0.43999267,0.47316256,0.43378952,0.37390983,0.40656194,0.4422903,0.41419694,0.39307126,0.38102198,0.40080744,0.3833042,0.4454408,0.4080758,0.4241513,0.44819838,0.46461463,0.3621958,0.3638652,0.38081196,0.27257407,0.33752963,0.40791225,0.25458595,0.3908617,0.29761717,0.4323121,0.3926132,0.388373,0.42088008,0.43845317,0.40915233,0.3998967,0.42130977,0.43343484,0.33490777,0.37423983,0.39713404,0.38364992,0.3659476,0.3785304,0.4422731,0.41787982,0.43152928,0.470444,0.42735893,0.37682313,0.4067338,0.42543715,0.39529496,0.39567098,0.37212157,0.48718435,0.5477494,0.37677312,0.33003682,0.4994472,0.41987827,0.50884485,0.38400108,0.43885896,0.40499,0.37129742,0.6004967,0.51338476,0.43560475,0.43963528,0.5474886,0.46122402,0.5265544,0.5294583,0.5454485,0.49611172,0.5462903,0.41000992,0.6016324,0.49000263,0.44510636,0.34372672,0.41207942,0.44742182,0.5371291,0.45179296,0.46774024,0.45653352,0.45448816,0.4155477,0.55493075,0.5075977,0.40196374,0.40637866,0.45559227,0.4222404,0.40727305,0.41940793,0.38897973,0.38008848,0.43895274,0.43174356,0.4183994,0.4231561,0.54224116,0.43506896,0.4004157,0.3998285,0.38206574,0.35802796,0.37481102,0.42718482,0.41103142,0.41656354,0.39655998,0.44775116,0.43985295,0.4034498,0.44313863,0.37468195,0.41605973,0.39913327,0.4444891,0.4656692,0.39477572,0.36954448,0.52825505,0.44553548,0.3952397,0.39139727,0.43010122,0.41106611,0.42670664,0.402198,0.34864712,0.4036419,0.364047,0.5050064,0.50567067,0.4095952,0.36297953,0.40007895,0.56303394,0.38454178,0.4094538,0.4547016,0.4456829,0.444729,0.35538876,0.39020434,0.37695253,0.4410495,0.3846796,0.44128478,0.2978929,0.39342403,0.41568267,0.36530578,0.35255715,0.4728385,0.40224096,0.3880703,0.5255083,0.49457422,0.5675222,0.47333792,0.43921733,0.40813085,0.41179264,0.36134568,0.52076244,0.42621028,0.4620987,0.3720565,0.46437615,0.43964037,0.458499,0.4324508,0.4478683,0.46340144,0.4370099,0.42591935,0.4389065,0.43806434,0.41382033,0.42455563,0.45215893,0.45188856,0.44505516,0.44991192,0.41584787,0.42492726,0.43345222
95,0.462949,0.4182658,0.46409607,0.4479576,0.4564575,0.474465,0.46845916,0.43459758,0.4392358,0.4524184,0.5013235,0.50157124,0.4631369,0.42154276,0.44684997,0.471722,0.4633132,0.42561972,0.478921,0.4466119,0.4439651,0.47980887,0.41219035,0.41761112,0.49266246,0.5008357,0.39930114,0.43677956,0.43519634,0.345352,0.38934666,0.43149078,0.33825004,0.40250394,0.36808193,0.4333539,0.40393105,0.41173834,0.4039969,0.4241577,0.41665697,0.39817297,0.48271435,0.41678664,0.38852027,0.41259283,0.43100157,0.44745094,0.41323656,0.4527195,0.438382,0.4360331,0.44162366,0.4639274,0.432651,0.4362433,0.42730957,0.4462417,0.41442636,0.43852758,0.41671392,0.46599266,0.5516573,0.40126947,0.36751288,0.43002263,0.4797709,0.42795518,0.41596657,0.44712767,0.41957507,0.45090953,0.5851848,0.5447961,0.50601846,0.44385457,0.4979748,0.48447114,0.5877322,0.5535357,0.542567,0.5268219,0.5460793,0.42751566,0.52941626,0.48512143,0.42129624,0.3704145,0.50079405,0.44005176,0.48615566,0.5095995,0.46881163,0.44293493,0.4710732,0.4346364,0.51459384,0.4154047,0.43347436,0.43642145,0.45429638,0.42695206,0.40980253,0.42164505,0.4075645,0.40575883,0.4565563,0.47440034,0.4319409,0.43929046,0.5274342,0.4217091,0.4258072,0.42284554,0.42812046,0.4219788,0.45456314,0.4413572,0.42971128,0.44146898,0.43957004,0.46085265,0.48571646,0.4188982,0.4732766,0.42514977,0.45009223,0.45490766,0.5082987,0.5251357,0.43161684,0.41606024,0.5177212,0.47696057,0.4420783,0.4350382,0.45429185,0.46249172,0.47982514,0.4371301,0.389358,0.44731244,0.4415655,0.5375239,0.50456905,0.46625477,0.4223695,0.46900916,0.5377652,0.43081102,0.42137504,0.4758157,0.4560415,0.51016796,0.41958946,0.4184741,0.403723,0.46553254,0.43432236,0.47560248,0.36267948,0.4369488,0.4692559,0.40791574,0.41906917,0.46781766,0.40670004,0.4163014,0.53033453,0.49874353,0.58189076,0.49629122,0.42685112,0.41248474,0.44157904,0.39394265,0.5426101,0.42979547,0.46521938,0.435206,0.45716807,0.4134078,0.4544862,0.45114076,0.4671278,0.45595106,0.44742814,0.441115,0.44065064,0.46796963,0.46487063,0.4778273,0.4523739,0.43898323,0.48202303,0.46364355,0.46433708,0.41462782,0.43767473,0.4265673,0.40417752,0.48165613,0.40141347,0.4395928,0.45608827,0.48046073,0.40124318,0.40231633,0.43961903,0.3433171,0.40613168,0.46096522,0.330762,0.4494806,0.3712147,0.43789196,0.4099507,0.4210746,0.4268084,0.43927103,0.42959145,0.41698453,0.44827828,0.4474268,0.3752456,0.4214074,0.42937666,0.4312528,0.41212425,0.44226593,0.45548767,0.45003128,0.44327658,0.47685495,0.43593317,0.41664344,0.43651506,0.45996454,0.41689095,0.42340866,0.40762946,0.517753,0.5766077,0.42937908,0.3857213,0.52608454,0.4662527,0.54318315,0.42801207,0.4787451,0.45386073,0.4117492,0.61443126,0.52469647,0.47019723,0.47080585,0.55637914,0.48714548,0.5659394,0.56219393,0.5807427,0.5138423,0.56606,0.43951777,0.60978746,0.51040906,0.48252264,0.38008103,0.45063415,0.46114776,0.53634,0.48223916,0.46998948,0.4733861,0.51404023,0.44714445,0.5767915,0.5222779,0.42179406,0.43647754,0.46708882,0.43931893,0.4164816,0.42555317,0.4202072,0.41227934,0.44851264,0.45874694,0.4516079,0.4515004,0.56923455,0.4634258,0.42250785,0.41827738,0.42562407,0.41172746,0.42708817,0.445065,0.4435616,0.44917464,0.4316363,0.45698476,0.47217935,0.41180468,0.4604021,0.4204666,0.45055887,0.43624032,0.48170453,0.5141737,0.43073967,0.412045,0.5536509,0.4752778,0.42221725,0.4257974,0.46471292,0.4511881,0.45656273,0.43454292,0.3806902,0.44310305,0.41783842,0.5478678,0.56064385,0.4785918,0.41549245,0.43309343,0.59480935,0.44747147,0.47830126,0.46058628,0.45383736,0.47259456,0.40843117,0.40328878,0.40854585,0.47351125,0.40016562,0.45882392,0.37245214,0.45755398,0.4451075,0.40233904,0.39330328,0.47135103,0.42039984,0.41571772,0.5561745,0.53659385,0.57220024,0.47627798,0.4395887,0.42029917,0.4231703,0.41072178,0.5502628,0.43313187,0.49571475,0.4137856,0.4657859,0.4495995,0.4572694,0.44179145,0.45987844,0.46414727,0.45230657,0.44085896,0.44988003,0.45121467,0.4421028,0.45085004,0.44899622,0.45152852,0.44423082,0.45032278,0.43481684,0.4389161,0.44752467
96,0.49706292,0.45232478,0.48074102,0.4864872,0.48884127,0.50839514,0.5112932,0.4503643,0.4572885,0.480737,0.5361053,0.5254277,0.48039156,0.4821579,0.5117773,0.50258976,0.50032496,0.46365708,0.52489674,0.479312,0.47331783,0.51546705,0.43441907,0.44655162,0.52040976,0.52317405,0.443674,0.4888081,0.48433766,0.44491065,0.46190578,0.4928575,0.4380626,0.46807694,0.46078715,0.44348156,0.43372664,0.44969714,0.42669845,0.43668023,0.43945172,0.4326287,0.4955055,0.43411952,0.43716797,0.46128327,0.46698883,0.49579176,0.4679243,0.5009158,0.4733616,0.4741013,0.46058282,0.47953546,0.44031146,0.47460535,0.4614283,0.47608164,0.44894877,0.46822873,0.45307836,0.4997776,0.5536552,0.45240453,0.42869282,0.4459908,0.51019645,0.45164537,0.46939003,0.4899545,0.45117489,0.47965163,0.5723133,0.549207,0.5299866,0.48278725,0.50010544,0.48589355,0.57450193,0.5334575,0.57310236,0.5139551,0.5386563,0.42792028,0.51204395,0.49522567,0.47534624,0.43592447,0.5246241,0.4742457,0.46906596,0.49449503,0.47030297,0.48186138,0.5243358,0.45520544,0.5057264,0.43031228,0.4461494,0.47746253,0.4719845,0.46073323,0.4451587,0.44971073,0.43939584,0.44249824,0.4720584,0.4980183,0.46071902,0.47880903,0.5507767,0.4592926,0.4416637,0.45090112,0.46866617,0.4724169,0.49905908,0.4650684,0.46627152,0.48713863,0.48568317,0.4723088,0.5191486,0.4560953,0.5049491,0.47807488,0.48102254,0.52795035,0.54836935,0.5654208,0.47593614,0.4737487,0.5236459,0.48392323,0.47543114,0.4562651,0.4707541,0.49637052,0.5076598,0.45892695,0.4449883,0.48303312,0.4924885,0.5522691,0.5341986,0.51725054,0.48170432,0.46884224,0.5549926,0.50797623,0.48670313,0.48156634,0.47643882,0.5162843,0.4776483,0.43813977,0.44666108,0.500714,0.45138076,0.4837712,0.4622551,0.48612466,0.49841335,0.4225155,0.47027525,0.4605982,0.44044685,0.46142152,0.5478308,0.51415205,0.55707335,0.50483763,0.44611704,0.44946605,0.46622846,0.48990464,0.55217206,0.44385695,0.49378383,0.4619361,0.4907042,0.4351731,0.4728345,0.48109892,0.49600902,0.49533352,0.4904148,0.4519571,0.4524176,0.5000432,0.47588307,0.48547038,0.47505993,0.50680506,0.54881203,0.4852491,0.50556254,0.44894445,0.4979159,0.45697537,0.4373955,0.5167658,0.40960687,0.4617269,0.46363166,0.4982664,0.44427317,0.4524223,0.4965181,0.4414242,0.49053663,0.52142733,0.44170097,0.5199045,0.47304276,0.44897166,0.4331211,0.45298386,0.4405968,0.44680378,0.4552983,0.43976837,0.47847688,0.45747992,0.420759,0.45863637,0.46969658,0.48093805,0.46191412,0.49401453,0.4760932,0.4902914,0.46222836,0.48818445,0.44886047,0.4677597,0.46943352,0.49271297,0.44446248,0.45511773,0.4540965,0.5436662,0.5918364,0.4869197,0.46418852,0.54577184,0.5201077,0.5677449,0.48700994,0.5263746,0.5112941,0.46960807,0.6130453,0.52773935,0.5124133,0.5132608,0.55709535,0.50104487,0.5844318,0.5745997,0.60122925,0.5161829,0.56465936,0.4635519,0.5953186,0.51957124,0.5234345,0.43747127,0.49138868,0.4750723,0.5199848,0.50552875,0.4711338,0.48983827,0.5572295,0.47350356,0.58038056,0.5289057,0.44846913,0.48100612,0.48651147,0.46356145,0.43533465,0.43907985,0.4585759,0.4538743,0.4622777,0.48031768,0.4809182,0.4826704,0.57877076,0.49206755,0.44672132,0.4367503,0.47668797,0.47675645,0.47727975,0.46603408,0.48212385,0.4903796,0.47718963,0.46596625,0.5069523,0.43039763,0.482639,0.47839049,0.48868498,0.48134592,0.52404124,0.5640988,0.47605577,0.4737011,0.56536806,0.5064011,0.45619228,0.46765405,0.48590684,0.48791844,0.4878052,0.4619178,0.4234738,0.4840033,0.47406122,0.56665367,0.5977061,0.533423,0.47625095,0.45774633,0.6089994,0.5249174,0.55365276,0.46575862,0.4664759,0.499614,0.47769624,0.43063644,0.448684,0.50308365,0.42609408,0.48063517,0.46591285,0.52182996,0.4789413,0.45129374,0.45427328,0.4642779,0.43967968,0.45554233,0.5744172,0.5656694,0.5671027,0.4747619,0.4466154,0.4416006,0.4434298,0.46968684,0.57362884,0.4434268,0.5250966,0.46175006,0.4614869,0.45937228,0.45783502,0.45517838,0.47170526,0.46338814,0.46740255,0.45742914,0.4623024,0.4648507,0.47720644,0.4825281,0.44564146,0.450471,0.44341886,0.45037934,0.45549366,0.45410588,0.46202102
97,0.5267502,0.48655334,0.49738932,0.5220508,0.51788276,0.53309906,0.5430851,0.4681159,0.47646528,0.5002492,0.54975736,0.546374,0.49534628,0.5348086,0.55867195,0.5232672,0.5162474,0.5036561,0.557474,0.50650334,0.50102675,0.54351854,0.4626249,0.4775097,0.54381377,0.5440173,0.48430914,0.53565085,0.52023906,0.5579334,0.5375815,0.5527454,0.5575306,0.53987134,0.5599301,0.45353654,0.46239564,0.48155448,0.45225736,0.45223546,0.46442604,0.4685589,0.50293225,0.4490998,0.4791484,0.49118978,0.5021766,0.53257096,0.51197714,0.5243037,0.5087644,0.5133318,0.48035464,0.4959844,0.4506496,0.5151389,0.49205473,0.49951178,0.48155406,0.49557084,0.49167553,0.52987313,0.5464684,0.5013651,0.50698507,0.4655372,0.54058236,0.47724968,0.5267054,0.5358362,0.48888138,0.5113118,0.5485017,0.5473556,0.5499327,0.5226914,0.50252455,0.47266346,0.54665,0.4905233,0.5925622,0.48146915,0.5131187,0.42259318,0.48417965,0.49715024,0.5331063,0.51540005,0.5371862,0.50918925,0.44261783,0.46930945,0.4707584,0.51785064,0.5550612,0.46633193,0.487284,0.44872236,0.4622342,0.52329516,0.4935186,0.49668846,0.48224857,0.48193118,0.47319734,0.4786057,0.48377544,0.5127149,0.4848143,0.51360583,0.55946505,0.49601653,0.45965675,0.47257134,0.5066858,0.51609933,0.52514696,0.48966226,0.50346774,0.53212,0.53300273,0.47975597,0.5423092,0.4964054,0.5307111,0.5321828,0.50285757,0.5924061,0.57849634,0.5984951,0.52043056,0.5398747,0.52006346,0.4898028,0.5060971,0.4687364,0.4707984,0.5153368,0.5281412,0.47024256,0.50279486,0.5095656,0.52885175,0.5417685,0.5478421,0.54379714,0.53677934,0.45391047,0.5606219,0.5854388,0.55470496,0.48212108,0.4994357,0.5097454,0.53391606,0.46077865,0.4850103,0.52459157,0.46830863,0.4891878,0.5639632,0.5266239,0.5182298,0.4459239,0.5329659,0.44625753,0.47051665,0.5116082,0.5530584,0.5163383,0.5184225,0.50514895,0.47070745,0.48957545,0.49116477,0.5890487,0.5576201,0.45348802,0.51418847,0.48292926,0.5206238,0.46076497,0.49177676,0.50861603,0.5210104,0.528617,0.52778864,0.4667078,0.46759033,0.5229875,0.4711056,0.49294415,0.49547547,0.5631524,0.5935749,0.5006076,0.5286772,0.48938277,0.548174,0.48508826,0.4758953,0.5449871,0.42811194,0.48596424,0.46862528,0.51334774,0.48383984,0.50451475,0.54118174,0.5488233,0.57337093,0.5755524,0.5654905,0.5867884,0.5800844,0.4603618,0.45640773,0.47658327,0.45669034,0.45784187,0.48078182,0.4615839,0.5077256,0.46133664,0.46233448,0.4780046,0.50760025,0.52258235,0.50550884,0.5229659,0.49863604,0.529476,0.48293355,0.49996042,0.46241894,0.5212539,0.49654168,0.51675653,0.4717478,0.48634878,0.5031328,0.55901724,0.5920734,0.53928375,0.5529565,0.5547176,0.5696498,0.5791775,0.5481011,0.5706807,0.5649612,0.5337178,0.5965649,0.5202768,0.5519715,0.5588401,0.55011296,0.50100726,0.5819093,0.56674325,0.60420674,0.49968424,0.54152334,0.47643536,0.5591202,0.5147014,0.55747366,0.5092757,0.5263942,0.48817286,0.48960638,0.5159411,0.47123623,0.5026547,0.5781296,0.4899668,0.5656877,0.52447444,0.47663948,0.5300664,0.50831175,0.48902285,0.4596979,0.45651215,0.49605742,0.49562994,0.47631565,0.4925711,0.50013435,0.51118356,0.5695723,0.5145143,0.47001186,0.45198673,0.5236251,0.53847694,0.51403177,0.48764378,0.51910496,0.53212065,0.52407223,0.4728776,0.5337882,0.4548088,0.50218326,0.5373268,0.52184254,0.5249627,0.5599089,0.6043094,0.5220081,0.544546,0.5625471,0.5338491,0.4907827,0.5075509,0.4856,0.5117091,0.51232535,0.47629675,0.470021,0.51846075,0.5225556,0.55876535,0.6136907,0.5650177,0.53164923,0.466903,0.6030749,0.6007291,0.6211348,0.46784678,0.47998282,0.51746976,0.5503023,0.46445256,0.48553368,0.5236049,0.45633107,0.5000518,0.55783904,0.5724335,0.5091778,0.50424874,0.52593523,0.45174098,0.4559589,0.49906597,0.5780411,0.5772353,0.55137515,0.46915805,0.45680898,0.46724665,0.46758825,0.5288442,0.58864814,0.45569873,0.5453201,0.5053166,0.4535739,0.46683258,0.45927995,0.47037122,0.48098624,0.46104112,0.47942048,0.47224703,0.4736121,0.47623342,0.5124158,0.5138133,0.44190383,0.4490176,0.44294867,0.45065796,0.47359508,0.46743202,0.47395316
98,0.54406935,0.51264125,0.50929165,0.54580224,0.5361946,0.54128295,0.554561,0.4829708,0.49091452,0.5103408,0.5409251,0.5538775,0.50308716,0.5700641,0.579846,0.5262021,0.50560963,0.53528655,0.56718826,0.52033323,0.51838064,0.55511916,0.49146047,0.5024365,0.55230016,0.5528573,0.5166914,0.5675012,0.5371504,0.6570731,0.5993628,0.5938123,0.66204447,0.5994775,0.6401595,0.45890826,0.48545355,0.5006287,0.47483382,0.46765664,0.4860564,0.4987844,0.50526065,0.45910487,0.50892234,0.49900368,0.52791446,0.5501979,0.5385619,0.516421,0.5352639,0.54399616,0.4948244,0.50834674,0.46256578,0.5513491,0.5094715,0.5073969,0.5058981,0.51683336,0.52456874,0.54713887,0.5252904,0.5378737,0.5863071,0.48231414,0.5583697,0.4970006,0.5720712,0.5686885,0.52263105,0.532759,0.5117279,0.53079957,0.55344677,0.54922754,0.49991763,0.444589,0.5015421,0.4269568,0.59159845,0.42878214,0.47064468,0.41266304,0.4475449,0.48870617,0.57634693,0.5906883,0.53736264,0.53783005,0.41047353,0.43756777,0.46963242,0.54098606,0.558517,0.46580482,0.46048868,0.4653208,0.47968772,0.5634974,0.5134098,0.52545995,0.5126644,0.51063704,0.50282943,0.5052702,0.4876301,0.5155897,0.497973,0.53603053,0.54901004,0.523311,0.47885168,0.48285282,0.5333268,0.5414283,0.52606505,0.50982565,0.5332549,0.5658829,0.57027304,0.47917795,0.5439587,0.530503,0.5396621,0.5767455,0.50843495,0.6297001,0.5837329,0.6107587,0.5533195,0.5968095,0.5029789,0.49020514,0.52609015,0.46667317,0.45042166,0.51273423,0.5317348,0.4699755,0.55502486,0.5224601,0.54520756,0.5039088,0.5396839,0.5416873,0.57577896,0.42410895,0.5478125,0.64146906,0.6083499,0.47605905,0.51862985,0.48753846,0.5760137,0.4800858,0.50787765,0.5316946,0.4825267,0.48894852,0.6449308,0.5475398,0.5214832,0.47497126,0.5907698,0.42687526,0.48919418,0.55506057,0.5419082,0.5044597,0.46610752,0.49135685,0.49350634,0.5233264,0.50846255,0.66482383,0.5511278,0.45836413,0.52214617,0.49315917,0.5391318,0.4828853,0.5059871,0.52664,0.53513867,0.54703814,0.5491458,0.47992888,0.48030356,0.53519726,0.4538784,0.4933914,0.50686246,0.5985329,0.6110861,0.5032633,0.52746207,0.5273266,0.5764805,0.5048377,0.5110617,0.5584556,0.45249972,0.5056547,0.46865156,0.51884866,0.5159043,0.548859,0.56768703,0.64252084,0.6380262,0.60997635,0.67035997,0.63432676,0.66495216,0.46722853,0.4753766,0.48797008,0.4691657,0.4684787,0.50102806,0.4771957,0.53118455,0.45934692,0.49436226,0.47886038,0.53322387,0.54719335,0.53499883,0.52511686,0.5159131,0.5577546,0.49862882,0.50662845,0.47361177,0.5669802,0.509698,0.5262807,0.49266565,0.51273215,0.54433876,0.5578768,0.5749328,0.57824636,0.6332082,0.54918706,0.6026531,0.57527024,0.5948874,0.5986646,0.60093045,0.5897728,0.5629699,0.4992501,0.5738564,0.5932457,0.5349332,0.48779127,0.56025535,0.5407285,0.58649296,0.4647625,0.49868336,0.47606835,0.50480795,0.49468425,0.5734073,0.5806143,0.5496408,0.499563,0.4494166,0.5116763,0.47015876,0.5078934,0.5742336,0.4948855,0.5346592,0.50720626,0.5006876,0.57067764,0.5248502,0.50834674,0.48316833,0.47381905,0.5254258,0.52827245,0.48442513,0.49465215,0.50638,0.53092104,0.5410979,0.52525425,0.4903531,0.463284,0.55488425,0.58180374,0.5298515,0.5070929,0.5465633,0.56496835,0.5610635,0.47588417,0.54048306,0.47791076,0.509695,0.5849801,0.54208446,0.5556154,0.57509696,0.6218203,0.5572372,0.6082938,0.54379964,0.55119884,0.51905334,0.5358581,0.46138546,0.51463854,0.52249074,0.47464767,0.51475453,0.54059577,0.5568134,0.52575743,0.60779995,0.5698058,0.56913096,0.45956948,0.5747823,0.65669096,0.6678845,0.46558654,0.48964334,0.51777035,0.6107068,0.4964721,0.50794685,0.5295095,0.4864167,0.5103213,0.62766,0.60055476,0.52693814,0.5526968,0.59267,0.43707234,0.46695793,0.5359327,0.56465936,0.570254,0.52295613,0.46001455,0.46506903,0.48934612,0.48857445,0.5794004,0.5908536,0.46739846,0.5512773,0.5341873,0.4474799,0.47198206,0.4600736,0.48444125,0.4858888,0.4577266,0.48631766,0.48226777,0.4812031,0.4830151,0.54016304,0.5382731,0.43872344,0.44822025,0.44404745,0.45241806,0.48589996,0.47679,0.48137388
99,0.5440528,0.5263777,0.51338047,0.55215377,0.53903776,0.53004104,0.5426039,0.4912929,0.49604857,0.51059467,0.51092875,0.5386304,0.5004206,0.5829863,0.57253057,0.5081483,0.4708605,0.551705,0.5496222,0.51768714,0.5212617,0.5442624,0.51686406,0.51510787,0.5371735,0.5401422,0.53733855,0.5782147,0.5335927,0.7235723,0.636915,0.60610884,0.72763807,0.6324888,0.6865027,0.45689029,0.49975514,0.5042916,0.48903084,0.48001304,0.49997807,0.5182393,0.5009367,0.46292284,0.52434295,0.48742172,0.5390835,0.5457289,0.54594225,0.47714642,0.5460753,0.559282,0.499327,0.51292145,0.47483695,0.57725686,0.50840694,0.49377877,0.51683563,0.52769595,0.545365,0.5454824,0.48555,0.5559893,0.6484876,0.49073395,0.5553733,0.50442433,0.59443456,0.57765365,0.5439753,0.5337669,0.4603291,0.49313587,0.53102803,0.55253375,0.488086,0.40507308,0.438646,0.35136744,0.56172466,0.36300263,0.41493252,0.40057734,0.4039801,0.467268,0.5920976,0.645792,0.52347594,0.5546476,0.3777892,0.40478432,0.4667756,0.5454361,0.5337923,0.45432857,0.42698652,0.47572935,0.49589455,0.5895316,0.52760637,0.5400301,0.53016084,0.5290326,0.52377707,0.51736325,0.48181704,0.5049602,0.49670726,0.5423534,0.5165614,0.53552395,0.49726948,0.4801843,0.54375815,0.543476,0.5006153,0.52131456,0.5509421,0.582003,0.5893816,0.4694661,0.5188057,0.5505908,0.5259167,0.6044864,0.49777612,0.63058215,0.55497414,0.5919325,0.5667741,0.6308651,0.46900803,0.48175848,0.5307438,0.44940817,0.41274014,0.48843947,0.51272863,0.4615956,0.5964552,0.52170235,0.54169554,0.44093636,0.505516,0.51211405,0.5921453,0.384389,0.51254094,0.6636558,0.6358484,0.46494457,0.5293599,0.45256,0.597655,0.4935118,0.51189655,0.5211673,0.4940554,0.48402143,0.69250745,0.5426233,0.5065926,0.5050199,0.6287753,0.40651134,0.49330974,0.58238333,0.50988567,0.47784826,0.40354222,0.4617409,0.5080166,0.54308575,0.51273966,0.7040069,0.52589184,0.45977592,0.5137982,0.48908103,0.5412989,0.4973872,0.5117842,0.5305661,0.53387976,0.5460767,0.54980344,0.48705554,0.4852874,0.5359911,0.4301838,0.48097852,0.5054454,0.60910296,0.600888,0.49085668,0.5009711,0.5556803,0.5770232,0.513243,0.5363629,0.55039155,0.47930574,0.5146858,0.4622007,0.51031697,0.5386457,0.5788943,0.5739682,0.7074124,0.6763224,0.6185951,0.7377663,0.6536174,0.7145888,0.46634436,0.48742485,0.48711786,0.47348955,0.47569665,0.51246876,0.48401526,0.54379535,0.45313507,0.5144677,0.4650287,0.54122937,0.5495455,0.546192,0.5014584,0.5217153,0.56815624,0.5040076,0.5042633,0.4806437,0.59710246,0.505468,0.51816726,0.50261116,0.52953154,0.56978923,0.5374876,0.53904206,0.5990009,0.69034404,0.52837926,0.6133999,0.5559934,0.61759233,0.6037892,0.61184067,0.62854385,0.5122266,0.46485397,0.567866,0.60665256,0.5124266,0.4640325,0.52227855,0.49946633,0.54696786,0.4179611,0.44171765,0.46333095,0.44028845,0.4607151,0.5655752,0.6358703,0.5580231,0.50810796,0.40619612,0.49534547,0.46772018,0.50397205,0.5441366,0.4893284,0.49139822,0.47941533,0.5160985,0.5932837,0.5304774,0.5156623,0.49990466,0.4879879,0.54262465,0.5460525,0.48167047,0.48734823,0.5002904,0.5373203,0.49466404,0.52255636,0.5057099,0.47117275,0.5641674,0.5981519,0.5227825,0.52177864,0.5598096,0.5829569,0.5806322,0.47446546,0.520193,0.49297774,0.5003161,0.61384624,0.5469688,0.5657996,0.5612599,0.60943764,0.5739654,0.6521414,0.5085129,0.55379176,0.53626066,0.547149,0.41846237,0.49466044,0.51443356,0.46013087,0.55354655,0.54827136,0.5751633,0.47229993,0.57891685,0.5478804,0.5823501,0.44036847,0.52522534,0.6834186,0.6875883,0.45963755,0.4931041,0.49800768,0.6495135,0.5213033,0.5113049,0.519083,0.51408,0.50962704,0.6645122,0.6042115,0.52762985,0.5899735,0.6417714,0.42508972,0.47261852,0.5581382,0.53355503,0.5456039,0.48375753,0.44771302,0.46782598,0.5002677,0.5007775,0.6161209,0.57710844,0.47542387,0.5389267,0.5420892,0.4479256,0.4758549,0.45953444,0.49508667,0.48524013,0.45414698,0.48699299,0.48523957,0.48336878,0.4840155,0.5553017,0.5516435,0.4373663,0.44894367,0.44753093,0.4562997,0.4904872,0.48106134,0.48357007
100,0.52814823,0.5240601,0.50695735,0.54038537,0.52587795,0.50280935,0.51205903,0.4904176,0.48954424,0.50112367,0.46804595,0.5026585,0.4857173,0.57298744,0.5399122,0.47263533,0.4254098,0.5498845,0.5098463,0.49988857,0.5095328,0.5129869,0.5309189,0.5118551,0.50040776,0.5068039,0.5431271,0.56679416,0.51294994,0.7521011,0.64667654,0.5899096,0.75124884,0.6345881,0.6976152,0.44726396,0.5033034,0.49423215,0.49207944,0.48555648,0.50280887,0.5251964,0.48822156,0.45983973,0.5261449,0.46541637,0.5342141,0.52247304,0.5376053,0.42080694,0.5384733,0.5562541,0.4916727,0.5075521,0.48412716,0.58693767,0.491144,0.46219957,0.51185817,0.5241758,0.5500644,0.5253551,0.43350267,0.5538708,0.6813559,0.48995924,0.53331405,0.4970108,0.5928174,0.5627011,0.5481401,0.51389784,0.40252337,0.44124687,0.48798552,0.53478336,0.46888795,0.3649638,0.37255085,0.28453025,0.50851595,0.30329078,0.35768977,0.3894448,0.36074397,0.43451223,0.5781367,0.67319095,0.49727184,0.556561,0.35070306,0.37898156,0.46296862,0.53251725,0.489149,0.43655097,0.39134133,0.47574225,0.5053946,0.59477186,0.53197813,0.5363446,0.5308756,0.5314514,0.53153986,0.5137052,0.4663157,0.48185998,0.4813531,0.5337884,0.46802184,0.5316267,0.5093095,0.46618372,0.537186,0.5251631,0.4576059,0.5223826,0.5548397,0.5790213,0.58666706,0.45436475,0.4739049,0.5512837,0.4930452,0.61184883,0.4781659,0.59855586,0.49950588,0.54547256,0.560958,0.63778377,0.424714,0.4660456,0.5218551,0.42362368,0.37151417,0.45140076,0.47597748,0.44937196,0.6208915,0.50987095,0.5243365,0.36941615,0.452271,0.4674412,0.5848634,0.34630582,0.46158668,0.6524755,0.6342326,0.45046303,0.52812904,0.4136921,0.5986526,0.49643725,0.4988632,0.49762714,0.49962097,0.47601107,0.7051003,0.5135961,0.4788623,0.52926266,0.64078605,0.39030603,0.48440343,0.5871935,0.46193385,0.43873015,0.34449446,0.4248905,0.5092718,0.5435622,0.5025895,0.7073269,0.48494154,0.45827878,0.48854735,0.47094965,0.5280243,0.4995823,0.50584275,0.51932865,0.5172937,0.5267886,0.53085065,0.48479447,0.4794141,0.5256998,0.40696833,0.457679,0.49006572,0.59619373,0.56741196,0.465314,0.45798734,0.56791896,0.5516501,0.50860035,0.545639,0.52091014,0.49940977,0.50900155,0.44998983,0.49020153,0.5493824,0.59003055,0.562,0.7381019,0.6868581,0.60377836,0.7661159,0.64493173,0.72946256,0.4569638,0.4908326,0.47712833,0.4688653,0.47658798,0.51249915,0.48278314,0.5418093,0.44418153,0.5222236,0.44412974,0.5314054,0.5303848,0.5397194,0.46204448,0.5129201,0.5583365,0.4964134,0.49188963,0.48168656,0.6060204,0.48707318,0.4955852,0.49953765,0.5315343,0.5754801,0.5020581,0.4919146,0.5992454,0.71779823,0.49897435,0.60376614,0.5255586,0.6161449,0.589333,0.59950006,0.6466581,0.45544672,0.42619297,0.5370606,0.5997373,0.48781902,0.4361973,0.47844464,0.45278352,0.4952976,0.374448,0.3847013,0.4425443,0.37987426,0.4198328,0.5375371,0.6657711,0.55246526,0.5128388,0.36951742,0.47469097,0.46438003,0.49332717,0.49512205,0.47690657,0.44511598,0.4476201,0.518803,0.59306335,0.52211785,0.50741726,0.5050289,0.49473536,0.54515857,0.5462519,0.4669122,0.47181365,0.4854116,0.5297374,0.44026613,0.50879097,0.51200706,0.47445166,0.5518309,0.58713067,0.49783835,0.5291148,0.55849355,0.5840505,0.57960904,0.47019923,0.4788813,0.49490452,0.47680438,0.6211595,0.53951234,0.5558791,0.52315485,0.57217014,0.571616,0.6705818,0.4647353,0.5427142,0.5409222,0.5413864,0.37230262,0.45884365,0.4914475,0.4410624,0.5798268,0.54215175,0.5791612,0.41282967,0.5326532,0.5084009,0.5712554,0.41772807,0.46636292,0.68138194,0.6805368,0.4503585,0.48867905,0.46382084,0.6643846,0.5321092,0.49692094,0.49574146,0.5327329,0.49949023,0.66784793,0.58750165,0.5121543,0.61076367,0.66626614,0.42003828,0.47330981,0.5607061,0.49167404,0.5084781,0.44509503,0.43493685,0.46331003,0.49547395,0.5005333,0.6360058,0.550208,0.47719428,0.5093055,0.5290939,0.45408872,0.47772074,0.4586183,0.50087833,0.4795146,0.45116985,0.482443,0.4816533,0.48025498,0.47985774,0.55585307,0.55248463,0.43826702,0.4513119,0.4525021,0.46138734,0.48748162,0.48033252,0.48081037
101,0.5030773,0.50432986,0.4912841,0.5150532,0.5007655,0.46726868,0.47185978,0.47987837,0.47254843,0.48246565,0.42301255,0.45617354,0.4626099,0.5452906,0.49353752,0.4302002,0.3855138,0.5293275,0.4609655,0.47103095,0.48584977,0.46884328,0.5268414,0.4916725,0.4516993,0.4615321,0.53342193,0.53601927,0.48212597,0.7431212,0.63024384,0.5506821,0.73580575,0.6085545,0.67731225,0.43325666,0.49570936,0.47504485,0.48525712,0.48192987,0.49254057,0.5208049,0.4666835,0.44919708,0.5167682,0.4420231,0.51567864,0.4880375,0.51922894,0.36805776,0.5148792,0.53679174,0.47320873,0.49386436,0.4867947,0.5757365,0.4636869,0.42258704,0.4918184,0.50431645,0.53707457,0.4915032,0.3819935,0.53362334,0.67996,0.48132372,0.49866426,0.47564417,0.5706541,0.52815056,0.5332689,0.47919306,0.3516344,0.38976783,0.43801236,0.50366,0.4462019,0.33497217,0.3215643,0.24273106,0.44823468,0.26562157,0.3125341,0.38198322,0.32733184,0.39737615,0.5386247,0.6700873,0.4647207,0.54305446,0.33495024,0.36635256,0.45890358,0.5067733,0.4385701,0.41773382,0.36003783,0.46246335,0.5020108,0.5759439,0.52466995,0.5139906,0.5134625,0.5148049,0.5226209,0.49593678,0.44279107,0.44994166,0.45547792,0.51334727,0.41552216,0.51407903,0.5081932,0.4438722,0.51575583,0.4933275,0.41090173,0.5132398,0.54482484,0.55779,0.5639327,0.43889412,0.423708,0.53026307,0.45041266,0.59868395,0.45785317,0.5441496,0.4359155,0.4852315,0.5397832,0.6169063,0.3820121,0.44729406,0.50365067,0.39790076,0.34089062,0.4137707,0.43200073,0.43583518,0.62317014,0.49235636,0.50160533,0.31135178,0.39702538,0.42454085,0.55599356,0.32002366,0.4085306,0.61244214,0.6050565,0.43580273,0.51509327,0.38110986,0.580963,0.48551434,0.47365147,0.4691839,0.49555716,0.46662566,0.6857008,0.46982697,0.44638082,0.5411432,0.6245555,0.38245907,0.46636704,0.5673636,0.4102805,0.3957944,0.30260378,0.393211,0.49504134,0.5228234,0.47947836,0.6782514,0.43745336,0.4540318,0.4503671,0.44320217,0.5052919,0.48635396,0.48902923,0.49675888,0.4901179,0.494451,0.4968416,0.47305113,0.46356288,0.50527185,0.38818476,0.43020555,0.4647832,0.5665558,0.52179164,0.43346962,0.41251093,0.559195,0.50848776,0.4913566,0.5351948,0.4761985,0.50342953,0.4870577,0.43349388,0.46412426,0.54606915,0.57983875,0.5364812,0.73439807,0.6715916,0.5714196,0.75923,0.61325383,0.7130483,0.4420103,0.48494726,0.4622762,0.45830753,0.4699601,0.5002688,0.47637042,0.52352357,0.43271518,0.51792413,0.4232847,0.50848633,0.49588752,0.51967984,0.42071593,0.49163082,0.5320435,0.47718224,0.4733084,0.475733,0.5914283,0.4603342,0.46562877,0.48387745,0.5154118,0.560672,0.4598224,0.445525,0.57996666,0.71367294,0.46894237,0.57746947,0.49023053,0.5937807,0.5607033,0.56839174,0.642839,0.40765804,0.39426962,0.49180225,0.57588166,0.46668413,0.41112036,0.44067058,0.41252044,0.44614694,0.3471803,0.34229627,0.41958058,0.33715674,0.38233817,0.4976425,0.66607535,0.5357899,0.513162,0.3475403,0.45813757,0.460885,0.4796662,0.44123796,0.4612005,0.4062154,0.41787252,0.50655645,0.56978816,0.5014607,0.48424014,0.49497876,0.4900221,0.5319721,0.52935636,0.44235063,0.4498024,0.46599826,0.510538,0.39205465,0.48788348,0.5050582,0.4710016,0.5230849,0.5538445,0.46334094,0.52672946,0.5445936,0.5680676,0.55961525,0.46497595,0.43036363,0.48102966,0.44574973,0.60710496,0.52373755,0.53044146,0.4730809,0.5217405,0.5528624,0.66119295,0.42402557,0.52174854,0.5331757,0.5205007,0.33778694,0.41827872,0.4598129,0.42395368,0.5866026,0.5258635,0.5708923,0.36521617,0.4813625,0.46444377,0.53977823,0.39878005,0.4146382,0.6528595,0.6492398,0.44001472,0.4774717,0.42550492,0.6552572,0.52396756,0.47011253,0.46688792,0.53600204,0.4831285,0.6421131,0.5565896,0.48439246,0.61236167,0.6624774,0.42385352,0.46870813,0.54291874,0.4493478,0.46832523,0.41777766,0.42585674,0.45033017,0.4740523,0.48570988,0.6370501,0.515805,0.47134408,0.46797535,0.50024253,0.46187684,0.47551554,0.45763457,0.50027835,0.46965244,0.44871882,0.474764,0.4737832,0.4730381,0.47219163,0.54151154,0.5406835,0.4408399,0.45467576,0.45666483,0.4656467,0.47842816,0.47547945,0.47365034
102,0.4760835,0.4720875,0.47132784,0.48382834,0.47072396,0.432192,0.43145868,0.46234354,0.4498495,0.4570934,0.38463745,0.40986001,0.43851835,0.50855005,0.4475237,0.39404142,0.36142927,0.49398172,0.4175456,0.43839374,0.4557946,0.42227986,0.50525093,0.45851293,0.4018517,0.41434985,0.5117093,0.49225846,0.4499016,0.6985773,0.5933901,0.49698266,0.68398786,0.562146,0.6312816,0.42018613,0.47924298,0.45207706,0.47312358,0.47013554,0.47076476,0.5075219,0.43836477,0.43169174,0.49981916,0.42309234,0.48838356,0.45228013,0.49674258,0.33329996,0.48208335,0.5062729,0.4487359,0.4752357,0.48096222,0.5430064,0.43247813,0.38553703,0.4618065,0.4703536,0.5091619,0.45096126,0.3409474,0.5015812,0.64610004,0.46715954,0.45823017,0.44545543,0.53278655,0.4800942,0.50209427,0.43829736,0.31631976,0.34879032,0.3921556,0.46607018,0.423238,0.31904972,0.29262173,0.22880857,0.39535838,0.25293806,0.28628805,0.37899297,0.3092575,0.36427212,0.48274723,0.6376081,0.43340006,0.51731926,0.3331017,0.36804408,0.45490518,0.4731712,0.3952811,0.40147045,0.33856422,0.43815312,0.48362845,0.5354095,0.50685734,0.47818068,0.4819076,0.48223123,0.4975536,0.46843612,0.41589913,0.41429907,0.4243658,0.48515448,0.3697449,0.48746002,0.49039146,0.41684085,0.48327154,0.45557302,0.37249076,0.49657607,0.52298546,0.5221421,0.5282633,0.42633238,0.3803639,0.49163115,0.40811777,0.5689829,0.4411089,0.4805247,0.3807988,0.42624322,0.5080296,0.57140166,0.35023245,0.42959034,0.48025158,0.37847626,0.32679695,0.3851466,0.39021143,0.42172915,0.6030882,0.474513,0.48021308,0.27824667,0.35512826,0.39506134,0.51027054,0.3085056,0.36477157,0.5507978,0.5544075,0.42462844,0.49411535,0.3608182,0.5487164,0.46348983,0.4434239,0.44414964,0.48247945,0.45723066,0.63963,0.42435414,0.41653374,0.5383052,0.5822989,0.38444892,0.4439101,0.5272216,0.36584717,0.36058223,0.28191054,0.37348217,0.46840972,0.48525584,0.44827175,0.6212813,0.39302403,0.44818285,0.4074882,0.41320497,0.479958,0.46057996,0.46646792,0.46983573,0.45956513,0.45729926,0.45539436,0.45518655,0.4423126,0.477544,0.37497246,0.4041429,0.43764213,0.5290382,0.47658804,0.40451282,0.37740907,0.5306736,0.46049064,0.46639332,0.5077287,0.4270854,0.48975885,0.45237082,0.41404545,0.43608904,0.53020096,0.5501126,0.5042629,0.69846845,0.63487256,0.5282745,0.7205829,0.5661491,0.6688795,0.42681232,0.47122172,0.44625393,0.4464495,0.45685685,0.47791332,0.46707004,0.49057093,0.4187914,0.5035462,0.40757546,0.47924736,0.45667687,0.4929441,0.38916382,0.46388635,0.49670622,0.4514628,0.45304027,0.4628817,0.55549043,0.43091986,0.43623558,0.4591676,0.48307338,0.5289139,0.4188461,0.40776688,0.5464941,0.6792457,0.44254166,0.5381413,0.45599553,0.55468494,0.52180743,0.5236917,0.61765724,0.37628564,0.372864,0.44227085,0.537971,0.45090348,0.39266568,0.41424447,0.3855912,0.40852866,0.33934066,0.32010242,0.3994936,0.31716213,0.3556845,0.45441902,0.63745844,0.51124865,0.50909483,0.3426202,0.44981408,0.45765838,0.46515566,0.39628986,0.44502088,0.38049564,0.3937816,0.48129964,0.52794665,0.4732508,0.4521942,0.4711039,0.4740627,0.50505066,0.49951547,0.41344056,0.42433032,0.44540972,0.48422918,0.35856915,0.46351597,0.48411316,0.4599521,0.48535758,0.50710773,0.42858958,0.5147335,0.52139324,0.5372733,0.5270374,0.46004108,0.3869387,0.4541839,0.41409683,0.57527304,0.50305074,0.49546623,0.42311272,0.4693543,0.521792,0.6249991,0.39412764,0.49530938,0.51535547,0.48880684,0.3209716,0.38367468,0.42566848,0.4111089,0.5719006,0.50428426,0.5529689,0.33933264,0.4371761,0.42689866,0.49480855,0.3866514,0.37936935,0.6011435,0.5983187,0.43189666,0.46313778,0.39287844,0.6245223,0.49889785,0.4390145,0.44079077,0.52360314,0.4640224,0.5945697,0.51799685,0.45091888,0.5960639,0.63069385,0.43497828,0.45900595,0.5095224,0.4132581,0.43380362,0.4034195,0.42269376,0.42982367,0.440706,0.4586614,0.619292,0.4795539,0.45964935,0.42312872,0.46401048,0.4681403,0.46820626,0.45566294,0.49275154,0.45701858,0.44606426,0.46578133,0.46404046,0.46323705,0.4628179,0.5147131,0.5180189,0.44368494,0.4581195,0.45782962,0.46707338,0.46567294,0.46787193,0.4632316
103,0.45099917,0.4344809,0.4497939,0.45282254,0.44166264,0.40395603,0.39783815,0.44171074,0.4270119,0.43006715,0.3593196,0.3719359,0.41757727,0.4697718,0.409908,0.37185854,0.35593864,0.45168364,0.3884991,0.40951723,0.42517546,0.38384277,0.47094014,0.4198311,0.35975593,0.37397352,0.4844214,0.44420835,0.42406046,0.6233905,0.5438858,0.43925035,0.6030655,0.5068833,0.56804675,0.41251937,0.45855626,0.4298994,0.46167374,0.4532932,0.44235313,0.48799717,0.40762264,0.40992144,0.4798382,0.412335,0.45588407,0.42360947,0.4750341,0.32245004,0.44696897,0.46937543,0.4234662,0.45218322,0.46650055,0.49177775,0.40359735,0.35933432,0.42927513,0.42844436,0.47335544,0.4116507,0.31562138,0.4662892,0.58869183,0.45251533,0.41781807,0.41473424,0.48637488,0.42725834,0.46198788,0.40038323,0.29920888,0.32209274,0.35751444,0.42849094,0.40297988,0.3169999,0.28506473,0.241147,0.35830942,0.2627751,0.27949977,0.3796181,0.30785957,0.34134907,0.4237183,0.58263934,0.40911278,0.48486832,0.34422627,0.38249394,0.45152095,0.43720725,0.36848742,0.38956183,0.32982084,0.4095916,0.45275527,0.4797574,0.47981778,0.43730032,0.44395134,0.4418021,0.46045965,0.43671378,0.39112356,0.37993708,0.39327303,0.45478946,0.3373388,0.4574866,0.45700946,0.38858318,0.44306538,0.41710743,0.3486458,0.47696388,0.49343157,0.47904697,0.48742333,0.41845796,0.34921685,0.44464096,0.37337506,0.52947885,0.42914733,0.42020038,0.34229308,0.37834236,0.47132158,0.5105405,0.3351567,0.41635135,0.45674998,0.36945894,0.32983938,0.37053946,0.35725337,0.40712267,0.5645974,0.45777142,0.46379647,0.27149418,0.33371943,0.38440076,0.4538843,0.31048265,0.335501,0.47970763,0.49332854,0.4168268,0.46817374,0.35278967,0.50909024,0.43488175,0.41321,0.42750782,0.46248677,0.44662148,0.5758955,0.38807058,0.39410573,0.5230553,0.5245624,0.39543188,0.42151555,0.4752242,0.33574578,0.34063327,0.28122818,0.36638418,0.43579358,0.4397136,0.41545087,0.54561704,0.35860965,0.442378,0.36963522,0.38892585,0.45574972,0.42797655,0.44175604,0.4437519,0.43137288,0.42319477,0.4145395,0.43516222,0.42075062,0.44747767,0.36802664,0.38321942,0.41383013,0.48966387,0.43815643,0.38350594,0.3606558,0.489191,0.41979125,0.440458,0.47032583,0.38594916,0.4619239,0.41254893,0.39364797,0.40863436,0.50623256,0.50632423,0.4727257,0.634754,0.58291686,0.48094207,0.65458167,0.5128039,0.6025832,0.41620895,0.45287102,0.43165815,0.4376175,0.43888107,0.44970196,0.4552781,0.44806996,0.40347958,0.4832079,0.40043062,0.44752,0.42326272,0.4664317,0.37484777,0.43522868,0.45812422,0.42467633,0.43103388,0.44363824,0.50250965,0.4037467,0.4143665,0.43129188,0.4409505,0.4877421,0.38505387,0.38172555,0.5067034,0.619759,0.42283574,0.49012414,0.4268779,0.5050719,0.47724652,0.4730128,0.5742747,0.36124074,0.36032537,0.3967429,0.49128184,0.43913057,0.38221967,0.40076768,0.37578958,0.38542014,0.3492584,0.3168949,0.38511208,0.3173497,0.34217027,0.4139984,0.58665395,0.48239335,0.50172234,0.35199866,0.4502189,0.45488206,0.4508437,0.37011117,0.43035895,0.36813712,0.37650552,0.44766068,0.47424093,0.44042057,0.41893414,0.43943948,0.45068574,0.468431,0.4620685,0.38634184,0.39861938,0.42574644,0.45620832,0.34182036,0.43869564,0.45173597,0.4417789,0.44454053,0.4556122,0.40080383,0.4964389,0.4930939,0.49656373,0.48916462,0.45650133,0.35494027,0.42167526,0.38681215,0.53216505,0.4810769,0.45769,0.38157287,0.4224045,0.48403114,0.5679889,0.37947953,0.46881583,0.49250847,0.4539185,0.32188505,0.36259377,0.3948621,0.40309328,0.5392955,0.48045385,0.52918875,0.3367534,0.4074245,0.4040968,0.44320226,0.38147563,0.36113974,0.53334576,0.53536904,0.42628026,0.44727603,0.37119943,0.5787204,0.46239504,0.40965095,0.42272103,0.49823493,0.44373143,0.53515816,0.4783366,0.41937953,0.5658841,0.57648385,0.44984263,0.44581157,0.46765724,0.38662297,0.40819722,0.39865652,0.425238,0.40497252,0.4041335,0.42607588,0.58551246,0.44625363,0.4465801,0.3835154,0.42978424,0.4717997,0.4567638,0.45243928,0.4800393,0.44390747,0.44307554,0.4571086,0.45476228,0.45262218,0.4532864,0.48097897,0.48868987,0.44536904,0.46092898,0.45504564,0.46466798,0.45208055,0.45914513,0.4515417
104,0.43009,0.3986301,0.4278249,0.42679414,0.4183837,0.38662112,0.37606376,0.42265347,0.40915096,0.40767613,0.35020426,0.3481199,0.4005083,0.4349096,0.38294297,0.3631722,0.36517859,0.41349956,0.37594375,0.39009392,0.40013802,0.36172828,0.43214288,0.38433358,0.33214474,0.347231,0.4598696,0.40234476,0.4089219,0.5337135,0.49264213,0.38872227,0.51325345,0.45633256,0.5011131,0.41289383,0.43995926,0.4126949,0.45691815,0.43607494,0.4145978,0.46644393,0.38022476,0.3886604,0.46194017,0.41015947,0.4214905,0.4061537,0.45689866,0.3338447,0.41557944,0.4310433,0.40213344,0.42476878,0.44639337,0.43083772,0.38264868,0.34865057,0.40193358,0.387883,0.43950593,0.38096356,0.30715927,0.43672678,0.5257207,0.44420025,0.38186157,0.3920134,0.4412132,0.3800343,0.42344832,0.3724915,0.29813334,0.31056017,0.33864135,0.39786878,0.3873164,0.32640275,0.2958624,0.27656764,0.3403523,0.29152384,0.28885618,0.38252583,0.32078663,0.3315341,0.37561488,0.5201911,0.39409265,0.45217472,0.3643507,0.40594804,0.449073,0.40588456,0.36148232,0.38194224,0.33303937,0.38525438,0.41617095,0.42085955,0.44696152,0.4007953,0.40819675,0.40400562,0.419469,0.40728623,0.3723489,0.35157982,0.3677874,0.42879328,0.32197437,0.43142346,0.41549054,0.3632743,0.3998923,0.3812046,0.3389697,0.4593271,0.4625564,0.43797547,0.448719,0.41603398,0.3310534,0.4008243,0.3503943,0.48956,0.42288846,0.37315315,0.32223645,0.344706,0.4362719,0.44881198,0.33796522,0.40913358,0.43926537,0.3731126,0.34769475,0.3705402,0.33779076,0.393427,0.517032,0.44202363,0.4537747,0.28717476,0.33255878,0.39228728,0.39544806,0.3227612,0.3199854,0.4144091,0.4354464,0.40967768,0.44066527,0.35381535,0.4723141,0.40525526,0.38582113,0.42049333,0.4386936,0.43389094,0.50991416,0.366952,0.3819163,0.50125265,0.46896878,0.41231906,0.40368035,0.4229073,0.32358804,0.33749324,0.29688397,0.36925977,0.40438166,0.3970757,0.3876543,0.46808577,0.33648372,0.43799505,0.34498516,0.37692076,0.43484685,0.39530557,0.4174252,0.42215168,0.4099804,0.3987,0.38249373,0.41724977,0.40383682,0.4213042,0.36757833,0.37071386,0.3950811,0.45286652,0.4078512,0.3704568,0.3632687,0.4466161,0.39345977,0.4205676,0.433923,0.36280012,0.42790908,0.37677366,0.3761058,0.3856014,0.4809708,0.45888415,0.44775322,0.5564491,0.52648085,0.43652576,0.5744973,0.46387562,0.52718574,0.41375664,0.43483314,0.42081362,0.4354057,0.41936678,0.4223923,0.44159475,0.4050158,0.38948038,0.46280408,0.40150535,0.41566095,0.40176943,0.44449353,0.3781921,0.4103976,0.42119098,0.40182084,0.40631276,0.42111647,0.44072166,0.38312855,0.4041609,0.40730256,0.39895386,0.44807407,0.3625254,0.36766487,0.4699649,0.54920053,0.41308206,0.44038284,0.40482667,0.45472434,0.4343054,0.42725998,0.521027,0.3580859,0.35472968,0.3625279,0.44549403,0.42853695,0.37918013,0.40114823,0.38434535,0.3769811,0.37349677,0.32837686,0.3770981,0.3302573,0.34049872,0.38056684,0.5278575,0.45345494,0.49283305,0.36983535,0.4578419,0.45233965,0.4388812,0.36626396,0.417836,0.3652748,0.3654073,0.4119604,0.41844964,0.4065243,0.39137697,0.408537,0.4261162,0.42894825,0.42388347,0.36561543,0.37574804,0.40881664,0.4318127,0.34032482,0.4168993,0.41414633,0.41909814,0.40520793,0.40709984,0.38235384,0.47735474,0.46524936,0.45420486,0.45353916,0.45526958,0.33602872,0.39254305,0.36666736,0.48768216,0.46257535,0.42489755,0.35335755,0.38459033,0.44695204,0.5029229,0.38083887,0.447582,0.47146252,0.42575875,0.33646753,0.35764226,0.3729152,0.39940587,0.4982457,0.45702067,0.5048189,0.3527265,0.39353532,0.39999467,0.3917473,0.38136026,0.3549863,0.46250853,0.47141525,0.42104182,0.43063992,0.36188173,0.52954274,0.42319536,0.38469973,0.4145634,0.46585882,0.42410067,0.47720465,0.4444094,0.39706647,0.52883214,0.51377016,0.46431088,0.43268755,0.42593598,0.37126705,0.39023483,0.39925596,0.43177462,0.38058272,0.3737154,0.39667827,0.5434315,0.41869262,0.4365633,0.3570867,0.40598083,0.47327617,0.44468635,0.44869438,0.46568844,0.43297338,0.44033024,0.45026636,0.44802314,0.44339758,0.4452933,0.44824013,0.45933706,0.44542885,0.4626237,0.44927222,0.45924824,0.44083282,0.45120963,0.44131002
105,0.41637334,0.37233025,0.40769958,0.41035187,0.4054732,0.38264507,0.3696381,0.41003662,0.39976013,0.39404255,0.35598558,0.34127456,0.38777694,0.41136882,0.36823702,0.36313546,0.38095444,0.3903212,0.37715304,0.38369805,0.38718998,0.35980615,0.40033957,0.36046317,0.32307512,0.33835888,0.44499445,0.37577227,0.40491375,0.45847735,0.45393074,0.35666913,0.44523966,0.42468998,0.44903606,0.42100754,0.42867792,0.40363246,0.4614546,0.4236108,0.3953368,0.44878402,0.36171052,0.37393513,0.4490529,0.41255298,0.39205468,0.399876,0.4433542,0.35931155,0.39343673,0.3990532,0.38887405,0.39793506,0.42691386,0.3765429,0.37383458,0.3541091,0.3856136,0.35887754,0.41875637,0.36580807,0.31327567,0.42241997,0.4812364,0.44734532,0.35517758,0.38461107,0.40841952,0.3485964,0.39843166,0.35993984,0.30756706,0.31365386,0.33710217,0.3803827,0.3770695,0.3425431,0.31832424,0.32557267,0.34020546,0.33130696,0.30818316,0.38655162,0.34193408,0.33544984,0.35024625,0.47094092,0.38753396,0.42647076,0.38716477,0.43122455,0.4474046,0.38705245,0.37068692,0.37782538,0.34495714,0.3738574,0.38382295,0.37412706,0.41633677,0.37703317,0.3821403,0.37872872,0.38574782,0.3872628,0.36197424,0.33397752,0.35413545,0.41286242,0.32442316,0.41767648,0.37862363,0.34659785,0.36279717,0.35293084,0.33962646,0.44798732,0.43895522,0.40919173,0.4193244,0.4186234,0.3257789,0.3706855,0.34164527,0.45893988,0.42297697,0.34628642,0.3196723,0.32473186,0.41012892,0.40203476,0.3541248,0.40711662,0.43225548,0.38842434,0.3738846,0.3820326,0.333934,0.3829712,0.4736844,0.42798144,0.44858703,0.3166871,0.34685612,0.41150475,0.34732953,0.33993718,0.3149235,0.36845386,0.39465618,0.4011492,0.4171042,0.36021227,0.44863203,0.3827287,0.3657895,0.42082247,0.41634622,0.42082974,0.46033797,0.36331245,0.38110855,0.48164365,0.43303475,0.43018195,0.39403293,0.3830524,0.328683,0.3494725,0.32095134,0.3782537,0.38152915,0.36794534,0.3708097,0.40963912,0.32574993,0.4358428,0.33899596,0.38147312,0.4203296,0.3709635,0.3969624,0.4085518,0.3993486,0.38880125,0.36692,0.4061447,0.3956258,0.40378475,0.37209922,0.36922348,0.38260588,0.42475083,0.38668618,0.36382607,0.37956536,0.41634727,0.3834691,0.41256538,0.41069806,0.36240306,0.40016595,0.3531267,0.36611083,0.3725549,0.4606992,0.42100132,0.43124434,0.4870812,0.48021066,0.40382895,0.5060895,0.4304691,0.46430552,0.42003325,0.42207316,0.41518268,0.44061595,0.40411097,0.4035955,0.42887565,0.3729104,0.3804171,0.44685254,0.4057037,0.38940963,0.3934724,0.42872036,0.3919667,0.39384687,0.39262968,0.38755387,0.38342658,0.4018442,0.38586876,0.37218958,0.4052838,0.3934681,0.3681084,0.4228008,0.35429725,0.3629415,0.44606426,0.49083903,0.4134739,0.3987692,0.3901208,0.4161081,0.40148118,0.3973159,0.47263154,0.35892653,0.35494998,0.3457265,0.41102728,0.41550273,0.38101217,0.41140804,0.4056019,0.37942067,0.40379778,0.34646994,0.37479055,0.34489855,0.34783617,0.35827437,0.47966495,0.42900616,0.48388052,0.3881987,0.46837577,0.4496718,0.43277842,0.38032088,0.4072444,0.36573765,0.35932824,0.38215467,0.37381002,0.37898648,0.3745905,0.38656753,0.40752187,0.3961483,0.39373133,0.3544252,0.35949782,0.39717606,0.41550735,0.34966266,0.403326,0.38145453,0.39768973,0.37420905,0.3704838,0.3727728,0.46313056,0.44419286,0.421078,0.4274286,0.45626286,0.33012986,0.3751319,0.35596997,0.4530995,0.45159703,0.40454438,0.34108776,0.35736448,0.41872057,0.4477754,0.39251488,0.43439978,0.45810306,0.41223833,0.35676843,0.3667497,0.36325952,0.39801663,0.4611708,0.43698907,0.48362908,0.37544453,0.39072898,0.41079894,0.34973902,0.38291484,0.35256782,0.4049831,0.41907397,0.4140579,0.41552216,0.36438653,0.49077517,0.39321736,0.3676529,0.4149415,0.43626255,0.40890917,0.43517146,0.42153233,0.38905784,0.49564365,0.46286818,0.47464645,0.42332122,0.39393383,0.36637092,0.37759426,0.39930135,0.43973276,0.36289215,0.356808,0.37872764,0.50526637,0.3968987,0.4317708,0.3494127,0.39919323,0.47381032,0.4373865,0.44578627,0.45374343,0.42663425,0.43895686,0.44629142,0.4452762,0.43785682,0.44069842,0.42512572,0.43769416,0.44496182,0.46309936,0.44344977,0.45344424,0.43483505,0.4460609,0.435276
106,0.41133988,0.362001,0.39141217,0.4054737,0.4048718,0.3913314,0.3778288,0.40653488,0.39894012,0.38829252,0.37097687,0.35094032,0.37992662,0.40426362,0.36659682,0.36758143,0.39529416,0.38693556,0.38619906,0.39118117,0.3899071,0.37612575,0.384837,0.35328576,0.33301792,0.3480375,0.44048995,0.3669428,0.40817472,0.42027304,0.43753508,0.35037586,0.42081848,0.4216352,0.42704922,0.43371812,0.42540887,0.40255097,0.47218242,0.41893822,0.38930136,0.4390108,0.3551038,0.3696928,0.43926764,0.41315863,0.37562212,0.40176514,0.4341164,0.38744017,0.38350698,0.3807714,0.3855348,0.37978828,0.41415113,0.3444337,0.3784035,0.37244922,0.38197228,0.3478883,0.41928586,0.37119797,0.3295256,0.43040276,0.47268134,0.46270236,0.34301776,0.39611363,0.39650646,0.3398197,0.39592654,0.36695254,0.3215238,0.32941803,0.3515712,0.37964177,0.37300333,0.36014158,0.34187928,0.3721662,0.35284433,0.36942354,0.3303172,0.39095744,0.36357644,0.35183838,0.3538668,0.45019004,0.38674277,0.41335243,0.40660653,0.45047188,0.44660792,0.38569006,0.38640928,0.37679893,0.36178356,0.38066912,0.3646283,0.34989738,0.3964611,0.36978173,0.37005448,0.3711526,0.36791295,0.38125524,0.36160854,0.33048752,0.3567835,0.4092916,0.34133455,0.42162216,0.35739166,0.34365478,0.3414806,0.3386783,0.34722704,0.4453279,0.42931986,0.39948255,0.40304378,0.42474344,0.33352846,0.35941938,0.34802186,0.4417578,0.42768314,0.34233862,0.33254495,0.31729877,0.39854425,0.38065264,0.3753661,0.40864128,0.4357839,0.4104829,0.39869207,0.39922917,0.3442502,0.3767359,0.44362062,0.4150335,0.44244245,0.34777197,0.36895472,0.42891526,0.32045043,0.3560572,0.31745613,0.3488673,0.38017341,0.39071387,0.4011549,0.368548,0.4420514,0.37466544,0.359097,0.42312282,0.40061933,0.40931475,0.43790236,0.37583637,0.389959,0.47254705,0.42598167,0.4448058,0.39337456,0.36384183,0.34606016,0.37360498,0.34295785,0.3904307,0.37301722,0.35819852,0.36822045,0.38368052,0.3251706,0.43604702,0.35320798,0.40348145,0.41413543,0.36235756,0.38276443,0.4042942,0.40083203,0.39443484,0.37046513,0.4049003,0.397071,0.39517534,0.37843207,0.3796209,0.37735978,0.41019216,0.37482926,0.36296943,0.40038443,0.40606022,0.38765436,0.41803926,0.40683466,0.38279524,0.3894787,0.34550622,0.36671528,0.37363935,0.44636306,0.40051892,0.4196351,0.44519877,0.45310107,0.3901549,0.47167104,0.418795,0.43160373,0.43171138,0.41654783,0.4135888,0.4501285,0.3981918,0.39723083,0.42080906,0.36011425,0.37833455,0.43504983,0.40652472,0.37634006,0.39593685,0.41861612,0.40549177,0.38799003,0.37834862,0.38410679,0.37050188,0.39178994,0.3540186,0.3715562,0.41331255,0.3928142,0.35508475,0.42127568,0.3613011,0.36227417,0.4403293,0.46341383,0.41949707,0.3733193,0.38095757,0.39870015,0.38440445,0.38829446,0.44296154,0.35556743,0.35990617,0.34961414,0.39321196,0.39736593,0.38466284,0.420448,0.426543,0.38414836,0.42792907,0.36038882,0.37658027,0.35123613,0.36074886,0.3506533,0.45527542,0.4131252,0.47552672,0.3995185,0.47588557,0.4471344,0.4347908,0.40111658,0.39835057,0.3632627,0.3569738,0.36536074,0.3507789,0.36509487,0.37016407,0.3779024,0.3997631,0.377463,0.37834787,0.35482904,0.35350743,0.39342567,0.40942672,0.362797,0.40289602,0.36298048,0.3845778,0.35942036,0.35347855,0.3718032,0.45683962,0.4338834,0.40552747,0.41378456,0.45823297,0.3368613,0.37401384,0.3574437,0.4345384,0.447911,0.4002844,0.34526718,0.34087217,0.40498006,0.41655898,0.4038833,0.42854092,0.454222,0.41478595,0.3743721,0.38500595,0.3656144,0.39629233,0.435762,0.42071694,0.46408668,0.3900078,0.38971102,0.42523822,0.32632762,0.3830113,0.3456052,0.37155008,0.38605967,0.40404502,0.40392596,0.37605646,0.4699879,0.38148877,0.36397892,0.41887572,0.4174032,0.40072137,0.4172196,0.4094988,0.39566907,0.4761253,0.4379971,0.47931206,0.41866666,0.3781959,0.36790356,0.36882275,0.39297795,0.446924,0.35733774,0.3564289,0.3770882,0.48021385,0.37914586,0.43212372,0.36123452,0.41193256,0.47473127,0.43896312,0.4459365,0.447642,0.42622882,0.44019514,0.44514945,0.4467505,0.43701965,0.44031715,0.41724378,0.42898777,0.44588247,0.46265298,0.4407715,0.4499379,0.43511647,0.4446426,0.4345986
107,0.41343924,0.37007445,0.37994608,0.41065848,0.414903,0.40849292,0.39537334,0.41143277,0.4041576,0.3863438,0.38681418,0.37392944,0.3773754,0.4132407,0.37568867,0.3743826,0.40252215,0.40161154,0.39647695,0.41032147,0.40716055,0.4042084,0.38904202,0.36279365,0.35920656,0.3736106,0.44251677,0.37286654,0.4126202,0.42385173,0.4441059,0.3705247,0.44402784,0.44807407,0.44008482,0.44704968,0.42763647,0.40645143,0.48376969,0.42171204,0.39642194,0.43763953,0.35980076,0.37568742,0.42926064,0.4067535,0.37604368,0.40724635,0.4277882,0.40737417,0.3855196,0.37909725,0.39078575,0.37524673,0.41059378,0.33988062,0.39396492,0.39732558,0.389368,0.35557395,0.4425877,0.3973411,0.35050008,0.46058834,0.5023406,0.48634928,0.34828693,0.42423213,0.40817022,0.35524002,0.41801158,0.39383546,0.33571598,0.3543207,0.3784036,0.39557025,0.3755091,0.37435853,0.35686114,0.40062726,0.37123072,0.39321896,0.34870908,0.39503792,0.3793588,0.37718904,0.38588005,0.46086797,0.38939807,0.4146003,0.41884816,0.45891804,0.446938,0.40155983,0.39728945,0.3776528,0.37943864,0.40444645,0.36233813,0.3499115,0.39112118,0.3776675,0.37258783,0.38070446,0.3683562,0.38935056,0.3716801,0.34104264,0.37547565,0.4164579,0.36591423,0.44243684,0.35533002,0.3556031,0.33994064,0.34130323,0.35852316,0.4509345,0.43493405,0.40957472,0.39959708,0.43230432,0.35328946,0.3665967,0.36821935,0.4366985,0.4328694,0.35980973,0.35794133,0.32183355,0.40308142,0.38686863,0.39370656,0.41252425,0.4463529,0.4324155,0.41327867,0.41516906,0.36471286,0.37379238,0.42882878,0.40119758,0.4293258,0.36881074,0.39021674,0.4317703,0.3181931,0.36688235,0.32570308,0.3560621,0.3933564,0.37913656,0.39311826,0.37583524,0.44925255,0.38403288,0.3686327,0.42215353,0.39455825,0.39994445,0.44261077,0.39923275,0.40407494,0.4774958,0.44618052,0.45412996,0.3998217,0.36649528,0.36875615,0.40531623,0.35520458,0.40374205,0.3807162,0.3675694,0.3798566,0.3917917,0.33396113,0.43840912,0.38435218,0.43956375,0.4153303,0.37258062,0.37539753,0.4079694,0.41242105,0.41200906,0.38961098,0.4132307,0.40588012,0.3925002,0.3828541,0.40048996,0.37949073,0.40983677,0.37034503,0.36764488,0.41692343,0.4161957,0.40128636,0.433795,0.4209656,0.41634452,0.39993232,0.3532894,0.3779818,0.38951266,0.43533835,0.39816195,0.40786558,0.43522263,0.44495857,0.39766395,0.47740698,0.42781428,0.4336775,0.44406077,0.4173186,0.41335848,0.45986268,0.40274635,0.40238127,0.4198258,0.36792567,0.382319,0.4250353,0.399918,0.38044465,0.4047884,0.41291124,0.4100958,0.39242753,0.3800748,0.39018586,0.37221783,0.39267337,0.35140142,0.37924585,0.4227869,0.40493366,0.36009705,0.44490203,0.38144967,0.36088678,0.45137855,0.47075483,0.42491537,0.36697692,0.37520167,0.40542343,0.38426808,0.39878517,0.43725502,0.3448246,0.36851984,0.37396854,0.39228395,0.3754135,0.3874202,0.4169811,0.4339028,0.38263848,0.43626726,0.3620891,0.38022116,0.3450165,0.37552345,0.35877693,0.4572862,0.4091543,0.46813753,0.4002443,0.47613946,0.4454808,0.4445184,0.41639405,0.39068618,0.35465688,0.3574023,0.36460042,0.35240412,0.36739245,0.37660426,0.382716,0.40335548,0.3748601,0.37958395,0.36709473,0.35864705,0.39828676,0.413153,0.3730954,0.41678795,0.36196056,0.3835429,0.36380592,0.35850945,0.3783549,0.45823362,0.43443087,0.40968955,0.41102293,0.45958135,0.35493577,0.38883126,0.37257412,0.43155152,0.447674,0.41128457,0.36462474,0.3353193,0.40704468,0.41342965,0.40609005,0.42787632,0.45776102,0.429417,0.38358098,0.40610552,0.37727225,0.39224017,0.42328483,0.4062137,0.4425891,0.3867731,0.38243645,0.4309085,0.32522234,0.38003272,0.3309069,0.36456543,0.3734112,0.39132234,0.39636594,0.39219007,0.46622762,0.39062697,0.37667483,0.42072293,0.41206637,0.39898354,0.4234229,0.40409267,0.4129103,0.47395805,0.44062397,0.4787368,0.41744992,0.3800406,0.37177384,0.36401698,0.37857503,0.45227292,0.36551657,0.37102428,0.39200827,0.4704584,0.36518264,0.4369608,0.38818964,0.44149527,0.47666848,0.4495155,0.45073155,0.44900453,0.43151128,0.44459167,0.44595966,0.45134705,0.44016364,0.4434013,0.42500296,0.43379703,0.4490276,0.4615616,0.44247213,0.44984746,0.44024104,0.44637164,0.43831494
108,0.4199484,0.3948044,0.3738119,0.42290837,0.43209252,0.42886052,0.41598904,0.42115647,0.41201454,0.3848646,0.39599696,0.40495598,0.38058582,0.43432182,0.39126685,0.38256046,0.3999872,0.42910123,0.40389782,0.43666342,0.43423325,0.4364905,0.41100612,0.38503683,0.39602348,0.410029,0.44784912,0.38914078,0.41462734,0.46321055,0.4682374,0.41232765,0.5062658,0.49732968,0.48376566,0.45678326,0.4328928,0.41210222,0.49233463,0.42856786,0.41275528,0.44329712,0.37249678,0.38877204,0.41871047,0.3920061,0.39171994,0.412522,0.42312202,0.4126889,0.39684707,0.39208242,0.40090168,0.38341135,0.41440147,0.35924876,0.41511625,0.42113176,0.4050054,0.37824962,0.48357955,0.43891397,0.37164357,0.5054595,0.5589916,0.5114075,0.37040082,0.46257445,0.44001788,0.39162955,0.46003875,0.43516257,0.34832817,0.38338473,0.41141352,0.42385495,0.3843777,0.38108116,0.3587881,0.40232253,0.38826716,0.39489293,0.35895893,0.39776546,0.38677368,0.40632457,0.43920517,0.4959491,0.39559323,0.42868134,0.4224594,0.45538655,0.4481475,0.43004158,0.39696947,0.3782654,0.39508316,0.43998933,0.3748648,0.37031803,0.39836773,0.3961741,0.38771844,0.4027543,0.38420227,0.40776783,0.39026865,0.36203155,0.4046726,0.4303351,0.39106193,0.47415435,0.36925077,0.37888345,0.35516506,0.35840076,0.37000832,0.46247086,0.4524759,0.43473673,0.40685096,0.4389704,0.38105026,0.38842237,0.39751288,0.4411534,0.4342468,0.3930762,0.39075053,0.33764747,0.42074996,0.41715777,0.40489602,0.41811797,0.45924905,0.44821662,0.41341716,0.42444736,0.3897552,0.37213,0.42739066,0.38574904,0.40838334,0.3743429,0.4049979,0.41526875,0.33710983,0.37039405,0.3391533,0.3865026,0.42998824,0.36805493,0.3921543,0.3803558,0.46382242,0.40925497,0.39227554,0.41656154,0.39888805,0.39323255,0.46910107,0.4268578,0.41859585,0.49424717,0.48392156,0.45734254,0.41028118,0.38731343,0.39051026,0.43927476,0.35587835,0.4154983,0.40179643,0.39173716,0.40246233,0.4281731,0.3518546,0.44252616,0.42542654,0.48284993,0.42158613,0.3998539,0.3745168,0.41724947,0.43043083,0.4361133,0.4180374,0.4273729,0.41795978,0.39302802,0.3827279,0.42752698,0.38839832,0.4211509,0.37061813,0.37693748,0.42410943,0.44277298,0.41963997,0.45478266,0.4481318,0.45343268,0.42908555,0.37297368,0.39695826,0.41742334,0.42618898,0.4109247,0.39439392,0.45303574,0.45120382,0.42356336,0.51746076,0.45208213,0.46545202,0.4527219,0.42226803,0.41282505,0.46676219,0.41452974,0.4152758,0.4262941,0.39173168,0.38992918,0.41633677,0.38580278,0.40027782,0.4163553,0.41134137,0.4028898,0.40422866,0.39515576,0.4019136,0.38706538,0.40183747,0.37465104,0.39153603,0.4297974,0.42684704,0.37932366,0.4874109,0.41056845,0.35739464,0.47387505,0.50513554,0.42474386,0.3786868,0.3729412,0.43335354,0.398802,0.423671,0.45207483,0.32973513,0.37928542,0.41407663,0.40576434,0.35465375,0.3871619,0.39653432,0.42118472,0.37141567,0.425168,0.35034743,0.3839844,0.32851228,0.3892489,0.38079342,0.4802794,0.41846934,0.46169466,0.39211527,0.46738753,0.44521078,0.4596304,0.41902235,0.38387153,0.3419067,0.36129525,0.37805045,0.37518176,0.38306212,0.39068964,0.39841634,0.41490728,0.38586736,0.39483824,0.38886067,0.3723507,0.40968513,0.4244947,0.37755787,0.44161502,0.37572965,0.3931528,0.38325638,0.38253713,0.38951546,0.46496612,0.44317362,0.42980152,0.41589448,0.45902216,0.38054404,0.41524696,0.3989222,0.44050598,0.44702575,0.43319166,0.39552048,0.3413107,0.4225088,0.4348957,0.39686054,0.4310446,0.46525586,0.44992435,0.38224325,0.4242305,0.39457068,0.38492942,0.4218651,0.39218804,0.4187663,0.36560112,0.36709508,0.42187023,0.34417027,0.37382275,0.3120653,0.38184306,0.37927443,0.37799346,0.3926081,0.40810284,0.47447598,0.41821632,0.40352046,0.41853374,0.4195842,0.4015543,0.44966748,0.40238956,0.43523112,0.48651966,0.46408904,0.47315124,0.4180794,0.39663854,0.37574327,0.36466774,0.35839084,0.4551039,0.3844047,0.3957615,0.4193006,0.47372904,0.35771185,0.44563726,0.42299652,0.48153105,0.47928035,0.46562433,0.45876822,0.45637658,0.4414661,0.45207092,0.44789866,0.45757315,0.4457873,0.4484001,0.44433653,0.44863287,0.453377,0.46015838,0.44766727,0.45291162,0.44798166,0.4502715,0.4445836
109,0.42794037,0.43100566,0.3723886,0.43836406,0.45180976,0.44764033,0.43453962,0.43114266,0.41986606,0.38325238,0.39601627,0.43715099,0.38850927,0.46192592,0.41003197,0.3910496,0.38943136,0.46265098,0.4075232,0.46475405,0.46438044,0.46683326,0.44448656,0.41383272,0.43526423,0.45016438,0.456065,0.4117894,0.41608962,0.52589595,0.501407,0.46623975,0.58735496,0.5569299,0.5456843,0.45985046,0.43985835,0.41795728,0.49674615,0.43494028,0.43246078,0.45398498,0.38850766,0.40537325,0.41072926,0.37358087,0.4172564,0.41612223,0.42013228,0.4055383,0.4136846,0.414193,0.41174775,0.39904183,0.42104277,0.39355,0.43571368,0.4384448,0.42555618,0.40906662,0.531653,0.48620394,0.39095798,0.5530413,0.6223824,0.53089803,0.40548575,0.5038182,0.48332545,0.44134527,0.5117157,0.48136306,0.36001402,0.41097707,0.4428227,0.45669243,0.3990202,0.37955284,0.3498598,0.3806373,0.39938745,0.37577146,0.36110815,0.39879853,0.38827944,0.43402115,0.5009898,0.54229724,0.40734264,0.45179385,0.41887674,0.44203296,0.4495755,0.46363238,0.38801965,0.37805685,0.40911067,0.4815379,0.39569914,0.40365204,0.4120066,0.41925758,0.41152483,0.4301231,0.4090514,0.43089744,0.41321832,0.3875016,0.43564937,0.44652587,0.41209167,0.5081232,0.39170465,0.4066577,0.3794339,0.384547,0.38055336,0.47679245,0.47597554,0.46641713,0.42131346,0.4432439,0.4105862,0.4190274,0.42875645,0.45201957,0.42960384,0.43353397,0.4241669,0.3631341,0.44555897,0.46356708,0.40987813,0.42521676,0.47081214,0.45577902,0.40227526,0.42605063,0.4140681,0.3708967,0.43602118,0.37037897,0.38473877,0.36868924,0.41409284,0.38604134,0.36947504,0.3678674,0.35903835,0.43357483,0.48190716,0.35851264,0.39644927,0.38132808,0.47927597,0.44467428,0.42429322,0.40850312,0.41159463,0.38887277,0.50975156,0.45416385,0.4298185,0.51620907,0.52564704,0.4548231,0.42208558,0.419293,0.40729353,0.47120577,0.34880975,0.42294234,0.42974496,0.42406768,0.43036857,0.48192987,0.37837902,0.4478212,0.46757188,0.5245917,0.43000957,0.43855408,0.37848538,0.42928362,0.45024034,0.46113792,0.448557,0.44181097,0.4293981,0.39551422,0.37868708,0.4541963,0.40181154,0.43986574,0.37417153,0.38843012,0.4220774,0.47901464,0.43894988,0.4763258,0.48209134,0.4860931,0.46957836,0.39919338,0.41862386,0.4514845,0.4204215,0.4341953,0.38246828,0.4905878,0.46600696,0.4610334,0.5775313,0.48405313,0.51573986,0.45498532,0.42909485,0.41234782,0.4694341,0.42775044,0.4310904,0.4387063,0.42313406,0.3993654,0.41097537,0.36875093,0.4301526,0.42876548,0.41465577,0.38851467,0.41906732,0.41786158,0.41488418,0.4087387,0.41424897,0.41412112,0.4045551,0.43299994,0.4532508,0.40670496,0.5364436,0.44306967,0.35378084,0.50057524,0.55170757,0.41660205,0.40491688,0.375888,0.4746219,0.4233182,0.45611644,0.47832733,0.31642473,0.39017513,0.46031624,0.42908728,0.3403646,0.38356408,0.36360785,0.39134324,0.3533017,0.397877,0.33071914,0.3878729,0.308547,0.40099412,0.41258204,0.51417327,0.43905225,0.45559925,0.38048437,0.45048591,0.44622344,0.47638327,0.41001546,0.3785855,0.33089256,0.37090933,0.40012294,0.41067377,0.405127,0.40825415,0.42070454,0.42887563,0.40529194,0.41838962,0.41549504,0.38979536,0.4235537,0.44015726,0.37709108,0.47061247,0.39804754,0.40809467,0.40916142,0.41868097,0.40267253,0.47376242,0.45609298,0.4576771,0.42468095,0.4561769,0.40796515,0.44655475,0.43026954,0.4561656,0.44356477,0.45977432,0.4320166,0.35910133,0.4465214,0.47224027,0.3806883,0.43760127,0.47386646,0.47046202,0.37321556,0.43637025,0.41440687,0.3758638,0.42891073,0.3793118,0.3960452,0.3354104,0.34866646,0.40147015,0.37662008,0.36624798,0.2967001,0.41845307,0.400396,0.3663859,0.39145863,0.42029893,0.48835793,0.45789185,0.43817344,0.41375142,0.43679875,0.40540293,0.48997122,0.4045453,0.4572865,0.50693625,0.4979244,0.4625794,0.41947773,0.42225823,0.3789647,0.37212372,0.3367897,0.45503122,0.4078765,0.42437693,0.45162314,0.4858005,0.35985503,0.45702943,0.45731717,0.52362275,0.48117855,0.48225734,0.46633586,0.465865,0.4547407,0.4618872,0.450797,0.4645145,0.4525265,0.45384952,0.468435,0.4674873,0.45708147,0.45905945,0.45429412,0.45786276,0.45703366,0.45591292,0.45192757
110,0.43518206,0.47020102,0.3748208,0.45305824,0.46891972,0.46102202,0.44773197,0.43832812,0.42668736,0.3822445,0.3898018,0.46281576,0.39880326,0.4902293,0.43132105,0.3995229,0.37759688,0.49432498,0.40884697,0.48881516,0.48986116,0.49023873,0.47974303,0.4421422,0.46727183,0.48489097,0.46748564,0.43663022,0.4226957,0.5932877,0.534404,0.5196555,0.66025466,0.6114807,0.6078866,0.45664564,0.4474173,0.42415735,0.49804845,0.43760347,0.44972345,0.46730328,0.4024015,0.42181584,0.40907368,0.36048755,0.44621757,0.41916522,0.42064515,0.39600945,0.43240836,0.4388969,0.42083135,0.41653433,0.4260534,0.43047723,0.45121974,0.44797653,0.446548,0.43826848,0.57322234,0.5277176,0.40791425,0.59153247,0.6714204,0.5396811,0.44652328,0.54053336,0.5255527,0.49232948,0.5588418,0.5221313,0.3726643,0.43171686,0.4651242,0.4843723,0.41774297,0.3731287,0.33678794,0.34981102,0.40364277,0.34654555,0.3594521,0.3986052,0.3893773,0.45558742,0.5554013,0.5842534,0.4253379,0.4784839,0.41233,0.42395815,0.4507668,0.49352428,0.3791948,0.3789873,0.42384997,0.5221204,0.41566476,0.43953785,0.42530185,0.4406426,0.4384379,0.45469028,0.4340911,0.45299673,0.43571427,0.4103954,0.45968664,0.46126273,0.42649183,0.5353648,0.41281578,0.43049312,0.4037508,0.41409394,0.39273414,0.49050438,0.4987652,0.49494034,0.43897,0.44537538,0.43652326,0.45104516,0.45564318,0.4653729,0.42046803,0.47235397,0.45236278,0.39528918,0.47068202,0.51373434,0.41277263,0.43378976,0.4790188,0.4570353,0.38880607,0.4236319,0.43326193,0.37106326,0.45067886,0.3594352,0.36676282,0.36310348,0.42328689,0.35854113,0.40490898,0.36313477,0.38668177,0.48671302,0.5371131,0.3519214,0.40366012,0.3793393,0.49082652,0.48093188,0.45769528,0.40169662,0.42841595,0.3861886,0.55500996,0.47938788,0.436086,0.5349532,0.55829686,0.44845188,0.43339217,0.45328125,0.41647297,0.4980753,0.3404222,0.42549783,0.45683205,0.4567623,0.45716757,0.53830755,0.41114202,0.45360932,0.5013849,0.5557745,0.4380979,0.4797023,0.38527897,0.44112957,0.4667347,0.48139852,0.47377878,0.45229107,0.43797368,0.39907622,0.37396517,0.47351435,0.41634744,0.46174702,0.38225162,0.39969417,0.41547495,0.5152201,0.4560408,0.49395952,0.5148396,0.5084232,0.510355,0.42530584,0.43667826,0.48308474,0.4208261,0.46166256,0.3780608,0.53631186,0.48393026,0.5010344,0.6377141,0.5159897,0.5696814,0.4513249,0.43556115,0.41338462,0.4684128,0.43736336,0.44520548,0.45422208,0.45166463,0.4094522,0.4112146,0.3567793,0.46309477,0.44125235,0.42355117,0.3768715,0.43331844,0.44223776,0.42626643,0.43043128,0.42512012,0.45685694,0.41576457,0.43338728,0.4765573,0.4341243,0.57726413,0.472578,0.35345617,0.52426034,0.5934045,0.40144542,0.43999588,0.38582003,0.51767486,0.45126727,0.48822105,0.5054323,0.31093848,0.3986011,0.5003212,0.4550782,0.33600146,0.3785988,0.32881787,0.35528892,0.3354835,0.36416414,0.312323,0.3932976,0.2943282,0.41140896,0.4486428,0.5466651,0.46453395,0.4498664,0.37195718,0.42989656,0.44823018,0.49030507,0.39655373,0.37699306,0.328454,0.38844672,0.4229612,0.44767684,0.42604387,0.4250087,0.44397962,0.43995517,0.42638555,0.44317284,0.44151115,0.4053343,0.43544474,0.45611316,0.374401,0.49597794,0.4208135,0.42138115,0.43321174,0.45854226,0.4178222,0.48127258,0.46931103,0.48352256,0.43453142,0.45212677,0.43203065,0.47514397,0.4595299,0.4727489,0.43702435,0.48464754,0.46701127,0.38750854,0.4728201,0.5129522,0.36551088,0.44695592,0.48176822,0.48624432,0.3638896,0.4429375,0.4339239,0.36920497,0.44104397,0.37062567,0.37962294,0.30990523,0.33591712,0.37918255,0.41312984,0.3609349,0.2926665,0.4655986,0.43188545,0.35915744,0.3918984,0.42714584,0.5017049,0.49929065,0.47318348,0.4090213,0.45805296,0.40787482,0.5362429,0.412406,0.474379,0.52725005,0.53042865,0.4485229,0.42083964,0.4494149,0.38103205,0.38676634,0.3192183,0.45264083,0.42931786,0.4506697,0.48062083,0.50160545,0.37268597,0.468753,0.48294947,0.558383,0.48059154,0.49474505,0.46999472,0.47308826,0.46898818,0.47194526,0.45496458,0.4717649,0.45932236,0.4587994,0.48990694,0.48400146,0.45875546,0.45863232,0.4597038,0.462403,0.4667878,0.46303016,0.45931542
111,0.44141498,0.5014934,0.38122058,0.4645375,0.4796921,0.4670847,0.45480484,0.44148365,0.43201715,0.38193348,0.38251942,0.47567067,0.4098118,0.51360816,0.45518568,0.4098824,0.37409034,0.5155521,0.41145208,0.50365615,0.5033762,0.5023758,0.50556815,0.4627897,0.48396328,0.50564015,0.48025107,0.45819443,0.43889788,0.64625823,0.5593492,0.5613229,0.7051372,0.6482526,0.6543056,0.4501727,0.45365402,0.43083805,0.49778512,0.4352913,0.45947322,0.48046547,0.40890837,0.43323967,0.41551837,0.36110154,0.47297958,0.42447203,0.42819867,0.39561942,0.44977346,0.46073875,0.42704532,0.43236855,0.42647266,0.4573283,0.459195,0.45092446,0.46238998,0.45506918,0.5967399,0.55407786,0.42172822,0.6126775,0.6925071,0.53525215,0.4854111,0.5648964,0.5549713,0.531933,0.5883161,0.54969656,0.3880634,0.4422053,0.47387525,0.4988239,0.43781146,0.3661981,0.32701188,0.32611567,0.40326363,0.32058048,0.35905063,0.39691818,0.39489812,0.4666127,0.58922595,0.6089987,0.44676358,0.5026636,0.40738967,0.4075868,0.45194596,0.5122902,0.3791981,0.3833926,0.44031864,0.55244035,0.4252985,0.46655372,0.43390557,0.4547647,0.4615667,0.46923122,0.44992283,0.4685014,0.4532027,0.4238683,0.4701148,0.47163978,0.4327651,0.54870623,0.42267656,0.4420378,0.42044893,0.44178993,0.41012982,0.50066173,0.51522976,0.5126724,0.45654365,0.44679785,0.45606837,0.47639883,0.4744382,0.47753397,0.41161,0.5030299,0.47235206,0.4304273,0.49068204,0.5545991,0.41765523,0.44370028,0.48286307,0.4547221,0.38183922,0.4226838,0.44341502,0.373415,0.46654928,0.35840645,0.36245853,0.3681924,0.43810982,0.34700173,0.43261343,0.35939783,0.42127228,0.5335298,0.5825756,0.35159606,0.41230366,0.37730932,0.49640676,0.50703025,0.4855602,0.40071836,0.44452307,0.38608962,0.59446,0.50119925,0.4381197,0.5433707,0.5732194,0.44072166,0.44211775,0.47967696,0.41630486,0.5166522,0.33660668,0.42576298,0.4760786,0.48171467,0.47696194,0.58355427,0.4456974,0.45885077,0.5183129,0.5691182,0.44508946,0.5119471,0.3939012,0.45090574,0.47584754,0.49218735,0.48775753,0.45668757,0.4425655,0.40244442,0.3713458,0.48016855,0.42932945,0.48334423,0.3977022,0.4104101,0.41161433,0.5401258,0.4688807,0.50333893,0.5369829,0.5160786,0.5388297,0.444445,0.4446344,0.50348616,0.4285394,0.48511946,0.3865641,0.57687545,0.5009629,0.5357177,0.6807476,0.54193985,0.6137412,0.44455722,0.43942106,0.41667792,0.46517232,0.44062296,0.45363626,0.46919307,0.4673367,0.41824594,0.41733545,0.35768437,0.49312457,0.45335877,0.4384397,0.37778118,0.44474134,0.4641254,0.4346285,0.44795012,0.43099436,0.49042663,0.42398936,0.43318114,0.48853528,0.45240277,0.598445,0.49379808,0.3598362,0.5397854,0.61781806,0.3837013,0.47713253,0.40404537,0.55147284,0.4763621,0.51280016,0.52580744,0.3185554,0.4022554,0.523974,0.47628665,0.34399667,0.37510693,0.30320567,0.32644808,0.32625714,0.33606148,0.30368796,0.4012153,0.29484925,0.42113468,0.4834187,0.5670692,0.48597157,0.44614637,0.3723716,0.41256973,0.45126557,0.49793828,0.3871958,0.38179678,0.34028402,0.41438305,0.4382121,0.47526285,0.44076085,0.4370866,0.461813,0.44437465,0.4421146,0.46226442,0.46153945,0.41379142,0.44173092,0.46827775,0.3724162,0.51170737,0.4356,0.42634755,0.4500829,0.49413258,0.43656984,0.4850858,0.48017362,0.49957007,0.44422692,0.4490526,0.44944632,0.49352515,0.48107386,0.48576084,0.42995432,0.50238544,0.49387696,0.42377067,0.49523234,0.5447948,0.35903597,0.45824164,0.48764443,0.49321675,0.36203066,0.44632277,0.44924855,0.3694085,0.45350957,0.3705812,0.37478408,0.3010999,0.33730018,0.36556956,0.4432745,0.36103204,0.3062841,0.51191455,0.46815577,0.35995182,0.39448082,0.42964688,0.5106788,0.5297087,0.5020658,0.40785348,0.47621763,0.4085429,0.5786004,0.42755732,0.48295578,0.54137844,0.5521813,0.43428376,0.42108297,0.47018257,0.3822434,0.40825802,0.31181112,0.44955003,0.44328392,0.468819,0.49873018,0.51645446,0.39580697,0.47740573,0.49368298,0.5775777,0.47647297,0.5000351,0.4681356,0.47485286,0.4810819,0.47929677,0.4606996,0.4788905,0.46523812,0.46263647,0.5029142,0.49361175,0.45770606,0.45853546,0.46119818,0.46386403,0.476149,0.47072628,0.46569785
112,0.4471984,0.5162275,0.39134085,0.47182107,0.4827253,0.4661762,0.45691696,0.44010475,0.43530267,0.3822172,0.3789356,0.47390538,0.42040548,0.52641934,0.4788496,0.42460236,0.38687435,0.5207354,0.41929471,0.5070582,0.5011152,0.5014549,0.5139408,0.47017762,0.4823611,0.5084794,0.49090704,0.47152856,0.46477032,0.67304534,0.57020366,0.5845208,0.7153899,0.6606406,0.67637765,0.44344544,0.4568902,0.43730542,0.49757177,0.42782724,0.4583731,0.49140388,0.40498936,0.4352574,0.430157,0.3804258,0.49316937,0.4344635,0.44619885,0.41204807,0.46289247,0.4755883,0.42956668,0.443963,0.42091522,0.46493292,0.45918366,0.4489879,0.46878868,0.45228335,0.5960436,0.56037194,0.43193945,0.61192054,0.6798597,0.518466,0.51625675,0.5707589,0.5657274,0.5529375,0.593291,0.5603445,0.4072282,0.44269186,0.4701607,0.49768016,0.45708588,0.36207214,0.32678583,0.3203971,0.40272856,0.3073031,0.3632237,0.3927389,0.40672815,0.46421397,0.5962971,0.61049867,0.4673962,0.5191797,0.4065091,0.39833444,0.4537588,0.5162296,0.39335653,0.39228323,0.4571749,0.5641336,0.41866082,0.47606164,0.43549377,0.45791224,0.47516498,0.4694012,0.45020342,0.47314963,0.46255517,0.4233409,0.46342304,0.4764209,0.43061343,0.54417765,0.41476718,0.43598393,0.42426705,0.4628743,0.43450972,0.50559217,0.5216365,0.51603633,0.47097716,0.44899583,0.46890935,0.48888013,0.48428196,0.485782,0.407711,0.5228391,0.48458678,0.46548048,0.50316674,0.5779915,0.42751497,0.45482284,0.48281252,0.45095775,0.3867264,0.42752847,0.44320676,0.37803164,0.47947747,0.37040532,0.3765865,0.38954672,0.46045673,0.36035472,0.444654,0.35841018,0.45942318,0.5655525,0.60914576,0.36057112,0.42101353,0.37862542,0.4956681,0.5151296,0.5025609,0.40936345,0.45639163,0.39001203,0.6196517,0.5170004,0.43795082,0.53783625,0.56774753,0.43400764,0.44625515,0.491293,0.4073711,0.52341187,0.3418333,0.42804503,0.4827884,0.49256915,0.48594972,0.60980284,0.47741383,0.46249768,0.5132067,0.56113464,0.45103332,0.52658206,0.4035076,0.45766613,0.47596803,0.4916691,0.48781925,0.45399445,0.4424106,0.40486333,0.37221956,0.4727616,0.43905175,0.5006517,0.42079133,0.4213473,0.4173985,0.54624915,0.47751102,0.5022605,0.54193056,0.50794685,0.5462185,0.4518963,0.43877378,0.5078275,0.44229716,0.49767154,0.41040245,0.6020278,0.5137078,0.5599388,0.6978295,0.5579538,0.6395204,0.43773583,0.43934098,0.4218838,0.46163756,0.4362704,0.45368212,0.4809446,0.46399567,0.4234981,0.4286667,0.37647653,0.5158887,0.4648341,0.45959082,0.3975824,0.45190755,0.48068714,0.43879995,0.45869687,0.42970943,0.5058487,0.42902407,0.43487868,0.48446766,0.4547954,0.59460586,0.5038513,0.37527767,0.5437018,0.6194042,0.36949533,0.5105043,0.43026453,0.569694,0.49541005,0.5261812,0.5359226,0.34341264,0.40080422,0.52771556,0.48914263,0.36612147,0.37523758,0.2945119,0.31449327,0.3320545,0.3224691,0.31027645,0.41115153,0.3160339,0.42982486,0.51242346,0.56983584,0.49722362,0.44638848,0.38481483,0.40435702,0.45540538,0.49775958,0.38866445,0.39475888,0.36947116,0.44653443,0.43995398,0.48574948,0.44646886,0.44180253,0.46934038,0.44032413,0.4475663,0.470547,0.4717964,0.41197723,0.4403687,0.47407633,0.37364903,0.5148128,0.43606606,0.41888735,0.4567473,0.51920575,0.45976835,0.4844512,0.48730716,0.5021075,0.45263043,0.4490025,0.45946082,0.4967724,0.4922699,0.49265563,0.4258705,0.5101812,0.5092817,0.46442574,0.50989294,0.5604781,0.36697578,0.47107786,0.49088585,0.48978668,0.37272808,0.4494756,0.45785013,0.37947884,0.46235022,0.38197395,0.38529092,0.31600523,0.3581124,0.3689089,0.45900846,0.36792684,0.34154686,0.5482083,0.5038011,0.3713827,0.39978957,0.43030113,0.51389873,0.5399614,0.5205674,0.41350144,0.48553216,0.40832168,0.60814834,0.44963086,0.4817929,0.5457662,0.5581507,0.4234734,0.41938084,0.47850108,0.38427028,0.4351256,0.31997153,0.44756585,0.44652104,0.47485754,0.501546,0.5269745,0.42815793,0.48082358,0.4871982,0.5767282,0.46892172,0.496993,0.46123454,0.4703799,0.4888366,0.4820654,0.46796498,0.48539826,0.4694972,0.46484068,0.5045839,0.4944465,0.4536567,0.45826668,0.45712653,0.46067354,0.4835077,0.47761032,0.4700856
113,0.45155516,0.51204187,0.40295008,0.47399876,0.47813472,0.46015054,0.4555554,0.43423444,0.43663,0.38376406,0.38262877,0.46063426,0.4286951,0.5237254,0.49594545,0.44385803,0.41916034,0.51003087,0.4341521,0.5013071,0.48457652,0.48950773,0.50325894,0.4623133,0.46515778,0.49536353,0.49675256,0.47454387,0.4965283,0.66923994,0.5632301,0.5861347,0.69064015,0.64652,0.6709191,0.43869087,0.4571625,0.4425697,0.4995154,0.41596034,0.44631934,0.49965346,0.39117858,0.42693415,0.45246124,0.4199402,0.50364214,0.44933793,0.47540408,0.44811696,0.46972203,0.4802704,0.427964,0.4483066,0.4095587,0.4496073,0.4527775,0.44409847,0.4649422,0.42951986,0.5702813,0.545708,0.43934107,0.58785045,0.6319553,0.49391755,0.5357815,0.5565914,0.5578908,0.5545151,0.5736627,0.5536923,0.42975077,0.43646201,0.4595844,0.48441172,0.47445005,0.36325586,0.34051234,0.3379659,0.40655252,0.31153956,0.37376717,0.38595584,0.42384225,0.44884318,0.5772679,0.5885995,0.4844744,0.52451295,0.40998796,0.39949802,0.45651522,0.50535154,0.42329466,0.40566203,0.47237048,0.55390674,0.3958722,0.464814,0.42853278,0.44928104,0.47709626,0.45498472,0.43399528,0.4658681,0.46329427,0.4080169,0.44015196,0.476373,0.42136323,0.52159667,0.3881474,0.41260418,0.41272056,0.47403613,0.46515113,0.50511867,0.51630616,0.5056482,0.47873503,0.45285362,0.47602454,0.48630017,0.4866351,0.48830232,0.4110423,0.5318285,0.49163866,0.49722067,0.50794464,0.5811294,0.44428512,0.46674088,0.4810795,0.44835955,0.40604123,0.44036067,0.43564928,0.38522276,0.48718756,0.39404228,0.40947992,0.427546,0.48827538,0.40174946,0.43756086,0.36190826,0.49571756,0.5799678,0.6130477,0.37868768,0.42727256,0.38492212,0.48896116,0.5039208,0.5067236,0.4288408,0.46285197,0.3977521,0.6251307,0.5239343,0.4376337,0.51851565,0.543889,0.43091452,0.44535145,0.48531947,0.39332458,0.5165135,0.3592353,0.43562782,0.4754775,0.4868772,0.48351133,0.6143098,0.50244975,0.46413645,0.48645797,0.53320223,0.45474818,0.5216922,0.412017,0.46039233,0.4677804,0.48136416,0.474959,0.44421425,0.43764347,0.40670153,0.37770945,0.4545387,0.4440767,0.5083199,0.446317,0.43225837,0.43692142,0.5331909,0.48348695,0.4924179,0.5289887,0.48728266,0.5310746,0.44685096,0.42033428,0.49673238,0.45961696,0.49689186,0.44766438,0.6066972,0.5187203,0.5697627,0.68587846,0.5608559,0.6424078,0.4334198,0.4358396,0.42831826,0.46050334,0.4241267,0.44499683,0.48904794,0.44099316,0.42429692,0.44529283,0.41482306,0.5285763,0.47562698,0.48663667,0.4382327,0.45392263,0.48919138,0.43794888,0.46004775,0.4207216,0.49814913,0.43153283,0.44057795,0.4659305,0.43979686,0.5655426,0.5018323,0.399521,0.5333465,0.5966081,0.36426014,0.53549236,0.46106327,0.5703254,0.5079775,0.5283797,0.53387284,0.38621232,0.396115,0.5143994,0.49435574,0.40150517,0.37992105,0.30687016,0.3234146,0.35556743,0.32776514,0.33410498,0.421671,0.3584705,0.43628842,0.53188777,0.5541725,0.49795666,0.45055297,0.40842244,0.40790707,0.46006763,0.48974934,0.40472478,0.41581982,0.414706,0.48007095,0.4267226,0.47597218,0.4414212,0.43854994,0.46540433,0.42839313,0.44140348,0.46608496,0.47147343,0.3996699,0.43129906,0.473363,0.3795929,0.5046936,0.4199359,0.3988901,0.45133534,0.52987295,0.48630524,0.48024678,0.48997173,0.4912435,0.45750067,0.4529259,0.4635678,0.48472068,0.4937762,0.49228075,0.4269401,0.50842685,0.5140534,0.50474244,0.51559865,0.5578414,0.39205408,0.485048,0.49180466,0.47842625,0.39811358,0.45544395,0.46100605,0.40055993,0.4665451,0.40363908,0.4118686,0.35657966,0.3985799,0.39385954,0.45676193,0.3815871,0.3974773,0.56933486,0.532868,0.39285326,0.40655836,0.43133324,0.5110936,0.5283427,0.5273355,0.42728665,0.48392162,0.40759775,0.61861074,0.47552213,0.47275057,0.5386171,0.54686356,0.4187461,0.41605294,0.4721603,0.38924947,0.46367523,0.34603676,0.44776964,0.43870756,0.46847504,0.48941967,0.53079015,0.46652758,0.47961104,0.46553,0.5561475,0.45919865,0.48640993,0.4512808,0.4613725,0.49192902,0.48054692,0.4759482,0.49062413,0.47158226,0.46505737,0.49528036,0.48691484,0.4467375,0.45788595,0.44780818,0.45324937,0.48747075,0.48238203,0.47186136
114,0.45154446,0.49319726,0.4122104,0.46989295,0.46700358,0.45133775,0.45131916,0.42477843,0.43682012,0.38759762,0.39505875,0.44163775,0.43216777,0.5044771,0.500366,0.46399435,0.46647185,0.48900086,0.4539629,0.49199897,0.46021402,0.47167385,0.4787346,0.4415266,0.43850702,0.47257432,0.49749172,0.46841958,0.528155,0.635361,0.53903085,0.5650983,0.63332343,0.60743356,0.6377174,0.43755716,0.4558887,0.4455012,0.50566083,0.40157393,0.42660725,0.50524867,0.37120536,0.41116887,0.48017624,0.47462153,0.50205725,0.46614587,0.5113251,0.4993662,0.46926704,0.47268844,0.4225609,0.4423465,0.39406613,0.41375044,0.44236386,0.4376875,0.45327753,0.39330497,0.52441144,0.51244205,0.4446495,0.5436338,0.5550031,0.46874422,0.5412815,0.52676105,0.5347732,0.53900826,0.5349609,0.53132826,0.4523437,0.42727494,0.44822705,0.4649254,0.48801675,0.37041482,0.36828518,0.37822652,0.41634932,0.33365566,0.39056098,0.37762976,0.44252712,0.42491683,0.53856814,0.5478151,0.49750164,0.5171857,0.41659132,0.41125005,0.45953825,0.48234218,0.4657246,0.42168677,0.48451063,0.52510166,0.36294255,0.43559444,0.41232812,0.43122837,0.46869397,0.4298259,0.4055807,0.4490865,0.45709044,0.38099694,0.40520075,0.47298157,0.40751112,0.48522148,0.34820575,0.3779707,0.3866219,0.47312614,0.49740157,0.50016665,0.50000656,0.48519915,0.47681552,0.4576845,0.4778241,0.47044584,0.48349464,0.4845346,0.42052612,0.53048545,0.49525034,0.5203017,0.5048454,0.5639077,0.46697927,0.477447,0.48009714,0.449635,0.43841287,0.4604083,0.42616132,0.39501342,0.48959127,0.4235332,0.45563093,0.47626826,0.5163604,0.46595383,0.41201365,0.37061664,0.52280486,0.5769369,0.59475654,0.40157536,0.4282001,0.39518368,0.47726858,0.47903883,0.4993693,0.4568459,0.46504694,0.407031,0.6092345,0.5205579,0.4382716,0.48955452,0.506691,0.4336305,0.44031152,0.4636316,0.37923464,0.49854276,0.3884347,0.44794363,0.45603347,0.46672764,0.4717205,0.5970558,0.5165978,0.4638129,0.44496438,0.49202633,0.4535702,0.5019638,0.4166191,0.457995,0.45359793,0.4652506,0.45330125,0.4289565,0.42961898,0.40888342,0.38847917,0.4318162,0.44320276,0.5022679,0.4656379,0.4409622,0.46938866,0.50719386,0.48828164,0.47925892,0.5035128,0.46095428,0.49955252,0.43210766,0.39488602,0.47513193,0.47788295,0.48521885,0.4910413,0.5908306,0.5140933,0.56147105,0.6452319,0.5483453,0.62001514,0.4335467,0.43068135,0.43479303,0.46429756,0.40555742,0.42985207,0.49397534,0.4035084,0.42105696,0.4667847,0.46796647,0.5290838,0.48528367,0.516741,0.49441606,0.45037934,0.4867477,0.43207213,0.4494966,0.4053801,0.46690342,0.4317784,0.4502986,0.43976375,0.41149205,0.51646185,0.48760703,0.42748576,0.50819534,0.5513799,0.37022743,0.54729563,0.48914889,0.5533058,0.5132585,0.52047443,0.51774436,0.43954092,0.3902577,0.4903402,0.4935869,0.44315806,0.38811794,0.34021026,0.35198173,0.3934779,0.35135362,0.3720346,0.43017003,0.4133078,0.4387899,0.5378046,0.522951,0.49188536,0.45611107,0.43750492,0.42228368,0.46376267,0.475278,0.4349766,0.44156095,0.46732473,0.50746465,0.40161085,0.447624,0.42483473,0.42890492,0.45239615,0.41142505,0.42533308,0.4502904,0.462578,0.37928823,0.41598937,0.46769962,0.38942438,0.4824595,0.38999158,0.37027937,0.43305984,0.52407444,0.5118127,0.4743401,0.48724687,0.46986854,0.4563715,0.46010652,0.46340272,0.4620536,0.48791713,0.48460066,0.4330756,0.49979457,0.51074195,0.5368309,0.5123767,0.5378607,0.43121698,0.49786896,0.49108708,0.46470594,0.43515003,0.4660837,0.46206474,0.42966926,0.467613,0.43024743,0.45046994,0.41683704,0.45129275,0.43920514,0.4371193,0.3996872,0.46251416,0.5724993,0.54859596,0.41985404,0.41189358,0.43360206,0.50254405,0.5005915,0.52294916,0.44788882,0.4738,0.40586588,0.6073016,0.49935246,0.46024644,0.5202659,0.5197023,0.42095804,0.41214767,0.45333406,0.3975315,0.48766133,0.38511735,0.4499993,0.42231235,0.4529551,0.46719337,0.52681756,0.50287306,0.47636962,0.4341765,0.5209386,0.44970837,0.47086373,0.44061026,0.45069543,0.49088064,0.4762491,0.48264235,0.49335966,0.47107956,0.4631588,0.47797215,0.4729228,0.437703,0.45785856,0.43539348,0.44361588,0.48723567,0.4840075,0.47076318
115,0.44536158,0.46727392,0.41639057,0.45969743,0.45190287,0.4420953,0.44452018,0.41331443,0.43603268,0.3939985,0.41438955,0.42278478,0.43014053,0.47432917,0.491653,0.47980997,0.51674706,0.46486294,0.47413152,0.48371896,0.43606895,0.4537857,0.4487554,0.4138004,0.4094791,0.4479603,0.4943159,0.45613703,0.5528343,0.57806414,0.50342876,0.52407944,0.55302477,0.5509269,0.58188367,0.43998292,0.45367247,0.44473058,0.51512283,0.38711834,0.403883,0.5067281,0.35064697,0.39236507,0.5073929,0.530416,0.4875812,0.4804736,0.5443952,0.55278414,0.46147528,0.45334387,0.41439116,0.42562002,0.37712172,0.36697775,0.42934993,0.4296403,0.4370396,0.35417125,0.46907514,0.4664509,0.44729072,0.48758584,0.4677088,0.4489064,0.53155345,0.48938522,0.5016013,0.51040035,0.48698825,0.4972473,0.4697959,0.41811475,0.43975702,0.4444325,0.49491316,0.38158816,0.4041882,0.43228045,0.43033254,0.36885214,0.41075903,0.3691861,0.4576703,0.39935976,0.4913539,0.49712867,0.50703746,0.49885648,0.4240727,0.429637,0.4613601,0.4521594,0.511722,0.43601638,0.4927315,0.48576158,0.32902545,0.3966468,0.38861215,0.40842545,0.45300213,0.4002891,0.3727546,0.42691994,0.44605005,0.34873846,0.36668742,0.46655768,0.3921218,0.4430305,0.30551675,0.34161785,0.351796,0.45979708,0.5232727,0.4920315,0.47582245,0.45910764,0.4649152,0.46104932,0.47399247,0.4457758,0.47594103,0.4753295,0.43209574,0.5193417,0.49517494,0.529702,0.4936487,0.5289721,0.49037203,0.48365527,0.48013273,0.4551487,0.47632515,0.48342627,0.41889855,0.40566882,0.48735252,0.45126814,0.5036478,0.52412754,0.53869694,0.53700006,0.3741113,0.3825354,0.53394765,0.55817425,0.5585423,0.4231872,0.4231495,0.40685278,0.46207115,0.4496239,0.48362014,0.48767018,0.46448594,0.4152944,0.5755267,0.5072351,0.43956944,0.45803347,0.4626429,0.44160238,0.43182713,0.43202397,0.3689347,0.47636032,0.42381507,0.46082473,0.42961204,0.43779844,0.45390514,0.56126696,0.51613563,0.46104822,0.39983633,0.44726887,0.44624954,0.4749164,0.416245,0.45079762,0.43710327,0.4482193,0.42898703,0.41135147,0.4200673,0.41191372,0.403195,0.41083017,0.43688473,0.48343518,0.4727859,0.4451485,0.5081868,0.47699773,0.4923474,0.4686834,0.4738116,0.43671662,0.46184027,0.41256818,0.36955956,0.4494862,0.4937182,0.46734604,0.5292752,0.55853474,0.5004678,0.5336599,0.5820203,0.52084666,0.57396144,0.43802875,0.42505378,0.4390693,0.47232357,0.38393414,0.41193935,0.4949766,0.36190528,0.41421133,0.4891133,0.5225514,0.51624155,0.49300024,0.54364854,0.55245185,0.44152334,0.4722969,0.42221358,0.42746687,0.3867819,0.41934976,0.4284469,0.46044016,0.41335547,0.37786156,0.45782518,0.46167445,0.45007655,0.47128326,0.491464,0.3842268,0.54170734,0.5053369,0.52043194,0.5086023,0.50222987,0.48737592,0.48788404,0.3839099,0.46230808,0.48662663,0.47866938,0.3972672,0.38762444,0.39379224,0.435627,0.3863546,0.41429627,0.43318024,0.462647,0.43596053,0.5274501,0.48265302,0.48220757,0.46010768,0.46308547,0.44263953,0.46485022,0.45739082,0.47354782,0.465358,0.5122252,0.520068,0.3713137,0.40780526,0.39861977,0.4156121,0.43443555,0.39334464,0.40333927,0.42687392,0.44868588,0.35535282,0.39668825,0.45848107,0.399603,0.45094177,0.35419372,0.33998877,0.40451854,0.50254536,0.52994776,0.4679657,0.4777079,0.4421421,0.44836998,0.46807155,0.4593873,0.4360536,0.47680327,0.4705022,0.44210172,0.48750106,0.50097406,0.55168676,0.500782,0.50415295,0.47386187,0.50515366,0.4887242,0.45327082,0.4741982,0.48035124,0.4621648,0.45823303,0.466418,0.45485085,0.49178547,0.48081565,0.5017718,0.49515423,0.40550226,0.41736037,0.51601785,0.55644697,0.5455404,0.44600308,0.41366008,0.43675926,0.48906562,0.4661137,0.5089441,0.47194675,0.45999616,0.40314183,0.57645595,0.5134283,0.44878614,0.4938479,0.48081487,0.4282044,0.40800583,0.4273471,0.4065991,0.5002954,0.42411733,0.45308414,0.40205818,0.43332398,0.4418496,0.5155157,0.52577424,0.47317067,0.39986166,0.4788193,0.44258714,0.45333984,0.43090075,0.4403948,0.48576647,0.4701727,0.48550197,0.49230167,0.467643,0.45911738,0.45645398,0.454787,0.42815173,0.45832926,0.42266768,0.43405372,0.4826794,0.48171073,0.46676847
116,0.43486223,0.43934345,0.4149193,0.44543427,0.4360951,0.43444273,0.4367327,0.40082434,0.43172985,0.40212125,0.4365645,0.4093774,0.4241108,0.44161633,0.47391692,0.48841962,0.5578498,0.4414025,0.49005142,0.47606462,0.4165091,0.43958727,0.41766003,0.38597038,0.38566646,0.42861506,0.48654643,0.44043595,0.56422186,0.509254,0.4635038,0.47218987,0.46733353,0.48942527,0.51564354,0.44203576,0.44818586,0.43888658,0.5207324,0.37424088,0.3813005,0.50015014,0.33533502,0.37472364,0.52522707,0.57151103,0.46216458,0.48962888,0.5647567,0.5939334,0.4460861,0.42568383,0.40411562,0.40191486,0.3614551,0.32391185,0.41478968,0.4196568,0.417674,0.3219052,0.41689974,0.41799566,0.4469577,0.43042523,0.39227384,0.4364346,0.5107149,0.45193782,0.46640903,0.47590393,0.44096816,0.45952094,0.47882888,0.41303018,0.43751764,0.4285354,0.4938577,0.3955483,0.4403689,0.48674607,0.4465079,0.40982938,0.430392,0.36289933,0.46524358,0.37885496,0.44801426,0.4478709,0.5118703,0.47401455,0.4301206,0.4488157,0.4610091,0.4223941,0.5496047,0.44501036,0.4957672,0.4444529,0.30228004,0.35773095,0.36184222,0.38535762,0.43282145,0.37251478,0.34347394,0.40285775,0.43179432,0.32017395,0.33374843,0.45654,0.3791939,0.40411314,0.27150205,0.31305087,0.31900844,0.43816403,0.5365625,0.4817679,0.44805092,0.43115807,0.44511288,0.46109718,0.46619362,0.41714156,0.46494293,0.46187222,0.44229698,0.5014447,0.49188623,0.5261692,0.4767052,0.48439258,0.5077464,0.48352897,0.47948575,0.46227577,0.5096556,0.50345296,0.41615278,0.41441306,0.47872478,0.47060555,0.5404356,0.5591926,0.5496493,0.59536296,0.33587584,0.39551792,0.52741575,0.52841604,0.51176614,0.43916562,0.41400617,0.41836125,0.44571105,0.4210722,0.4626515,0.51336694,0.45935768,0.42148912,0.5305863,0.48514122,0.44061267,0.4308701,0.41914973,0.45134574,0.42006662,0.39709115,0.36498278,0.45554927,0.45772037,0.47149983,0.40305358,0.40610385,0.43329623,0.5152611,0.50150675,0.45446798,0.3612937,0.4072767,0.4349545,0.44538876,0.41186324,0.44031915,0.42202744,0.4339537,0.40777567,0.39421335,0.40914786,0.41528222,0.41924322,0.3965887,0.42696163,0.45619565,0.46660656,0.4447525,0.5439451,0.4476176,0.49452326,0.46193382,0.4447944,0.41992298,0.4245326,0.39303657,0.35121256,0.42638275,0.50165194,0.44680965,0.5515159,0.51444536,0.47875664,0.49077076,0.50791377,0.48137763,0.5117957,0.44253778,0.41811672,0.43870482,0.478164,0.36375204,0.39401123,0.48925987,0.32821894,0.40477768,0.50434333,0.56353104,0.49095297,0.4978068,0.55965644,0.5972721,0.42761368,0.4477337,0.4093322,0.3991617,0.36870357,0.37028596,0.42026946,0.465437,0.39029837,0.34711772,0.40205032,0.42746398,0.46017534,0.42841372,0.42912155,0.39948058,0.51882535,0.5026849,0.47811913,0.49309447,0.47425747,0.44745055,0.5176226,0.37921104,0.43798822,0.4735828,0.49731624,0.40631092,0.43612355,0.43874785,0.46974012,0.42254275,0.44869587,0.42909876,0.4902291,0.42859867,0.5033927,0.44227076,0.46961254,0.46111175,0.4776276,0.46146137,0.46264786,0.4407642,0.5099294,0.48156986,0.5353741,0.51287574,0.3434902,0.36673594,0.36798236,0.4002821,0.41490406,0.37746143,0.38033196,0.39968836,0.43343636,0.33448765,0.37700537,0.4460494,0.40665218,0.41588578,0.32285887,0.31616327,0.37358993,0.47026244,0.5367999,0.46078324,0.46070972,0.41250953,0.43420142,0.4737395,0.4525519,0.4129768,0.46253347,0.45146754,0.45141083,0.47460058,0.48667523,0.5458103,0.483026,0.46350837,0.50662434,0.5032747,0.4836915,0.444663,0.50506634,0.49473885,0.45980006,0.4778948,0.46053258,0.47189513,0.52448535,0.5303185,0.5344268,0.54662746,0.3721521,0.4307125,0.54191285,0.52338517,0.5217367,0.4657096,0.4117839,0.4403412,0.47220013,0.4305783,0.48753765,0.49466243,0.44421136,0.40092674,0.5320458,0.5110256,0.4402501,0.46381786,0.43598574,0.437087,0.40286008,0.39916253,0.41386002,0.4967165,0.45087516,0.456312,0.38389188,0.4136961,0.41926882,0.49827328,0.5268386,0.4696443,0.36903238,0.4368025,0.43800834,0.43572876,0.42404082,0.43160504,0.47655067,0.4626571,0.48279458,0.48687428,0.4612511,0.45289725,0.43403578,0.43488255,0.42040542,0.458912,0.41204524,0.42606664,0.4740192,0.47486082,0.46006468
117,0.4228902,0.41148326,0.40826428,0.42901835,0.4214998,0.42877522,0.42945442,0.38746625,0.41974163,0.40966728,0.45624906,0.40457225,0.41522524,0.41124853,0.45010892,0.4890021,0.5822688,0.41907507,0.49656856,0.46547872,0.4018136,0.42912054,0.38614976,0.36272392,0.3733663,0.41833174,0.471132,0.42323175,0.5571442,0.4416595,0.42439342,0.4217698,0.39352474,0.4335993,0.45365554,0.43745047,0.4350361,0.42649034,0.5116429,0.36361703,0.36014116,0.48082906,0.3292102,0.36162496,0.52498,0.58829087,0.43066692,0.492018,0.5659695,0.61244124,0.4227684,0.39474306,0.3915391,0.37785426,0.34941506,0.29694438,0.4001365,0.40782052,0.39495146,0.30237588,0.37808353,0.37868667,0.44285914,0.38206053,0.34181914,0.42970031,0.48654208,0.418741,0.43822554,0.4441398,0.40609628,0.4272838,0.4777621,0.41564047,0.44437188,0.4228034,0.48521206,0.41205564,0.46941146,0.52866024,0.4622698,0.44790402,0.44506904,0.36146873,0.4620903,0.36720678,0.41704056,0.4098077,0.50786513,0.44788474,0.4327486,0.46394798,0.45870566,0.40092847,0.5676426,0.4475661,0.49109042,0.4077264,0.28780213,0.3261101,0.33785808,0.36461854,0.41023612,0.35076705,0.32294565,0.379309,0.41615543,0.3032855,0.31353754,0.44313756,0.37161797,0.37556478,0.25386703,0.29847258,0.29882726,0.41554797,0.53444284,0.47007748,0.42156652,0.40546474,0.42025158,0.45790824,0.4583788,0.388466,0.4524438,0.4453055,0.45018715,0.48234951,0.48715928,0.51442736,0.4591301,0.44193828,0.51259166,0.47716096,0.47632965,0.46655384,0.5296083,0.51451474,0.41883364,0.4195028,0.46097103,0.4769435,0.55544466,0.5714895,0.5420759,0.6261459,0.3092564,0.40828115,0.50540024,0.49458194,0.46235955,0.44732657,0.4031892,0.42907235,0.43120205,0.39445955,0.43950635,0.5257499,0.44614294,0.42604104,0.48029095,0.4548616,0.44030458,0.41332036,0.38362604,0.4592403,0.4053286,0.363996,0.36805636,0.43648836,0.48232034,0.48039493,0.38235435,0.37571153,0.4128486,0.4706319,0.4766716,0.4431302,0.3349991,0.37691018,0.42250556,0.41562602,0.40468958,0.42733994,0.41006187,0.42322084,0.3924674,0.3790729,0.39535108,0.4171169,0.43403566,0.39268023,0.41465628,0.42430267,0.44778734,0.44132775,0.5676073,0.42043504,0.49120614,0.4555448,0.41695756,0.4113513,0.39028051,0.37638608,0.3452395,0.41165903,0.49634066,0.42643195,0.55025446,0.46250343,0.44958806,0.44260165,0.43551382,0.43356106,0.44564304,0.44011942,0.4076548,0.43183938,0.47264406,0.34900624,0.37693954,0.47337797,0.3107908,0.3951099,0.5042699,0.5816046,0.4568535,0.49704072,0.5582847,0.61824685,0.40884036,0.41676453,0.3936329,0.3722255,0.35428312,0.33448675,0.40744358,0.46035454,0.3708122,0.324546,0.35971454,0.3913834,0.4552513,0.38686147,0.37633562,0.40912163,0.4844153,0.4787682,0.43705824,0.46994177,0.44062096,0.40721253,0.52278584,0.3808838,0.42543408,0.45738193,0.4944935,0.41566935,0.47183853,0.47467732,0.48606887,0.45058218,0.46543765,0.41901594,0.48894736,0.41898125,0.47345936,0.4104104,0.4549332,0.459096,0.47746155,0.47188297,0.45765084,0.4301076,0.5314204,0.48774028,0.52914655,0.4871002,0.32377788,0.3335323,0.33965647,0.38282618,0.39573866,0.3661118,0.36020988,0.37209752,0.41967326,0.32332546,0.36166444,0.43081805,0.4083757,0.38552713,0.30400282,0.30560842,0.34990576,0.4344747,0.53165823,0.45237556,0.43811536,0.3860558,0.4154827,0.4750074,0.4452518,0.3962812,0.44830716,0.42997876,0.45899746,0.46441436,0.47154695,0.522724,0.46332747,0.42498714,0.518886,0.49112573,0.4748637,0.43685088,0.52157295,0.5044318,0.45389217,0.48583883,0.447418,0.47802824,0.53954345,0.55295414,0.5375335,0.57916546,0.34710962,0.43836194,0.53494304,0.48001006,0.47907603,0.47503656,0.4075203,0.4432705,0.45426774,0.39551836,0.46188346,0.5097516,0.4249693,0.40099788,0.48095492,0.48879716,0.43376684,0.43492088,0.39181003,0.44568896,0.39586642,0.37186006,0.4184104,0.4749432,0.46094212,0.4601693,0.37285626,0.3959746,0.40315813,0.4782765,0.50403726,0.4639882,0.34643793,0.39981994,0.43552676,0.4197181,0.42289326,0.42610085,0.4636504,0.45404527,0.47388896,0.4768784,0.45222035,0.44464314,0.41402015,0.41632336,0.4167371,0.45901594,0.405441,0.42044663,0.4611515,0.46289825,0.4509558
118,0.41047844,0.38545707,0.39840543,0.41126812,0.40801838,0.42260697,0.42093346,0.3739997,0.39840806,0.41354325,0.4666372,0.4071674,0.4041857,0.38527864,0.4220735,0.48033935,0.5846505,0.39751318,0.4879581,0.44858646,0.39026192,0.41846734,0.35665497,0.34578133,0.37373927,0.4156401,0.44644773,0.4055362,0.5290393,0.38483065,0.39010367,0.38101012,0.34032696,0.3886438,0.40552762,0.4228858,0.4119914,0.40710655,0.48153615,0.35611665,0.34145632,0.44754294,0.33322185,0.35501206,0.5022824,0.5766787,0.39880583,0.48454764,0.5452557,0.6009741,0.39318845,0.36582574,0.37696514,0.35983786,0.34335023,0.29135394,0.38605174,0.39337248,0.36950418,0.29744467,0.35715657,0.35498968,0.43276384,0.348641,0.31854144,0.42545825,0.46408156,0.39119723,0.42139575,0.41934222,0.38657543,0.40517884,0.46550548,0.42509082,0.4581923,0.42780057,0.46939868,0.42838818,0.48427033,0.5477579,0.47259113,0.47347844,0.45068833,0.36657566,0.44674844,0.3647016,0.3996421,0.38699588,0.49137953,0.42441696,0.43132585,0.47220573,0.45531684,0.39103073,0.55653113,0.44330728,0.47692332,0.3794555,0.2881478,0.3055602,0.3221821,0.34714937,0.38690612,0.33701316,0.31320068,0.35815257,0.4009755,0.3017272,0.3088827,0.4269314,0.3687611,0.36013538,0.25585824,0.29959515,0.29635942,0.39679018,0.51470596,0.45700264,0.40045783,0.38537595,0.39379853,0.45176488,0.45257753,0.36236718,0.4395466,0.42702717,0.45503062,0.4651936,0.48059797,0.497172,0.44460297,0.4092074,0.49996758,0.4650903,0.4687974,0.46272367,0.5293756,0.51067257,0.4248737,0.42048845,0.4348675,0.4692034,0.5433472,0.5542756,0.51077,0.62076545,0.2995969,0.4185323,0.47111788,0.461136,0.4162638,0.44756764,0.39311415,0.43724814,0.4198921,0.37087035,0.41612422,0.5189337,0.42505032,0.4300557,0.42949194,0.4172891,0.4363838,0.40823635,0.3599113,0.4635845,0.3882909,0.3363835,0.3755727,0.41770905,0.49066344,0.4873646,0.37041077,0.3489952,0.39459872,0.43525723,0.44537723,0.42780015,0.32192984,0.35724202,0.41004953,0.38818485,0.39645827,0.41197973,0.40038994,0.41352344,0.38155204,0.36719528,0.37806195,0.4150549,0.44434938,0.39970428,0.40063927,0.3914078,0.41889715,0.43564105,0.57085985,0.3962456,0.47720742,0.44506598,0.38990673,0.40658918,0.36249053,0.36327493,0.35374007,0.4075915,0.47652197,0.40907314,0.52268493,0.4083205,0.41563705,0.3984629,0.37447795,0.381983,0.38691106,0.42674047,0.3928325,0.41790804,0.45086977,0.34241048,0.3611321,0.44675225,0.3120334,0.38745964,0.484943,0.5729003,0.41938594,0.4860636,0.5360035,0.6086301,0.38670766,0.3840551,0.3758281,0.35304165,0.34574428,0.31917942,0.390801,0.4423856,0.35469154,0.31227502,0.3358949,0.35901433,0.4356891,0.3532412,0.34003544,0.4083435,0.44588077,0.4364158,0.40529054,0.44296598,0.40616587,0.37526828,0.503308,0.39181343,0.42722282,0.44015962,0.47148922,0.42418218,0.48530456,0.49099278,0.4792061,0.46352166,0.45981947,0.4049438,0.46075374,0.40869254,0.4443453,0.39139837,0.4404539,0.4550561,0.46287644,0.47056758,0.45111203,0.42730182,0.5275616,0.48309514,0.4936792,0.44813085,0.3150756,0.31342804,0.31944844,0.3635266,0.37811384,0.3608269,0.3451846,0.34750345,0.4086551,0.325503,0.35416543,0.41393688,0.40332735,0.36614478,0.30125758,0.31200182,0.33896238,0.40050945,0.5136445,0.44310847,0.41362944,0.36698747,0.39475754,0.4709775,0.43847963,0.38657907,0.43668473,0.4089729,0.46267885,0.45854563,0.4579632,0.48801324,0.44494545,0.39523497,0.5050389,0.46912426,0.46135604,0.42699653,0.5195459,0.5029457,0.4441206,0.48228896,0.42827863,0.47263205,0.5326415,0.5435921,0.5067626,0.58249414,0.33500966,0.43943277,0.49742535,0.4340338,0.4236107,0.47307065,0.40300995,0.44252586,0.43686643,0.362995,0.43469328,0.5109934,0.40297058,0.40405443,0.42951673,0.4480532,0.42640185,0.41158307,0.35420772,0.45444927,0.3871307,0.34782895,0.41960683,0.4376883,0.45494235,0.4651598,0.37087545,0.3802997,0.39466628,0.4599407,0.4610779,0.4549173,0.33338735,0.370085,0.43556267,0.40732187,0.4292237,0.4254802,0.44783813,0.4448563,0.45929456,0.46248743,0.4410497,0.43483594,0.3988591,0.40188637,0.41843987,0.4582633,0.4041387,0.4177817,0.4440682,0.44602767,0.43980995
119,0.3977451,0.36348125,0.38857102,0.39261335,0.39467433,0.41277623,0.4079455,0.36178902,0.3697467,0.41251528,0.46302423,0.41339588,0.39269516,0.36527628,0.39305565,0.46219438,0.5629712,0.37609735,0.46175933,0.4245222,0.37953457,0.40262645,0.33321694,0.3356342,0.3837696,0.41643056,0.41380188,0.38783783,0.48129562,0.34308377,0.3632731,0.35272732,0.30792287,0.355486,0.37345177,0.39899483,0.38101047,0.38259953,0.43126643,0.35289592,0.32710862,0.40394214,0.34750488,0.3563056,0.45896515,0.53693706,0.37130192,0.46472454,0.50427717,0.556087,0.360903,0.34315696,0.3618533,0.3520205,0.34552893,0.30906978,0.3727993,0.37548196,0.34403345,0.30774328,0.3540967,0.34799677,0.4164482,0.33168542,0.31869304,0.4208665,0.4449449,0.36959475,0.41512704,0.40177527,0.38265267,0.39358604,0.44434378,0.4378523,0.47282246,0.43921039,0.44811285,0.4416814,0.48147997,0.53979206,0.4727324,0.48056352,0.447013,0.37923306,0.4217714,0.3702308,0.39245915,0.3777592,0.4629725,0.40561506,0.42746198,0.47303495,0.4518835,0.39166057,0.51283896,0.4335512,0.4550891,0.36168027,0.30537295,0.29771605,0.31868738,0.3335691,0.36477953,0.33178404,0.31530774,0.34140608,0.3878334,0.31674117,0.31991333,0.40865675,0.3691382,0.3574062,0.27951834,0.31667793,0.31326368,0.38428593,0.477957,0.44208947,0.3866879,0.3724112,0.36932433,0.4422714,0.4477298,0.34036267,0.4252827,0.40817478,0.4554812,0.44881427,0.46913823,0.47521892,0.43347713,0.3873475,0.4689849,0.44812644,0.45472813,0.44669297,0.505902,0.48815456,0.42999044,0.41842994,0.40447736,0.4499767,0.504977,0.5069528,0.45706558,0.57609415,0.30852842,0.4250216,0.4300698,0.42955875,0.37726286,0.44209597,0.38616264,0.44183105,0.41066122,0.35244557,0.3939714,0.4920814,0.40086594,0.43521562,0.38155755,0.37523663,0.42692003,0.41517043,0.34741703,0.46439108,0.37042817,0.31674996,0.38452184,0.39991015,0.48071063,0.4901758,0.36733705,0.32760826,0.379298,0.41034636,0.41179535,0.410451,0.32136858,0.34712416,0.3980323,0.36582044,0.3895779,0.39478895,0.3912751,0.40154463,0.37160012,0.35959834,0.35836866,0.4087179,0.44878566,0.41548848,0.38627517,0.36197698,0.38562632,0.42832386,0.54930675,0.3749619,0.44973305,0.4280901,0.3631704,0.39907032,0.3443202,0.35399735,0.37620622,0.41314644,0.4448083,0.39588177,0.47153866,0.35826364,0.38114506,0.36387542,0.32917684,0.3323638,0.3414472,0.40270162,0.37530845,0.3985861,0.41400495,0.3452805,0.3477943,0.4128447,0.33149582,0.38388816,0.4480957,0.53823566,0.38397914,0.4620167,0.49428818,0.5658142,0.36381304,0.35403565,0.35759774,0.34523866,0.3448016,0.32595116,0.37205255,0.41209766,0.342677,0.31150776,0.33041692,0.33440164,0.4055761,0.33136576,0.32112196,0.3964666,0.40903166,0.384294,0.38518888,0.41516343,0.37473378,0.35591733,0.46507376,0.4121883,0.4393371,0.4218909,0.4350094,0.43078238,0.47387108,0.4834911,0.449694,0.4584041,0.43479893,0.38974014,0.41549295,0.39935622,0.4191273,0.38458654,0.4289974,0.45035106,0.43829697,0.45768404,0.44467676,0.4315504,0.49410796,0.46944007,0.43772855,0.40432945,0.31915492,0.3082158,0.31065908,0.34432614,0.36313638,0.3623881,0.3369757,0.32895583,0.40049097,0.34285727,0.3566721,0.39718112,0.39292887,0.36037844,0.31609216,0.33743864,0.34231552,0.37163872,0.48300773,0.43357652,0.3907183,0.35737118,0.37451106,0.46119735,0.43129045,0.38260558,0.4280893,0.3903684,0.4605449,0.45508227,0.44507083,0.4470209,0.42850634,0.37610188,0.46557236,0.43869185,0.44223776,0.41173136,0.49772948,0.48507288,0.43015206,0.46876723,0.40652382,0.45763317,0.5043189,0.50429136,0.4468566,0.5528359,0.33751634,0.43470123,0.4388632,0.39171293,0.3651034,0.4624147,0.4006393,0.43541375,0.4198139,0.33553857,0.40809825,0.49577627,0.38176417,0.41047928,0.38211128,0.39498731,0.41492128,0.39600563,0.32668442,0.46474123,0.37809712,0.32935742,0.417594,0.39338738,0.43659168,0.4704452,0.3776658,0.36640763,0.39265347,0.44563663,0.40698054,0.44221753,0.32938898,0.34777355,0.43876442,0.40003186,0.4422172,0.42958266,0.4307661,0.43650132,0.4405777,0.4445239,0.42854172,0.42421374,0.38938114,0.39280245,0.42561164,0.45687935,0.4088752,0.418912,0.4238053,0.42577323,0.4273454
120,0.38530564,0.3482629,0.3818246,0.37405464,0.3812072,0.39908183,0.39066628,0.3523291,0.33875814,0.40795258,0.44572505,0.41899824,0.38338226,0.35222226,0.3664992,0.43764248,0.5223959,0.35501528,0.42221847,0.39696428,0.36931813,0.37971723,0.31944817,0.33332664,0.39847627,0.41704753,0.37676188,0.37075824,0.41997594,0.3159145,0.34483975,0.33681732,0.29194266,0.332422,0.3539198,0.36915448,0.34742448,0.35682034,0.3683958,0.35519052,0.31984252,0.35723323,0.37216,0.3668289,0.40275618,0.47512212,0.3513282,0.43400973,0.4503169,0.48199022,0.33013913,0.32901603,0.34867886,0.3557886,0.35738823,0.35098025,0.3615323,0.35533315,0.3227122,0.33376315,0.3673394,0.3566656,0.3970178,0.33013287,0.33680856,0.41502205,0.42898905,0.35467997,0.41602838,0.39068672,0.39278564,0.39070487,0.41975856,0.450253,0.48136947,0.45095184,0.42501652,0.45145655,0.4624578,0.50757676,0.45971122,0.46936387,0.43796274,0.39964864,0.39304247,0.38242316,0.39116177,0.37752682,0.4267277,0.3915477,0.42447847,0.4679711,0.44945297,0.4006789,0.44232842,0.42217985,0.43047404,0.35621372,0.3414633,0.30346853,0.32972017,0.325738,0.34679806,0.33560297,0.33068275,0.3316797,0.37860245,0.34855714,0.3457903,0.39029506,0.37297556,0.36633876,0.32678306,0.35029745,0.35007688,0.37971228,0.43030378,0.4253545,0.38056442,0.36727756,0.34992692,0.42959127,0.44116017,0.32390472,0.40777805,0.38993147,0.45136696,0.42929798,0.44875616,0.44875923,0.4236844,0.37418205,0.42356634,0.4276187,0.43282735,0.41829157,0.46213517,0.4493956,0.42962804,0.4159161,0.37460706,0.4245033,0.44785792,0.43699726,0.38895008,0.49691612,0.3368581,0.42897162,0.38959193,0.39982247,0.34690464,0.4351268,0.38443315,0.44546196,0.40218484,0.34225866,0.37608445,0.45185068,0.3806809,0.4443583,0.3373572,0.3334826,0.41366914,0.4308926,0.3439638,0.46247151,0.35458016,0.3071982,0.3938033,0.38546762,0.45606253,0.48559484,0.37228015,0.3135597,0.3674629,0.3924697,0.3814515,0.3937929,0.33289385,0.34541342,0.38717654,0.35064796,0.38600656,0.377257,0.38190034,0.38651064,0.36151785,0.3567324,0.33887303,0.40015295,0.4497701,0.435937,0.37378725,0.3397609,0.35472402,0.42163497,0.50647295,0.3558634,0.41156685,0.40661147,0.33733422,0.3846646,0.33675912,0.35011727,0.41000372,0.42598468,0.40624523,0.38557202,0.40564346,0.31655547,0.35029033,0.3413207,0.29893264,0.2900185,0.3093079,0.3716223,0.35862994,0.37766156,0.3680437,0.3576389,0.3390137,0.377295,0.3670982,0.38666603,0.40039268,0.4838192,0.35438237,0.42667714,0.44089678,0.49428764,0.3428329,0.329341,0.34141,0.34952715,0.3524824,0.35365131,0.3543817,0.37442276,0.336341,0.32345837,0.34100732,0.32129222,0.37282324,0.32270733,0.31725326,0.3780208,0.37748712,0.33512074,0.37581134,0.38977295,0.3496122,0.3496625,0.41909584,0.44077125,0.45403835,0.4031734,0.3954068,0.43633297,0.44129962,0.45532602,0.40451875,0.4376705,0.40028295,0.37702668,0.3679866,0.39345792,0.39907578,0.38625568,0.4219772,0.4455403,0.4118563,0.43590137,0.44003606,0.4414081,0.43482426,0.45165685,0.37704703,0.3662384,0.33722347,0.3175359,0.31402266,0.32891932,0.35263795,0.37147933,0.33739612,0.31876987,0.39526013,0.3762479,0.3705764,0.38299376,0.38217977,0.3693184,0.3489283,0.38262498,0.3594064,0.34976217,0.4435367,0.42474708,0.3720789,0.35796428,0.35689577,0.44610944,0.42182732,0.38285154,0.42135105,0.3753097,0.45308462,0.4494822,0.42976946,0.40486857,0.4130915,0.3661996,0.40802005,0.40291667,0.41758913,0.38910288,0.4600756,0.45177642,0.4119926,0.4486095,0.38525257,0.4366988,0.45988148,0.44426432,0.37122715,0.49446058,0.35531816,0.42745453,0.37516895,0.35739395,0.31353587,0.44798228,0.40248212,0.42321247,0.4027201,0.31563485,0.38503394,0.46802434,0.36568552,0.42160067,0.34005544,0.33960822,0.39892563,0.3875939,0.3111502,0.47736222,0.37163508,0.31872314,0.41368502,0.35248083,0.41210842,0.47364065,0.39253265,0.35501534,0.39501846,0.43463415,0.35420677,0.42696393,0.3344533,0.3332842,0.4456956,0.3990334,0.45886573,0.4365407,0.4151019,0.43157828,0.4198966,0.42427564,0.41622943,0.41408825,0.3857445,0.38934454,0.4372126,0.45571953,0.42004687,0.42494792,0.40264678,0.40489992,0.4150657
121,0.37454346,0.34109196,0.38099477,0.35768238,0.36852425,0.38367572,0.3725515,0.3476955,0.3130953,0.40181446,0.41791362,0.42111063,0.3779682,0.3475816,0.34606943,0.4096951,0.47179005,0.33710352,0.37799266,0.37152264,0.36161304,0.3523336,0.3175768,0.33963063,0.41255426,0.41611198,0.34309548,0.35681063,0.35809413,0.30148172,0.3371531,0.33175653,0.287677,0.31781515,0.34206256,0.34009892,0.3192565,0.33541617,0.30823714,0.36430392,0.32217383,0.31736177,0.4037262,0.38641146,0.34697735,0.40416324,0.3400369,0.39633104,0.3938848,0.39304954,0.305982,0.32417232,0.34070912,0.3695901,0.37823945,0.4100946,0.3542121,0.33730695,0.30988875,0.37274134,0.39379364,0.3782138,0.3793467,0.3426102,0.36694878,0.41029927,0.41473338,0.34885815,0.41976252,0.38473544,0.41353074,0.39342055,0.39738965,0.45942894,0.47950312,0.4576366,0.40397337,0.45689228,0.4341217,0.4604265,0.43486935,0.44638276,0.42805082,0.42561606,0.36753595,0.39917585,0.3928178,0.38127378,0.3889227,0.38129118,0.42570728,0.46008402,0.44849166,0.41582215,0.36151657,0.41238436,0.40926424,0.36558753,0.39368454,0.32242012,0.3554996,0.32601634,0.33582196,0.34837073,0.35811424,0.33132112,0.3745864,0.39280733,0.3828667,0.37513685,0.38186586,0.38594204,0.3935517,0.39717826,0.40157002,0.38100925,0.3793582,0.4081398,0.3820493,0.37028158,0.33886865,0.41554862,0.43094447,0.31499758,0.38748848,0.3756746,0.44579557,0.4048643,0.41926315,0.41861904,0.4125934,0.3659495,0.37329257,0.40583193,0.40612856,0.38314685,0.4088896,0.4027114,0.42240098,0.41583148,0.35086414,0.4009023,0.38742235,0.36109203,0.32156762,0.40191972,0.3786905,0.43167743,0.35640314,0.37237903,0.325531,0.43056852,0.39016187,0.45137653,0.39606133,0.34262303,0.36414173,0.40970716,0.3705141,0.46010536,0.29930508,0.29945526,0.40095416,0.45069593,0.34803608,0.4593215,0.34459895,0.3092732,0.40367275,0.37705052,0.42395562,0.4716365,0.38334036,0.30929038,0.36044502,0.3779936,0.3587346,0.38095987,0.35553005,0.3517176,0.37851515,0.34362027,0.3875886,0.3619686,0.3727982,0.37035733,0.35311452,0.35910544,0.32418767,0.39129108,0.44882378,0.45656657,0.36476147,0.32764766,0.3318477,0.41621837,0.4511573,0.34017748,0.36886582,0.38560566,0.31573007,0.36366662,0.3397343,0.3536233,0.44912982,0.44403923,0.37005898,0.37846267,0.33983356,0.28631407,0.32895002,0.33120665,0.28186506,0.2593776,0.28879347,0.34107548,0.3476188,0.3602531,0.32425746,0.37825683,0.3372044,0.3467809,0.41152558,0.39686444,0.3532729,0.4198057,0.332198,0.38476402,0.38688517,0.40697184,0.32696494,0.31127283,0.33050358,0.36358574,0.36807954,0.39403203,0.34135592,0.33785754,0.33760875,0.3470556,0.36422092,0.3221699,0.34591168,0.32803416,0.3250433,0.36077434,0.3535524,0.2999675,0.37511373,0.37029836,0.3336729,0.3542675,0.3769135,0.47453523,0.46445608,0.38673812,0.3621684,0.4395572,0.397793,0.41504264,0.35623142,0.4085423,0.36806944,0.36930674,0.33048788,0.39291582,0.3845886,0.39159763,0.41895312,0.44005895,0.39225438,0.41050676,0.4382591,0.45551893,0.3624072,0.4336784,0.32727373,0.3426939,0.36668116,0.3386468,0.3281082,0.32123882,0.34885418,0.3879693,0.3462532,0.31830078,0.39328203,0.42085955,0.39389983,0.37422848,0.37682918,0.39236248,0.3945914,0.4406284,0.3846303,0.33372512,0.39881772,0.4182537,0.36052135,0.36863384,0.34532365,0.4283064,0.4093396,0.38705888,0.41552368,0.36631802,0.44436204,0.43974742,0.41139916,0.36721462,0.3983812,0.36252934,0.3465024,0.3672432,0.39086518,0.36227736,0.4135804,0.40896064,0.3926756,0.42588657,0.36845082,0.4159957,0.41032246,0.37756515,0.29907668,0.4207362,0.38295949,0.41947296,0.32189533,0.3337988,0.2759091,0.43517828,0.41012394,0.4101454,0.38796657,0.30607167,0.36639294,0.43629104,0.35892782,0.4386858,0.30540028,0.29425848,0.3816064,0.38458169,0.30900118,0.4917144,0.37086996,0.31770438,0.4096383,0.3223375,0.38776633,0.47303095,0.4138123,0.3483634,0.40012378,0.4270673,0.31323692,0.41191795,0.34891474,0.3284877,0.45587417,0.40513614,0.4747904,0.4436751,0.40321788,0.4318522,0.40013003,0.4041163,0.40647766,0.40660468,0.3881445,0.39168197,0.45072758,0.45557463,0.4365368,0.4357954,0.38379398,0.3868894,0.4051014
122,0.3681984,0.34206545,0.3899158,0.347414,0.35901374,0.36916244,0.3573859,0.35036963,0.30064452,0.3965996,0.3852696,0.41959214,0.3781675,0.35435316,0.33806393,0.3819096,0.420714,0.32698888,0.33905035,0.35220855,0.35818997,0.3263478,0.3284782,0.35358012,0.42245612,0.41457704,0.32428637,0.35152116,0.31492364,0.30068365,0.34468967,0.33679074,0.2917375,0.31205797,0.3368574,0.32001942,0.30524158,0.32572222,0.26711503,0.38010544,0.334851,0.2945681,0.4339572,0.41261625,0.3081487,0.34439862,0.33881274,0.3591055,0.34711295,0.3128786,0.29468444,0.32980072,0.34118584,0.39017296,0.40437722,0.46833804,0.3526223,0.3269052,0.3091994,0.4158296,0.42608047,0.40720198,0.36910397,0.3668176,0.39948088,0.40823814,0.40357727,0.35542804,0.42330807,0.38341802,0.43858743,0.39889777,0.38340792,0.46358147,0.46658683,0.45625502,0.38946065,0.45652163,0.40701544,0.411995,0.40555707,0.42112306,0.42132214,0.45286635,0.35333943,0.4177672,0.39623323,0.38451606,0.35989207,0.37630644,0.43255997,0.4523261,0.44872776,0.43341863,0.29368556,0.40665683,0.39868176,0.39185417,0.4499194,0.35196328,0.3918775,0.33543992,0.33452475,0.36791384,0.3914278,0.3411993,0.37667733,0.4391482,0.42250675,0.3668271,0.39662847,0.41249034,0.46365112,0.44599128,0.4538025,0.38511553,0.33472076,0.39369315,0.3909772,0.38049814,0.3403794,0.40364373,0.4188328,0.31677395,0.36930013,0.3711859,0.44377255,0.38066685,0.3880443,0.39140934,0.40034452,0.36066338,0.33212256,0.38764337,0.38243982,0.35109144,0.3633737,0.3592748,0.41193107,0.4211964,0.3402636,0.38957623,0.34361464,0.30188206,0.27355495,0.32088497,0.42033026,0.43424273,0.33906457,0.35204142,0.31605688,0.43131202,0.4057634,0.4591893,0.39614522,0.35377347,0.35807678,0.37695694,0.3735655,0.4817916,0.27521908,0.28285792,0.391929,0.46851838,0.3568596,0.45673925,0.3444667,0.3234592,0.41380465,0.37755504,0.39477986,0.45067966,0.39753392,0.31702387,0.36051372,0.36821958,0.34800982,0.37561458,0.3854706,0.3646685,0.37421876,0.34566274,0.39757967,0.3531402,0.3659509,0.3564255,0.3487794,0.36729136,0.31961262,0.38408035,0.44513273,0.47277012,0.36126992,0.32896516,0.32312003,0.4111234,0.39449096,0.3320362,0.32990894,0.36962858,0.30363974,0.34007278,0.35329247,0.36503214,0.48451513,0.46475714,0.34932,0.37966007,0.2928109,0.27233905,0.32456988,0.33386725,0.27793306,0.2443966,0.2811569,0.32023603,0.3470621,0.3527163,0.2949534,0.4039906,0.34414026,0.3289749,0.4516664,0.41412005,0.32129952,0.36214003,0.3203275,0.34463134,0.34439692,0.32608244,0.32069108,0.3030745,0.32852075,0.38374403,0.3890903,0.43222407,0.33626574,0.31201214,0.34744206,0.3773565,0.39327717,0.3374437,0.33237624,0.3473534,0.33977535,0.35007998,0.3420213,0.28633344,0.3816578,0.3603795,0.32960424,0.3659495,0.3493414,0.5072374,0.4673788,0.3759179,0.34333512,0.43753535,0.35699165,0.37338462,0.31911898,0.38024047,0.34843814,0.3695409,0.31160796,0.3991531,0.37790254,0.39597195,0.42028677,0.43353516,0.38611338,0.3884427,0.43956974,0.47106114,0.29650337,0.41888484,0.30063686,0.34073633,0.40004942,0.36682376,0.35038245,0.32414424,0.3534666,0.40908018,0.36141628,0.32837465,0.3951757,0.4648416,0.4205589,0.3737115,0.3807249,0.42494178,0.44039884,0.49445435,0.40807617,0.3233784,0.35498405,0.41534457,0.35897338,0.38730368,0.3447849,0.41233203,0.3964921,0.39545193,0.41161352,0.3675495,0.43960446,0.42910653,0.39525375,0.3431527,0.38663048,0.36280784,0.2977768,0.33998886,0.36891848,0.3392074,0.36904097,0.36525497,0.37902567,0.4069758,0.36247152,0.40420952,0.37154037,0.3220681,0.24922262,0.35211757,0.409629,0.41218972,0.292168,0.3249221,0.2584812,0.42968035,0.42449316,0.40002432,0.38073283,0.30963722,0.35190532,0.4099036,0.36509582,0.46035343,0.2848551,0.2715231,0.3674689,0.38598695,0.31961793,0.5045722,0.37767836,0.3272161,0.40769696,0.3094352,0.36980698,0.46935567,0.43730873,0.34893954,0.40701497,0.42583436,0.29191262,0.4009536,0.37118986,0.33488628,0.46655014,0.41690567,0.4849754,0.4483434,0.39708295,0.43656045,0.3858536,0.38856682,0.4019695,0.4040069,0.3961373,0.3994619,0.46230462,0.45655817,0.4542161,0.4485568,0.37143946,0.37584993,0.39992356
123,0.3702473,0.35414407,0.4124553,0.34851676,0.35713753,0.36011598,0.34989804,0.36300892,0.30668122,0.3976755,0.35862628,0.41595146,0.38830066,0.37453112,0.34902424,0.36370876,0.38177493,0.32879904,0.31613952,0.34290728,0.3607401,0.30959976,0.3530324,0.37405553,0.42733935,0.4132618,0.328826,0.36047706,0.3054768,0.31596032,0.36917856,0.35180786,0.30124143,0.3157879,0.339865,0.31543878,0.31154495,0.3344903,0.2532319,0.40104935,0.35730097,0.29485434,0.45634577,0.4425429,0.29862076,0.31528687,0.35066357,0.33500344,0.32144204,0.26360333,0.3015402,0.34756443,0.3530924,0.4143443,0.4315723,0.5096865,0.35844493,0.32843718,0.3232736,0.45272258,0.45314512,0.43585706,0.37041745,0.3975731,0.42146346,0.4062416,0.40046042,0.37545788,0.42543852,0.3871725,0.4601182,0.4057214,0.38336745,0.4612558,0.44380197,0.44608253,0.3859502,0.4531762,0.38872394,0.3758448,0.38033244,0.40199304,0.42228666,0.47851765,0.35794252,0.43632764,0.4001729,0.3844822,0.3503219,0.38109258,0.44473115,0.4460362,0.44965303,0.44813374,0.25708863,0.40983346,0.4047009,0.43274078,0.4954584,0.38796183,0.43084574,0.354562,0.34612384,0.39205992,0.42434135,0.36081952,0.38631985,0.47812596,0.45554852,0.36808014,0.41539454,0.4379593,0.5184497,0.48402667,0.49328062,0.39465564,0.30956006,0.3861103,0.40586972,0.39520773,0.35811913,0.39785573,0.40893596,0.3329652,0.35931468,0.38051933,0.448022,0.3643623,0.36437926,0.3766314,0.3902014,0.36034617,0.31135115,0.3793883,0.36871004,0.33230788,0.34109768,0.3312012,0.403593,0.43532816,0.34844244,0.3985693,0.33022526,0.2759739,0.2566912,0.27621457,0.4527543,0.44020316,0.34585136,0.34514004,0.3229912,0.44099385,0.4321292,0.4672484,0.4047394,0.3758261,0.36132094,0.3622477,0.39105433,0.50518227,0.27298832,0.2910737,0.38883406,0.47787216,0.36504453,0.455575,0.35740662,0.34920692,0.42258543,0.3891205,0.3787697,0.4291199,0.4128925,0.3387372,0.36942542,0.3672329,0.35358095,0.38114142,0.41672692,0.38097566,0.3777919,0.35988808,0.41956466,0.35611132,0.36535323,0.3498297,0.35134083,0.38238898,0.32924098,0.3831674,0.4417698,0.47992417,0.36846757,0.34586024,0.3343363,0.40988603,0.35040143,0.33620715,0.30587476,0.3632967,0.30656093,0.32125282,0.3783536,0.38361695,0.5085796,0.48226744,0.3539378,0.39448908,0.27878663,0.2793523,0.34069526,0.3486037,0.28745943,0.24742681,0.28897873,0.3162927,0.36052933,0.36109886,0.28719118,0.4310816,0.361104,0.32995617,0.47779912,0.43802696,0.31589743,0.32981178,0.3240678,0.3191904,0.3242037,0.27506024,0.3284754,0.31036648,0.33928096,0.4073114,0.4138201,0.45912,0.3425133,0.30445102,0.3651796,0.4092566,0.4184018,0.36440015,0.33670154,0.37755832,0.35567364,0.34590212,0.34800798,0.29808044,0.39362305,0.36101326,0.3379163,0.38107267,0.3435999,0.5293778,0.46102688,0.3706562,0.34441468,0.43311697,0.32919386,0.3408682,0.3021435,0.36116725,0.34832373,0.38302675,0.31842166,0.41361734,0.38211644,0.39642102,0.425597,0.42702883,0.39644155,0.37532902,0.44333455,0.48261237,0.25479332,0.4138516,0.3044702,0.36462337,0.4314307,0.39748463,0.3787409,0.3402448,0.3674015,0.43152958,0.382782,0.34952796,0.40126944,0.49878,0.4449174,0.38288695,0.39406335,0.45790824,0.47620326,0.5299512,0.42463505,0.32429558,0.32579863,0.41593137,0.36852697,0.40906158,0.3593147,0.40261012,0.38794625,0.40731964,0.41106704,0.3811139,0.4410673,0.420688,0.3871646,0.34007326,0.3810862,0.3668004,0.27329177,0.32881325,0.35818297,0.32780457,0.34143677,0.33281377,0.3766888,0.40132868,0.37305635,0.40861458,0.35695282,0.2943251,0.23162441,0.30697078,0.43039593,0.41239598,0.2946831,0.3338427,0.26602495,0.43702298,0.44589564,0.39603338,0.3845105,0.32927454,0.34650916,0.39698413,0.38645375,0.48259282,0.28468168,0.27884564,0.36087036,0.3918171,0.33926463,0.5103669,0.3927843,0.347674,0.4093096,0.31976438,0.36313182,0.46426728,0.45756316,0.35836646,0.41502377,0.43146893,0.29508203,0.39680445,0.39699045,0.35120574,0.474262,0.43055522,0.48557392,0.44888997,0.3986958,0.44352517,0.38199946,0.38273123,0.40457216,0.4074996,0.40779543,0.4106943,0.46900216,0.45839453,0.4681059,0.4593897,0.37014356,0.37589014,0.4018928
124,0.3831519,0.3809571,0.4485538,0.36411226,0.36669785,0.36133328,0.3544061,0.38662294,0.33184096,0.41057375,0.3481049,0.41178954,0.41246134,0.40598765,0.37947124,0.36459762,0.36478546,0.34399098,0.31609553,0.34716985,0.37070101,0.3072621,0.39088354,0.4004563,0.42852122,0.41181,0.35740897,0.3848823,0.33207437,0.34656057,0.40632203,0.3750099,0.31408933,0.32780007,0.35050565,0.32903317,0.33940384,0.36378908,0.26684535,0.42584032,0.38813558,0.31816158,0.4709538,0.47438076,0.32144523,0.32330927,0.37657997,0.33337834,0.32224643,0.25190195,0.32746777,0.3769597,0.37726974,0.43943286,0.45790115,0.531308,0.37306166,0.3439481,0.35273272,0.4796345,0.46811783,0.45791715,0.38307002,0.42860612,0.42618528,0.40248853,0.40726933,0.4055681,0.42592472,0.3953568,0.47333744,0.41320854,0.39734682,0.4526408,0.41493154,0.42929685,0.39385393,0.45301014,0.38114905,0.35882625,0.36350217,0.39383525,0.4332164,0.5024262,0.38249102,0.45415607,0.4035388,0.38167912,0.36263514,0.3978512,0.461064,0.44138554,0.45085195,0.45662835,0.2558856,0.42580253,0.4269512,0.4799278,0.52427554,0.42583027,0.4655709,0.38335183,0.37164134,0.42015535,0.45513707,0.38889715,0.40303788,0.5071214,0.4794131,0.37955633,0.43491566,0.45583454,0.5518064,0.50776064,0.51631373,0.4140177,0.31148124,0.3872607,0.42384034,0.41129112,0.3920172,0.40003762,0.40344444,0.3638977,0.35958195,0.40291244,0.45785818,0.35863447,0.35178143,0.37689123,0.38485596,0.3671221,0.31356475,0.38353974,0.36650974,0.33214834,0.34709004,0.3253167,0.40055382,0.459344,0.37602326,0.42836314,0.34889635,0.28591233,0.2717774,0.2714243,0.47715107,0.45370054,0.37682116,0.3527448,0.34631684,0.46202433,0.46708253,0.4761326,0.42105567,0.40838203,0.37849346,0.36906108,0.4221635,0.5265704,0.2940103,0.32451174,0.3938079,0.47585404,0.36865464,0.455663,0.38419518,0.38375038,0.42946926,0.4105179,0.37956452,0.41205204,0.42824227,0.3742751,0.3860602,0.37560073,0.3747113,0.3980495,0.44501474,0.39798218,0.39144352,0.38839573,0.45372197,0.37387314,0.37440464,0.35479203,0.3631934,0.40510258,0.35394162,0.39336798,0.4452012,0.4767268,0.3909886,0.37622508,0.3657238,0.4188322,0.32870847,0.35395992,0.30465674,0.37031507,0.32694483,0.3135503,0.41444898,0.40801647,0.5199468,0.4906681,0.38470998,0.4224197,0.30069762,0.30816492,0.3739322,0.37140888,0.30897966,0.2675077,0.31129262,0.3321662,0.3888561,0.38705254,0.3017647,0.45758104,0.38869253,0.3506907,0.49051636,0.46752998,0.34010002,0.33175167,0.34615895,0.31755415,0.33085957,0.2620941,0.3514894,0.3361567,0.36426693,0.43255597,0.44198707,0.4762038,0.36211413,0.31733936,0.38954374,0.4414685,0.43345326,0.39726377,0.3573012,0.41231945,0.3687457,0.34614268,0.37020996,0.33317062,0.4079972,0.36924645,0.35598382,0.39698657,0.3584433,0.5350739,0.44550666,0.36842388,0.3642705,0.43293798,0.31768483,0.32360518,0.30549926,0.35574135,0.36818665,0.41239414,0.35200384,0.4357489,0.39623654,0.39326048,0.43184605,0.42207652,0.42094883,0.37289822,0.44805014,0.48612276,0.2425986,0.42384458,0.33756867,0.41041353,0.45998356,0.42701408,0.4113354,0.37046528,0.38992745,0.45412186,0.41164884,0.38068765,0.41030705,0.52210724,0.46534187,0.40040478,0.4135971,0.48260948,0.5017932,0.5464273,0.43653187,0.3418935,0.3216384,0.41941187,0.3873294,0.42870536,0.38912427,0.40079847,0.38619798,0.42073548,0.41309884,0.40486535,0.44746888,0.41417715,0.38756397,0.35640913,0.38283762,0.3747498,0.27416408,0.33534655,0.36057824,0.3309952,0.33931857,0.3203214,0.38615182,0.41436446,0.40080652,0.43054968,0.3696878,0.29940227,0.24539399,0.29141745,0.44857824,0.42733037,0.3288372,0.35798344,0.29744717,0.4591299,0.47369286,0.40071037,0.3979331,0.36551872,0.3565647,0.4015042,0.42213118,0.50232685,0.30469206,0.31496835,0.36447385,0.40194622,0.36340156,0.50605446,0.41584036,0.37774503,0.41415066,0.35282198,0.36791334,0.45874864,0.47089034,0.37629333,0.423249,0.44044065,0.3214092,0.39942074,0.4222633,0.37444448,0.47746134,0.44315505,0.476384,0.4454723,0.40858817,0.45117363,0.38991725,0.3883975,0.41413748,0.41660622,0.42059243,0.42261386,0.47069576,0.46101293,0.47628188,0.4668274,0.38185987,0.38836277,0.41163048
125,0.4055326,0.42121297,0.49222726,0.39240587,0.38720566,0.37335983,0.37080687,0.41846812,0.3719291,0.43642852,0.35629347,0.40845942,0.44972876,0.44277978,0.4230518,0.38641438,0.37078714,0.370089,0.33857366,0.36517775,0.38712785,0.31899905,0.43739018,0.43098012,0.42827636,0.40976328,0.40449867,0.42093787,0.38696182,0.3865735,0.44696525,0.4029606,0.3288097,0.34545666,0.3658073,0.35897705,0.38529503,0.40994307,0.30463457,0.4528502,0.42443895,0.3599421,0.48130903,0.5070742,0.37237638,0.3640175,0.41286966,0.35465795,0.34799463,0.27389678,0.36823943,0.41375926,0.4106088,0.4624782,0.4826293,0.53824365,0.39595374,0.37240383,0.3955587,0.49923936,0.4716574,0.4718842,0.40400478,0.45543802,0.41531044,0.39842498,0.42102164,0.4395056,0.4251031,0.40610284,0.4782203,0.42066082,0.42079732,0.44036657,0.38602367,0.41038945,0.40954322,0.46024987,0.38368177,0.3602841,0.35514206,0.39746603,0.45269585,0.5259462,0.42172962,0.47135246,0.40581733,0.37790763,0.39147648,0.42362857,0.48018613,0.43845215,0.4519316,0.45944926,0.2857379,0.45363855,0.45927393,0.5239493,0.53879154,0.4608479,0.49224412,0.4191002,0.40787512,0.45078686,0.48437178,0.42308876,0.42343748,0.5283713,0.49717376,0.3996738,0.4532473,0.46538287,0.56821793,0.52182883,0.525782,0.4425461,0.33914107,0.3954324,0.4412258,0.42592204,0.43636647,0.40889156,0.4019756,0.4045045,0.36776462,0.43295354,0.46997735,0.36116084,0.34855536,0.38800907,0.38440445,0.37960052,0.33507,0.39758578,0.37303284,0.349733,0.3774237,0.34006968,0.40351605,0.49078038,0.4177294,0.4712205,0.3922526,0.32642004,0.3139222,0.30011177,0.49730667,0.47666252,0.4244714,0.37063575,0.38024402,0.49184188,0.504903,0.48664594,0.44086805,0.44785255,0.4092665,0.3946483,0.46257597,0.54356384,0.33342746,0.37679598,0.40660036,0.46391883,0.3669059,0.45699394,0.42246982,0.4215274,0.43617883,0.43758368,0.39459625,0.40051186,0.44169426,0.41920775,0.4067549,0.38922378,0.40575394,0.4237431,0.469614,0.415605,0.41377363,0.42809504,0.49481264,0.40437633,0.39257452,0.37096784,0.38333678,0.43344954,0.39040518,0.41550323,0.459326,0.46651596,0.42788306,0.41377398,0.41048765,0.44007447,0.33015442,0.38150576,0.3266804,0.39016294,0.36199254,0.3179879,0.4566365,0.4359275,0.5226199,0.4891546,0.43402213,0.45734194,0.35260743,0.35407507,0.41506836,0.39679635,0.3387571,0.30011123,0.34290725,0.36576137,0.42922276,0.42693362,0.3354675,0.48238125,0.42521223,0.38756654,0.49590266,0.5002848,0.38960135,0.36487862,0.3837951,0.34029958,0.36245784,0.28299862,0.3862741,0.37739882,0.4003835,0.45711794,0.4723841,0.48762062,0.3937204,0.3473813,0.4194236,0.47492328,0.4385362,0.43028247,0.38840234,0.44469702,0.3766854,0.34898123,0.40143034,0.38364974,0.42208448,0.3809054,0.3800558,0.41067263,0.38710198,0.52699053,0.42440087,0.36788335,0.39619672,0.44021073,0.32030758,0.32090315,0.3238406,0.36340946,0.40292525,0.45461008,0.405637,0.4630904,0.41560233,0.3881327,0.43665048,0.41882303,0.4539146,0.37876245,0.451966,0.4818189,0.25582355,0.44780982,0.39124146,0.46681336,0.48658785,0.452005,0.44469014,0.411702,0.41840503,0.4759082,0.4466875,0.4183455,0.4202357,0.5389612,0.48300073,0.42281374,0.4357417,0.4958914,0.52162915,0.55121607,0.44650203,0.37522224,0.34214437,0.42466947,0.4113174,0.4427807,0.42897075,0.40517184,0.39077196,0.43352854,0.41563833,0.43313098,0.4550642,0.40814912,0.39355102,0.38500828,0.39045408,0.38505292,0.29513225,0.3556451,0.3731975,0.34591883,0.36107183,0.32766202,0.4046827,0.4436249,0.44037166,0.46428666,0.4031035,0.332589,0.28418073,0.3014956,0.4679124,0.4579263,0.38607636,0.39041653,0.3450674,0.49210173,0.50459224,0.41375673,0.41505325,0.41368794,0.38238814,0.421315,0.46677595,0.51768875,0.33969623,0.37098983,0.37731016,0.41445938,0.38748184,0.4935481,0.44499543,0.4132434,0.4213543,0.40066716,0.38071486,0.4534975,0.47644815,0.4002445,0.43054774,0.44829562,0.36421454,0.40729132,0.44542798,0.40208247,0.476271,0.45367286,0.46027946,0.43932238,0.42538717,0.4593086,0.40688297,0.40349865,0.42867765,0.42945173,0.43204525,0.43269625,0.4691431,0.46475628,0.47999123,0.47188854,0.40467587,0.41094503,0.4273544
126,0.43293276,0.46778685,0.53453404,0.4273147,0.4139208,0.39198267,0.39395946,0.4534969,0.41979033,0.47138625,0.37864298,0.4071064,0.49379796,0.4780602,0.46980664,0.42281735,0.39304057,0.40149182,0.3769891,0.3927062,0.4066077,0.3401203,0.48436636,0.46278948,0.42866346,0.4071053,0.4609509,0.46181175,0.45465004,0.4270096,0.48150226,0.43163532,0.3442259,0.3657581,0.38248008,0.4004569,0.44241425,0.46526742,0.36091778,0.48029655,0.46261883,0.41273144,0.49042088,0.5395422,0.44105253,0.42551544,0.45213816,0.391977,0.39152452,0.32121137,0.4159957,0.45145518,0.44765088,0.4803664,0.505549,0.53617936,0.42431992,0.4098258,0.44710928,0.51601464,0.46825778,0.47964674,0.4292666,0.4758172,0.39459968,0.39681473,0.43674654,0.4711593,0.4237243,0.41727927,0.4773317,0.42751208,0.44751233,0.42774215,0.36233458,0.39399266,0.42801845,0.47512224,0.3949447,0.37511894,0.35351464,0.41103798,0.47645938,0.550673,0.4671073,0.4882314,0.40700635,0.37440544,0.42805344,0.45241714,0.5007011,0.4372863,0.45249844,0.45923054,0.33780116,0.48801255,0.49321657,0.55890906,0.5449749,0.48937044,0.50966513,0.45693892,0.44894868,0.48133272,0.5126038,0.45995885,0.44311172,0.54493874,0.51278365,0.4250466,0.46978927,0.46964136,0.57541525,0.5327952,0.5258143,0.4740578,0.38398898,0.40656924,0.45461857,0.43662414,0.48154393,0.42113498,0.4027009,0.4470145,0.3795931,0.46288943,0.4802663,0.36755562,0.35119554,0.40371156,0.38709742,0.39364076,0.36908343,0.41648576,0.3839866,0.3799846,0.42338264,0.3679544,0.41189486,0.52498263,0.46435517,0.5152166,0.44733554,0.38731092,0.37403372,0.3516277,0.5144116,0.50813246,0.47775197,0.39260885,0.41615215,0.52378434,0.5384979,0.49739602,0.45807657,0.48789987,0.447272,0.43119735,0.5049138,0.55412614,0.3823473,0.4366895,0.4235768,0.44571567,0.36104745,0.460015,0.46771255,0.45640317,0.44485408,0.46500626,0.41862807,0.3929105,0.4517015,0.4663712,0.427589,0.402174,0.43895164,0.45397702,0.4915478,0.4349017,0.44054663,0.47134978,0.53481364,0.44132972,0.41569528,0.39366177,0.40707585,0.4636418,0.43281513,0.44594344,0.48297137,0.45481387,0.47249988,0.45082477,0.45762587,0.469591,0.34861752,0.41208708,0.36593074,0.4178171,0.40453532,0.33087236,0.49709645,0.46495086,0.5224936,0.48128456,0.4895443,0.4917619,0.420882,0.40748847,0.45296475,0.42010325,0.37146658,0.33814543,0.3767966,0.41134855,0.4766436,0.47399575,0.382827,0.5046621,0.46675456,0.43453532,0.49952295,0.53315544,0.45461762,0.41778684,0.42912826,0.38097903,0.41174316,0.32807845,0.4263263,0.42573926,0.4414273,0.47782686,0.50289065,0.49484217,0.43277702,0.38768756,0.45389247,0.50995374,0.4369656,0.45940366,0.42269397,0.4693074,0.37807646,0.35306364,0.43280655,0.43714437,0.43435752,0.39262718,0.406207,0.41922683,0.42104113,0.51289105,0.40286875,0.36925465,0.43136743,0.45316452,0.33213323,0.32743478,0.3496413,0.38047063,0.44437805,0.50264436,0.46607664,0.49231404,0.43483743,0.38236585,0.4398203,0.4160722,0.4887762,0.38847184,0.45378348,0.47259134,0.28641325,0.47908872,0.4513874,0.52021044,0.51201874,0.47007295,0.47417763,0.45781034,0.45002607,0.4957335,0.48401526,0.4576003,0.42961776,0.55312747,0.49919936,0.44618708,0.45772645,0.4991895,0.5394153,0.55221546,0.45435563,0.41678867,0.37839964,0.4298921,0.4357759,0.4497617,0.46991065,0.41224173,0.39965987,0.44497442,0.41719702,0.4590717,0.45973983,0.40186542,0.40207195,0.41775486,0.4012127,0.3946305,0.32812393,0.3830041,0.3907081,0.36670205,0.39845258,0.3481741,0.42870867,0.48128444,0.48333904,0.5001032,0.44532138,0.38307807,0.33717176,0.32857338,0.48838112,0.49888492,0.45181242,0.4232135,0.3963874,0.5283742,0.53328687,0.43153912,0.4285961,0.46502984,0.41735974,0.44954082,0.5124325,0.5273505,0.3822255,0.4324434,0.3952103,0.42589083,0.40731335,0.47764212,0.4775244,0.44886145,0.42982653,0.4511021,0.39716634,0.44913453,0.47632948,0.42742094,0.43641675,0.4517588,0.41301054,0.41886175,0.46641707,0.43208846,0.4712823,0.46183676,0.44129643,0.43188778,0.44644925,0.4683279,0.42828292,0.42405263,0.44541493,0.443691,0.4400284,0.43912476,0.46656132,0.47005683,0.48180988,0.47649008,0.4341596,0.4392014,0.44587708
127,0.45971143,0.51262766,0.5679228,0.46124402,0.44068083,0.41118258,0.41632923,0.48604298,0.46678832,0.50863934,0.40670016,0.40769193,0.53624606,0.5074471,0.5112982,0.46302718,0.42079344,0.4321938,0.4206426,0.423339,0.4258877,0.36446482,0.5249087,0.49261114,0.42999256,0.4036445,0.51667327,0.49988058,0.51701754,0.4605955,0.5039296,0.45689845,0.3594407,0.38653508,0.39868087,0.4462807,0.5015297,0.51997125,0.4260719,0.5057752,0.49855852,0.46713513,0.49928713,0.5697563,0.5121277,0.4901301,0.48649693,0.43476352,0.44117254,0.37997183,0.46131504,0.48355284,0.48234087,0.4905029,0.52605593,0.5298869,0.45320192,0.44921544,0.5001666,0.5327502,0.46220058,0.48309898,0.45381957,0.48890656,0.3709233,0.39888564,0.44997382,0.49619246,0.42213604,0.42690235,0.47389293,0.4331746,0.47116598,0.41616037,0.34551516,0.3823583,0.44467846,0.49427202,0.41126966,0.39563665,0.35578495,0.43003455,0.49903557,0.5766114,0.50937265,0.50459504,0.4076018,0.3719421,0.46397159,0.47848514,0.52086204,0.43701792,0.45218062,0.45784396,0.39849022,0.52142876,0.52164507,0.58316606,0.5487225,0.50977665,0.5178781,0.49157634,0.48849693,0.5085341,0.5397377,0.4952637,0.45850602,0.5584854,0.5279562,0.45078483,0.48321286,0.4716574,0.5799827,0.54530865,0.52005976,0.50098246,0.43297017,0.4164453,0.46188694,0.44145876,0.5179155,0.43284354,0.403393,0.48439628,0.39085507,0.48546594,0.4844864,0.37347776,0.3559286,0.41814592,0.39061406,0.40504044,0.40653735,0.43476608,0.3951997,0.41550335,0.47315583,0.39920288,0.42419574,0.557026,0.5067279,0.54968005,0.49887875,0.45356596,0.43917063,0.4104422,0.52821445,0.54369605,0.52550703,0.41288805,0.44645524,0.55081177,0.5621451,0.5048222,0.4668796,0.5237367,0.48440006,0.46840945,0.5420719,0.5563145,0.43126705,0.49170724,0.43916678,0.4256109,0.35252798,0.46446,0.51363224,0.4841051,0.45482537,0.48894134,0.4449263,0.38683078,0.45812362,0.5086585,0.4455869,0.4099886,0.46655768,0.48388562,0.51111764,0.45563978,0.4665268,0.51097226,0.5669003,0.47710678,0.43871948,0.41689178,0.42884374,0.49140155,0.4741612,0.47845206,0.5112157,0.44557506,0.5161309,0.48162836,0.49709067,0.5002827,0.3746924,0.44002873,0.41256386,0.4471652,0.4469865,0.34709194,0.5305573,0.49242166,0.52395296,0.4707895,0.53903466,0.5201812,0.48696676,0.4575442,0.4787314,0.43778396,0.40201232,0.37370124,0.4069537,0.4603747,0.52479434,0.52024806,0.43559656,0.5232807,0.5077102,0.48424187,0.5044638,0.5623865,0.52147484,0.4737765,0.47241926,0.42905164,0.46717414,0.38280737,0.4640663,0.4708711,0.48019505,0.4916156,0.530819,0.49831697,0.47184238,0.4288444,0.49081302,0.5450471,0.43211976,0.48119268,0.45178717,0.4828282,0.3729786,0.35560796,0.45680812,0.4802542,0.44330692,0.4011932,0.4293106,0.42087737,0.4506426,0.49859217,0.38407353,0.37132522,0.46078026,0.46750933,0.34605554,0.33586887,0.37386915,0.40051687,0.4827179,0.5481325,0.5179058,0.51957893,0.44916013,0.3768998,0.4418533,0.4123174,0.5191832,0.39696798,0.45294732,0.46098283,0.32391018,0.508935,0.5026264,0.5593119,0.5367213,0.48070797,0.49553248,0.50174004,0.48199067,0.5124599,0.5195306,0.49349245,0.43777794,0.5660774,0.51376456,0.4669186,0.47588044,0.49520183,0.55706,0.55512846,0.45866117,0.45657417,0.41783097,0.43296465,0.45610484,0.44933394,0.5026911,0.41851214,0.4101213,0.45553976,0.41740802,0.47665817,0.45803052,0.39527655,0.41027376,0.44660553,0.4120516,0.40071815,0.36280823,0.40982425,0.40771773,0.38732296,0.43996313,0.37296447,0.45411497,0.5175185,0.5218173,0.5285462,0.48349375,0.43571585,0.3894202,0.36129916,0.50819886,0.54169816,0.50890976,0.44937235,0.43829405,0.5602215,0.55464804,0.44851583,0.43278307,0.5120974,0.45286882,0.47769037,0.5527669,0.5302668,0.42490232,0.48374587,0.41298714,0.4332622,0.41984057,0.46251985,0.5097749,0.48012957,0.43659005,0.49257654,0.41143033,0.44579518,0.47382182,0.4549417,0.4411871,0.4493387,0.45527092,0.43259865,0.48416612,0.46172202,0.4635406,0.46727216,0.42312264,0.42430592,0.46826318,0.47798276,0.44940385,0.44576472,0.4614346,0.45692134,0.44312274,0.44083798,0.46473005,0.47688904,0.48383754,0.48190185,0.4650073,0.46818915,0.46382767
128,0.4800811,0.5489313,0.58638936,0.48695102,0.4617883,0.42551917,0.4308917,0.50924206,0.5024569,0.53964883,0.43020338,0.40843746,0.5691845,0.5279811,0.5413155,0.4962867,0.44294643,0.45631984,0.45693988,0.44997734,0.44225034,0.38656548,0.5537165,0.51540977,0.43075764,0.39876768,0.5616221,0.5270127,0.5585919,0.48201376,0.50969845,0.47502193,0.37205532,0.4059463,0.41384882,0.48581392,0.5508307,0.5632709,0.4849514,0.52457166,0.5258994,0.5118086,0.5069345,0.5938302,0.56862307,0.5389283,0.5092502,0.47206116,0.48297626,0.43159637,0.49405104,0.50382674,0.50738496,0.49076167,0.5412618,0.5233574,0.47569904,0.48073083,0.5449861,0.54887795,0.45633236,0.48310483,0.47154546,0.49386412,0.34973705,0.40271583,0.45780158,0.51045287,0.42014873,0.43316877,0.47054553,0.4368194,0.48602057,0.40529376,0.33472946,0.37566006,0.45575884,0.5128795,0.42626593,0.41252154,0.3575938,0.4473209,0.5143172,0.6013295,0.5402868,0.5190353,0.4074057,0.3707448,0.4921366,0.4975707,0.5384188,0.43609318,0.45082194,0.45594978,0.45077324,0.5457166,0.5390437,0.5962538,0.55305654,0.52071136,0.51578677,0.5167658,0.51934695,0.5273147,0.56332576,0.5234893,0.46676806,0.5689921,0.5417651,0.471035,0.4907445,0.4728415,0.58534396,0.5607458,0.51135963,0.51742405,0.47245857,0.42181128,0.46186152,0.43840656,0.53696203,0.44061193,0.40198743,0.5098525,0.39754853,0.49422282,0.47787488,0.3752694,0.35905918,0.42688188,0.3929683,0.41126657,0.43673915,0.4480468,0.40268666,0.44764197,0.51378524,0.42429563,0.4374044,0.5816201,0.53586906,0.5660091,0.53167117,0.5082671,0.4940568,0.45742205,0.5387636,0.57661384,0.55886626,0.42624685,0.46503767,0.56696296,0.5708642,0.5046303,0.46182135,0.5521132,0.513849,0.4954241,0.56761193,0.5476267,0.4716031,0.5305873,0.44748077,0.40789655,0.34156188,0.4687364,0.5520338,0.501058,0.4625222,0.5067683,0.4660583,0.38059127,0.4606402,0.53837824,0.45742434,0.41012588,0.482881,0.5085726,0.5266604,0.4758861,0.48628917,0.5413941,0.58544815,0.504407,0.4572485,0.43516302,0.4436975,0.5111893,0.5058041,0.5053706,0.53753066,0.44007918,0.55064076,0.5020389,0.52127874,0.5249686,0.39793143,0.46108127,0.4548683,0.47227368,0.48256227,0.36228946,0.554081,0.5132199,0.5284577,0.46013132,0.5719134,0.5377335,0.5327334,0.4934913,0.4845962,0.44759706,0.42518726,0.3986298,0.42883554,0.50094503,0.5647496,0.557164,0.48127353,0.53536326,0.5402687,0.52749336,0.511456,0.58348835,0.5745231,0.5154765,0.5045685,0.47256067,0.5146362,0.4295822,0.49125987,0.5029493,0.50845426,0.49593708,0.5518383,0.49937445,0.5011362,0.45973048,0.524769,0.5759078,0.42638898,0.49261808,0.46753576,0.4831106,0.36221543,0.3514317,0.46801448,0.5019929,0.44713154,0.40299818,0.44309363,0.4145606,0.46684313,0.4864723,0.3690098,0.37083754,0.4768512,0.4793209,0.35328153,0.33843264,0.3866048,0.41548768,0.50800246,0.58317286,0.5492683,0.5409775,0.45529875,0.3721722,0.44274852,0.40684402,0.5401984,0.3992108,0.44971097,0.44896278,0.35602304,0.52872807,0.5323968,0.57735455,0.55940264,0.48354355,0.5045721,0.5353395,0.50907063,0.52321804,0.5483859,0.5204405,0.4433117,0.57703936,0.5254714,0.48127756,0.48534423,0.48691225,0.5743808,0.5630889,0.4581439,0.48537517,0.44875714,0.43166545,0.4674763,0.44093516,0.51845664,0.42122465,0.41850275,0.46381623,0.41584978,0.4801657,0.446189,0.388075,0.4150176,0.46452105,0.42000505,0.40110126,0.38797694,0.4293175,0.4193405,0.4017798,0.4744879,0.39360422,0.47544426,0.54284537,0.54808074,0.5410667,0.50515544,0.47495288,0.42451233,0.38624147,0.5255735,0.5775133,0.5436191,0.46292314,0.45978403,0.58059424,0.56366,0.45833108,0.42293134,0.5495897,0.4818042,0.49711007,0.58241737,0.5243479,0.46142974,0.51169103,0.42527652,0.43452537,0.42200068,0.45040995,0.5363133,0.5022049,0.4372604,0.5167592,0.4175744,0.44355562,0.47024477,0.47725326,0.44406244,0.44029853,0.47999623,0.44629028,0.4955922,0.48698744,0.45495048,0.46919796,0.40889084,0.41726723,0.486846,0.48718068,0.46623197,0.46464458,0.47380123,0.46654096,0.44004142,0.43690875,0.4648232,0.48454088,0.48667845,0.48796204,0.49181482,0.49309087,0.4781297
129,0.48874027,0.5692684,0.58470803,0.49800077,0.47209114,0.430796,0.4330172,0.5158313,0.51614517,0.55564016,0.4390831,0.40709856,0.5855382,0.535084,0.5530671,0.51364636,0.45085242,0.46747932,0.47410098,0.46500003,0.4519591,0.4015694,0.5649749,0.5239934,0.4293312,0.39227712,0.5864432,0.5352945,0.5684973,0.4852742,0.49387866,0.48304194,0.37676483,0.4201429,0.42598236,0.50655955,0.5782018,0.5854388,0.52041394,0.53056604,0.53694236,0.53541976,0.51121664,0.6067134,0.5971598,0.5580311,0.51506907,0.49392456,0.50452685,0.45850733,0.50477344,0.5066058,0.5148448,0.47993714,0.5466516,0.51886624,0.48502615,0.49436718,0.5711279,0.5607109,0.45217466,0.48030564,0.47724605,0.4891352,0.33358878,0.40446237,0.45902202,0.5092902,0.41783386,0.43471318,0.4684333,0.43761948,0.4881142,0.39569855,0.32961887,0.3740356,0.45892373,0.5268002,0.43389696,0.41740572,0.35476086,0.45596263,0.51656514,0.6208424,0.55413926,0.52846503,0.40450746,0.37009102,0.5060785,0.50635624,0.55068797,0.4339855,0.44882566,0.45406926,0.47823465,0.553884,0.54047275,0.5964312,0.5572765,0.51965314,0.50162137,0.5252333,0.5334171,0.5310302,0.5780094,0.5379344,0.46538845,0.57514006,0.55133057,0.48049068,0.48991817,0.4730367,0.5915064,0.57669353,0.50155777,0.5193656,0.4912887,0.42058298,0.45412987,0.4260021,0.53202933,0.44253913,0.39678055,0.5161686,0.39580503,0.48442167,0.4578048,0.37010595,0.3575954,0.42749876,0.3930222,0.41145965,0.45001754,0.45383623,0.40327805,0.46765327,0.5347573,0.43509847,0.4470166,0.59335893,0.54282486,0.5578487,0.53412807,0.5371233,0.52350825,0.47584972,0.54558337,0.6004046,0.57221925,0.4279551,0.46617994,0.5675287,0.56052744,0.49426243,0.43965524,0.568062,0.52917767,0.50306183,0.5750137,0.5267495,0.49458775,0.5441511,0.44418845,0.39599764,0.32807034,0.4709536,0.5743177,0.50280714,0.46468568,0.51444846,0.47655186,0.37439704,0.45716777,0.54683405,0.45880404,0.40105012,0.48568895,0.5236025,0.5345653,0.49232167,0.49462217,0.5564538,0.58518124,0.51650476,0.46716723,0.44344467,0.4470995,0.5166675,0.5186768,0.51890683,0.55533606,0.438382,0.5684745,0.5075047,0.5239568,0.53695804,0.408703,0.4705924,0.4803805,0.48641285,0.5037214,0.37256852,0.5636432,0.51981705,0.5351871,0.45172378,0.58012223,0.53909755,0.5454665,0.5048997,0.4641541,0.4489857,0.43427658,0.40551051,0.43825495,0.5202795,0.58635485,0.5770716,0.5059978,0.5368586,0.55574995,0.5541285,0.5189168,0.5923965,0.6006512,0.53044695,0.5177297,0.49952444,0.5406708,0.4528503,0.50000644,0.5136669,0.5177228,0.4889972,0.5605417,0.4985629,0.5117239,0.47060567,0.54749525,0.5956343,0.42115596,0.49261126,0.46585944,0.46938986,0.34671333,0.33715415,0.4639975,0.49697506,0.44510996,0.39632753,0.44307253,0.40080905,0.4655616,0.47906062,0.35869807,0.36592,0.47656047,0.48630452,0.3476967,0.3300733,0.38163772,0.41985255,0.513972,0.6016848,0.55546856,0.55303067,0.45275927,0.3683247,0.4423368,0.40067497,0.54973024,0.39239758,0.44526523,0.4392265,0.37086296,0.5317248,0.53384566,0.5729602,0.57585204,0.47698808,0.49753994,0.5495864,0.52339417,0.52321434,0.564098,0.53183615,0.44326532,0.5837441,0.5329346,0.48568773,0.48292756,0.47795734,0.58833545,0.5758827,0.45142663,0.49543148,0.46218276,0.42459324,0.46596667,0.42434266,0.5101875,0.41889715,0.4205619,0.46520355,0.41113755,0.46550485,0.422291,0.37947777,0.4135514,0.467732,0.42262,0.39418876,0.39580157,0.4373201,0.4216298,0.40437514,0.49420103,0.40298167,0.48660302,0.55077744,0.5546964,0.53105694,0.50096774,0.49018782,0.42989552,0.3916298,0.5374502,0.5992126,0.55033964,0.45990407,0.45414737,0.5835475,0.55596054,0.45537487,0.396963,0.57132137,0.49761024,0.50032586,0.5948031,0.5075593,0.48545337,0.5083712,0.4270447,0.42801833,0.4111099,0.44288075,0.55090547,0.50882626,0.42982644,0.5191937,0.41463956,0.4429026,0.46411717,0.485787,0.4420673,0.42463645,0.48180485,0.4566343,0.49716297,0.50291395,0.4479004,0.46673968,0.40149358,0.41155836,0.49839607,0.4945852,0.4758333,0.47711623,0.47984666,0.4700637,0.42992014,0.4270268,0.46734807,0.49164528,0.48958492,0.49333057,0.5092115,0.509349,0.48608398
130,0.4820484,0.5672032,0.5602679,0.49006757,0.4677275,0.42450312,0.4210694,0.5012893,0.5016192,0.55093324,0.42803082,0.40262166,0.58002806,0.5237562,0.5411852,0.5095218,0.4413413,0.46089116,0.4655405,0.46304303,0.45096177,0.40544572,0.5543686,0.51182586,0.42483652,0.38478824,0.5850412,0.5198277,0.54315674,0.46501976,0.45452285,0.4787393,0.3674731,0.42371547,0.4301334,0.5001024,0.57563573,0.58043045,0.5217439,0.51906013,0.5261486,0.5309507,0.5096536,0.6043089,0.59166235,0.5428257,0.50083226,0.49343187,0.49946138,0.45254698,0.48823887,0.48864764,0.49969286,0.45838457,0.5384918,0.51539683,0.47712547,0.4843142,0.5711418,0.56304765,0.44924605,0.4749164,0.4697856,0.47342157,0.32185912,0.4010465,0.4536943,0.49056393,0.41466573,0.4306476,0.46691927,0.4351199,0.47804,0.38963673,0.33075267,0.3770294,0.45443472,0.53355294,0.43247175,0.40820795,0.3465162,0.45317146,0.50444883,0.63107866,0.55037844,0.52970946,0.39632946,0.367774,0.50263935,0.5026733,0.55567724,0.4321291,0.44695562,0.45168588,0.47196922,0.5428671,0.5248821,0.5822543,0.5576657,0.5036563,0.47485894,0.5111789,0.52426654,0.51443356,0.5775002,0.5328037,0.45313376,0.5743402,0.5525434,0.47581986,0.48036367,0.47021782,0.59489757,0.58745944,0.49042422,0.50487167,0.48435265,0.41218343,0.43899283,0.4044215,0.50100857,0.4382967,0.38734263,0.49836302,0.3836822,0.4553017,0.42629963,0.3567954,0.35072017,0.4199799,0.39020857,0.40510553,0.442549,0.45169887,0.39583954,0.4695142,0.5315633,0.42724335,0.44904682,0.5885678,0.5224173,0.52394897,0.5030104,0.5344973,0.5193526,0.4594859,0.54592973,0.6108375,0.5646607,0.415231,0.44683996,0.55034,0.53046536,0.4745187,0.40198296,0.566184,0.5247707,0.48754457,0.560408,0.4960109,0.49250516,0.5275248,0.42825493,0.3911448,0.31263095,0.47033325,0.57400185,0.48541033,0.46019912,0.50911695,0.47603583,0.37019926,0.44470313,0.52743495,0.44666108,0.3820255,0.476422,0.5256399,0.53101647,0.500644,0.48777732,0.5511314,0.5629837,0.50884473,0.4649494,0.43806332,0.43568793,0.5035841,0.5071248,0.5139772,0.5601201,0.43997392,0.5638268,0.4940303,0.50225306,0.53126186,0.4023257,0.4647423,0.48006094,0.48425466,0.50387645,0.37467352,0.5554451,0.50583965,0.54165024,0.44715208,0.5603286,0.5206311,0.52144134,0.4849347,0.41702572,0.44209063,0.42277524,0.39063337,0.43129888,0.51076066,0.5824046,0.575039,0.5014852,0.5244621,0.5478453,0.5568337,0.5229238,0.58707446,0.5936385,0.5153358,0.5069185,0.50137264,0.53761977,0.4461615,0.48588106,0.4982683,0.50279605,0.47025928,0.5525753,0.49364766,0.49915135,0.45707053,0.5513169,0.5971807,0.41591385,0.48232543,0.44891813,0.44306022,0.32702667,0.31466657,0.44601896,0.4674875,0.43713772,0.3824794,0.42874926,0.38167042,0.450258,0.47925186,0.3539831,0.35719904,0.46277452,0.4875992,0.3304357,0.3121526,0.3608594,0.4133441,0.5013354,0.60064834,0.5397377,0.5539452,0.4432538,0.3646685,0.44103885,0.3960304,0.5487581,0.37777802,0.44127306,0.43388906,0.36283165,0.5157468,0.5085825,0.55002433,0.5801602,0.4591124,0.47282287,0.5378097,0.51802796,0.5081887,0.56037796,0.5220658,0.43489894,0.58316576,0.53429395,0.4779361,0.46955648,0.47071752,0.5935351,0.5893303,0.4372417,0.48202962,0.45397854,0.41192552,0.45017976,0.40054286,0.47610888,0.41168302,0.4135369,0.454853,0.4021659,0.43281236,0.38884556,0.3689248,0.40482777,0.45652318,0.4181352,0.3792708,0.3857198,0.4329243,0.412862,0.39210308,0.49620914,0.39733323,0.48375425,0.5396212,0.53759116,0.49728486,0.46909347,0.48005474,0.40387788,0.3741903,0.53909415,0.60274774,0.53223926,0.4396628,0.42182264,0.5663722,0.5303592,0.43752128,0.35769802,0.5712898,0.49503994,0.48428273,0.58446497,0.48049447,0.490759,0.47348815,0.41553035,0.41269293,0.38690215,0.44136623,0.5486331,0.49476606,0.4162999,0.50071573,0.40710634,0.44431296,0.45276734,0.47340363,0.4321001,0.4037044,0.4623342,0.4602592,0.4867655,0.50465435,0.44361252,0.45910618,0.40233108,0.40774238,0.50026715,0.4989548,0.47686687,0.48079392,0.47780085,0.46584874,0.41296145,0.41178036,0.4716612,0.49658477,0.49089268,0.49606407,0.5129845,0.5134614,0.48574397
131,0.459574,0.54064655,0.51546174,0.4627787,0.44766727,0.4065836,0.39636058,0.4667447,0.46088356,0.5255334,0.40056843,0.3955856,0.55120236,0.49183294,0.5053582,0.4842461,0.4186371,0.4361245,0.43333822,0.44421652,0.43708336,0.3966137,0.5216893,0.47745243,0.41717732,0.3771382,0.55622715,0.48150453,0.48874575,0.42012104,0.39638907,0.46103564,0.34121883,0.4127234,0.42029116,0.46723208,0.54184467,0.5474546,0.48914602,0.48953316,0.49323305,0.49827906,0.5005207,0.5854455,0.5532068,0.49883008,0.46723545,0.46976843,0.46951646,0.41949475,0.44659314,0.45132464,0.4633686,0.42858002,0.51587623,0.5089359,0.45250225,0.452573,0.54329646,0.55154777,0.44504353,0.46648034,0.4534895,0.44721448,0.31157914,0.3923274,0.4428495,0.4575559,0.40868002,0.4207805,0.46386802,0.42960104,0.4621523,0.3894142,0.33836406,0.3823696,0.44542292,0.5333123,0.42625898,0.39229754,0.3361584,0.44242135,0.48369554,0.62955797,0.5346146,0.5218946,0.38152558,0.3604773,0.4840528,0.4862542,0.5536996,0.4334296,0.44589517,0.44654202,0.43507397,0.5155201,0.49817154,0.5551199,0.5496582,0.47141153,0.43777007,0.4739455,0.4907146,0.4774428,0.55767196,0.5063996,0.43159232,0.5638537,0.54201835,0.4568176,0.4642637,0.46124122,0.5898635,0.58684903,0.47585133,0.4755765,0.45555377,0.39792654,0.4173888,0.37597808,0.44869485,0.4290684,0.37533405,0.45740923,0.3632239,0.4110338,0.38938555,0.3365326,0.34047958,0.40669143,0.3841672,0.3916853,0.41936314,0.4434693,0.38185704,0.45321378,0.5074405,0.40293065,0.4423621,0.5669526,0.47655624,0.4702447,0.44594032,0.50605816,0.48500502,0.4160443,0.5354654,0.6073409,0.54101115,0.3890366,0.4097278,0.51717615,0.48506323,0.44927767,0.35538504,0.54372704,0.4988683,0.45257643,0.52521837,0.46083617,0.4614644,0.48287863,0.40252855,0.3917191,0.29691067,0.46770886,0.5490799,0.44857445,0.45025665,0.49264297,0.46979213,0.37045395,0.42236465,0.48007023,0.4220859,0.35350463,0.4598559,0.51367056,0.51448655,0.49716067,0.46518642,0.5247054,0.52022386,0.4811147,0.44906175,0.41831818,0.40905628,0.47267842,0.47238863,0.49061123,0.55159384,0.44360915,0.5351134,0.4607182,0.45910287,0.5072364,0.38233286,0.44273958,0.452825,0.46489865,0.48052007,0.36738798,0.52858245,0.47061095,0.5445552,0.44557515,0.51514465,0.48256096,0.46715027,0.43380702,0.35199693,0.42704877,0.3877915,0.35652655,0.4054863,0.4740877,0.5515261,0.5502286,0.46909025,0.4977213,0.5154192,0.534057,0.5186339,0.5684771,0.5545868,0.4766669,0.47255808,0.47675434,0.5065081,0.41534922,0.45099685,0.45809263,0.4653047,0.44159964,0.52664924,0.4805782,0.46564656,0.4226638,0.5326428,0.5765722,0.408139,0.46437925,0.4240338,0.40774253,0.30320776,0.290375,0.41834772,0.4231774,0.42279541,0.364707,0.40359506,0.35916483,0.43013835,0.48782706,0.35418546,0.34662852,0.4423717,0.4838145,0.30929783,0.29213196,0.33307916,0.40061438,0.47745097,0.5808007,0.51181227,0.54476285,0.42919782,0.35915616,0.4391363,0.39455283,0.54071814,0.35996327,0.43902138,0.43265787,0.33658445,0.48492938,0.46717378,0.51686704,0.5677784,0.42955905,0.4330164,0.49961185,0.49121797,0.4777287,0.53406113,0.489759,0.4184595,0.5729627,0.52757066,0.45838082,0.4501957,0.46474725,0.5847897,0.5971198,0.41594574,0.4462883,0.42736486,0.39541137,0.42218825,0.37186295,0.42207813,0.4013783,0.39834356,0.43175423,0.3899525,0.38717407,0.35207346,0.35665235,0.39021814,0.43454033,0.40595847,0.35700428,0.3645731,0.4182421,0.39446494,0.36682215,0.48328057,0.3785924,0.46756095,0.512968,0.49827173,0.4457893,0.41680023,0.45277765,0.35770127,0.34168163,0.52629477,0.58805656,0.4992658,0.40537053,0.3711989,0.5313001,0.49046308,0.4079928,0.31223905,0.5463928,0.47323397,0.45221168,0.54991484,0.44679716,0.47287762,0.41518095,0.39200187,0.38899064,0.35265782,0.44639882,0.52800274,0.4595444,0.40116528,0.4672917,0.4011664,0.4478338,0.43486506,0.4398439,0.41381884,0.37957707,0.4294675,0.455708,0.46500993,0.48935747,0.44123718,0.4460075,0.41032568,0.40565896,0.49206144,0.49947485,0.46990064,0.47538814,0.46760732,0.45397705,0.390721,0.39246133,0.4760728,0.49824688,0.48896834,0.49455288,0.5018364,0.504263,0.47665763
132,0.4255824,0.49390972,0.45895967,0.42123795,0.41531965,0.38065395,0.36372802,0.41983408,0.4050153,0.48626235,0.368861,0.3877294,0.50358725,0.44203082,0.4513689,0.4459018,0.39297637,0.3981909,0.38861048,0.41434896,0.41203284,0.3781598,0.47154573,0.42734587,0.40731347,0.36983952,0.5044178,0.42858663,0.42089063,0.35658365,0.33042848,0.43069965,0.30060118,0.38670075,0.39294475,0.418359,0.48334572,0.4923344,0.43274686,0.44718993,0.44417164,0.44422263,0.4847762,0.5525617,0.49001408,0.44096205,0.4203905,0.4306924,0.42393008,0.3765964,0.3904113,0.4017281,0.4146762,0.39555898,0.48166177,0.49568963,0.41681978,0.4095238,0.49281985,0.5251646,0.43611136,0.45420894,0.4362679,0.41261742,0.29911676,0.38107258,0.42849106,0.41768345,0.39781314,0.4059311,0.45612368,0.4214863,0.4498044,0.39564112,0.3516474,0.38700724,0.43654788,0.529551,0.42394832,0.38317072,0.32914528,0.43216544,0.4645625,0.6160994,0.515604,0.5067986,0.36061177,0.34579015,0.4566043,0.45932558,0.54725623,0.4409699,0.4461709,0.43611565,0.38300008,0.48019317,0.47041258,0.51855147,0.5307144,0.42586592,0.3960686,0.42078498,0.43938184,0.42715487,0.519045,0.46313542,0.40573412,0.5432913,0.5192728,0.42741123,0.44572657,0.44396633,0.5720545,0.5712367,0.45637923,0.43763635,0.41726032,0.38112146,0.39132446,0.34530035,0.38676342,0.4178366,0.36404723,0.40210825,0.3403414,0.36027333,0.3544648,0.31310487,0.33068317,0.39199933,0.37526917,0.37223673,0.392649,0.43309695,0.36519352,0.42573458,0.47256386,0.3712827,0.4295183,0.53253245,0.4151713,0.40879706,0.37989098,0.46645203,0.43424743,0.36422965,0.51187044,0.59332764,0.5102748,0.35471818,0.36307538,0.474547,0.432758,0.42404193,0.3090199,0.5019794,0.45616615,0.40819517,0.47616622,0.4268314,0.40442604,0.42065424,0.37316695,0.39437726,0.2835973,0.46477857,0.5036013,0.39807805,0.43858105,0.469906,0.46610406,0.37675238,0.39373833,0.4141428,0.39081734,0.31808916,0.44296625,0.4902186,0.48685014,0.48046327,0.43086797,0.48172113,0.46416906,0.43857777,0.42187017,0.38791484,0.37146974,0.43047765,0.42334327,0.45521337,0.53452104,0.44744083,0.48739976,0.41182038,0.40365663,0.47067887,0.35889474,0.40792564,0.4071941,0.43248656,0.4372007,0.35346898,0.48577356,0.4215197,0.5412114,0.443866,0.45358098,0.43029475,0.39886063,0.36130688,0.28437188,0.4047091,0.33293,0.31195235,0.36197233,0.42112288,0.4990868,0.50703824,0.418864,0.4602937,0.46415251,0.49025694,0.50336486,0.5404625,0.4916567,0.42880705,0.42215863,0.4334278,0.4566555,0.37576777,0.40454906,0.4023731,0.41463983,0.40821597,0.48585284,0.4573052,0.42028037,0.37895355,0.49353537,0.53532344,0.39480144,0.44228393,0.40117893,0.36846066,0.27613676,0.27270088,0.3868641,0.378073,0.40216774,0.34721237,0.37374812,0.334914,0.41629156,0.5022208,0.35705203,0.33705005,0.42372048,0.4779326,0.29513675,0.28016967,0.3098449,0.38978028,0.4533134,0.5466746,0.484882,0.5289137,0.413038,0.34968692,0.43535236,0.3965623,0.5303635,0.34509236,0.43903843,0.43322265,0.3054497,0.44876644,0.42544156,0.4835951,0.53820896,0.39119577,0.38591236,0.4432559,0.44816968,0.43703878,0.48768538,0.44012758,0.3979353,0.5532896,0.5124443,0.43070024,0.4321348,0.45777115,0.5601518,0.59396476,0.3906937,0.3965423,0.39274305,0.37824795,0.38783962,0.3423516,0.36082664,0.39126635,0.37953827,0.39981285,0.37750217,0.33754963,0.3190563,0.34396428,0.37305954,0.40810436,0.38777566,0.33045015,0.34404406,0.3983687,0.37099543,0.3355407,0.46329612,0.35432753,0.44292125,0.47918344,0.4442618,0.38836652,0.35816845,0.42296666,0.31042948,0.30843812,0.49853018,0.55965585,0.46518093,0.36394456,0.31604677,0.4856487,0.44399127,0.37438342,0.26912996,0.49828345,0.4373295,0.41237774,0.4948938,0.41133392,0.43119854,0.3487968,0.36197776,0.35984725,0.31427494,0.45694798,0.49241543,0.40934417,0.3900367,0.42794576,0.40270895,0.4531958,0.4119885,0.3933572,0.39032945,0.35443792,0.39540982,0.44453555,0.4358201,0.45758185,0.43936822,0.42849302,0.42294234,0.40506768,0.4760181,0.49592867,0.45715493,0.46266782,0.45139828,0.43679592,0.36642483,0.37161347,0.47873232,0.496385,0.4831337,0.48838273,0.4781474,0.48366898,0.46049535
133,0.38926297,0.43853992,0.40479627,0.37628612,0.37938422,0.35489303,0.332226,0.3725715,0.3503685,0.44617617,0.34945124,0.38205144,0.44866017,0.38301265,0.39068207,0.40849546,0.37625647,0.35737616,0.34790766,0.38315582,0.38261265,0.35875717,0.4141737,0.37402648,0.39775574,0.36436164,0.44071046,0.3754141,0.36024505,0.28866076,0.27073452,0.39072642,0.25375164,0.34925252,0.34994707,0.3686069,0.414162,0.42784178,0.36875382,0.40171215,0.38965833,0.38115877,0.4673962,0.5110992,0.41802,0.3892151,0.37168136,0.39116395,0.37676856,0.34429786,0.33574185,0.35148656,0.36688575,0.3666195,0.4419963,0.47548646,0.37938693,0.36967215,0.43147415,0.48736215,0.41941303,0.43755034,0.427181,0.3729005,0.28288966,0.37116,0.41410378,0.37983564,0.3820366,0.3883551,0.44074667,0.41073647,0.45001155,0.4078074,0.36926,0.38919047,0.43266487,0.5275214,0.435627,0.39462143,0.33247817,0.43220228,0.45787326,0.59139127,0.5011123,0.48771918,0.3363521,0.32449368,0.42937273,0.42693403,0.53881353,0.45672908,0.44825584,0.41959396,0.33879283,0.44782606,0.45180717,0.4765328,0.5014327,0.37571687,0.35786638,0.36554664,0.38297793,0.37567317,0.46728912,0.41272113,0.38219362,0.51600814,0.4868823,0.3952938,0.4303628,0.41884,0.54047894,0.5401044,0.4333065,0.40061986,0.38561645,0.367071,0.36496833,0.31931952,0.33072746,0.4090392,0.3573422,0.34654117,0.32267442,0.31514654,0.32906452,0.29276097,0.325731,0.38188535,0.36535177,0.35063303,0.37702975,0.42546684,0.3515644,0.3983784,0.44042054,0.34540403,0.41590798,0.49363893,0.35474348,0.35467714,0.3250745,0.4340402,0.38653305,0.32570517,0.477744,0.5741195,0.48251212,0.3213863,0.31851298,0.4333962,0.38447317,0.40509096,0.27292436,0.4476903,0.40759882,0.3678702,0.42430508,0.39884564,0.33393553,0.35769233,0.34870082,0.3962311,0.2761265,0.46285826,0.4469572,0.34518874,0.43140593,0.4461891,0.47325993,0.3893147,0.36528468,0.34670606,0.3605568,0.282099,0.43328,0.46040002,0.45289576,0.45151126,0.39356714,0.43181524,0.4078913,0.39216572,0.39090002,0.3556227,0.3325286,0.38730407,0.37340125,0.42015895,0.5172814,0.44966435,0.43305135,0.35740176,0.349888,0.43278092,0.34403235,0.36860138,0.35913968,0.39568907,0.38445464,0.3406793,0.43439028,0.37139282,0.53006506,0.4390051,0.39061978,0.375075,0.33840555,0.2867139,0.23016746,0.37727955,0.26962078,0.2694136,0.30778155,0.367532,0.43634406,0.45507893,0.3651658,0.41933915,0.40616807,0.43472362,0.47898105,0.5089114,0.4198384,0.3891104,0.36921912,0.38685724,0.40273178,0.34561023,0.35986257,0.34676126,0.364875,0.3781411,0.43788534,0.42691606,0.37583652,0.3414535,0.44144243,0.48108557,0.37433285,0.42028028,0.39130753,0.33126792,0.24973644,0.27090013,0.35878697,0.34710297,0.37730852,0.33522224,0.3466182,0.31160805,0.4193482,0.51715195,0.3603387,0.33236402,0.41557676,0.4753576,0.30025956,0.28784636,0.30359417,0.39025727,0.4406087,0.50554955,0.4719869,0.5107022,0.39743373,0.33630407,0.42745587,0.401838,0.5222608,0.33969253,0.44136825,0.43314436,0.2868157,0.41901532,0.39979798,0.4591037,0.49537575,0.35075572,0.34286308,0.38400915,0.39862943,0.39520237,0.43052313,0.3844392,0.37871507,0.5270752,0.49106213,0.40171796,0.42366946,0.44754395,0.52217436,0.57647055,0.36690325,0.34633717,0.3639555,0.3653289,0.3558098,0.3183469,0.3078868,0.3857871,0.3631246,0.36537984,0.36789507,0.29522085,0.29675117,0.33361349,0.357963,0.38530982,0.36807185,0.30577374,0.3377781,0.3808452,0.34946436,0.30906937,0.44667023,0.33527952,0.41724595,0.4492129,0.38842058,0.33928773,0.30963695,0.4069495,0.2816547,0.28960365,0.4603981,0.52542186,0.44421902,0.32557094,0.2715626,0.4405304,0.40105325,0.3461721,0.23702165,0.43561426,0.39709446,0.37589943,0.4298529,0.3794381,0.37143368,0.29269853,0.33447027,0.3312347,0.27915972,0.47003123,0.44942874,0.35571775,0.38986093,0.39377514,0.41719165,0.45992637,0.38770485,0.3464704,0.36640644,0.33205563,0.37374058,0.42991686,0.40603152,0.41347104,0.43817893,0.4093804,0.4376071,0.40649298,0.4562151,0.48841122,0.44189465,0.4456474,0.4330669,0.4184731,0.34540206,0.35395408,0.4780433,0.49100614,0.4734269,0.47817007,0.44727382,0.4562124,0.44091603
134,0.36183897,0.39106724,0.36786965,0.341524,0.35212886,0.3407137,0.31363013,0.3379116,0.31255102,0.41991165,0.35744867,0.38313574,0.4020968,0.32804587,0.33771297,0.38586965,0.377438,0.32727635,0.32701102,0.3621765,0.35994107,0.35054916,0.365653,0.330123,0.39212927,0.36501428,0.38134703,0.33652672,0.3255094,0.23355463,0.23046955,0.3462128,0.21189837,0.30843338,0.29872334,0.33234453,0.35270762,0.3704879,0.3157285,0.36425036,0.34296077,0.3255308,0.45545053,0.46864623,0.357536,0.3612979,0.3344768,0.36657402,0.34231153,0.33847114,0.29801866,0.31328002,0.3332308,0.34946486,0.40559056,0.45178363,0.35029817,0.3453608,0.3742334,0.44514632,0.39313358,0.4161058,0.43497837,0.3333397,0.26576892,0.36674738,0.40455124,0.35412452,0.363402,0.3719369,0.41698518,0.3979723,0.46949595,0.42598197,0.39011753,0.38895622,0.43846396,0.53101796,0.46926534,0.4374191,0.3549417,0.45056823,0.4726458,0.555806,0.49698937,0.46871048,0.31458905,0.30111635,0.41364068,0.39620742,0.52872753,0.48030266,0.45215833,0.39779043,0.3234965,0.4285071,0.45177042,0.43466556,0.46507227,0.33322063,0.33100674,0.32288447,0.33462405,0.33508545,0.4121514,0.36688623,0.36646327,0.48698354,0.44899175,0.36906376,0.42370665,0.38850516,0.49727255,0.4954612,0.40941992,0.37444806,0.3743127,0.36215034,0.34438795,0.30566904,0.29459634,0.40699223,0.35827628,0.3044055,0.3174476,0.28812173,0.32094485,0.28257734,0.33021623,0.38206407,0.3570278,0.33197403,0.38541263,0.42473716,0.3475234,0.38255262,0.4236747,0.33816338,0.4080375,0.46030992,0.3124395,0.32209277,0.29787126,0.42531157,0.36084557,0.31781468,0.43926176,0.5537979,0.46578634,0.29895803,0.28839403,0.406147,0.35207742,0.39903027,0.2571132,0.3949307,0.36667868,0.34523937,0.38342047,0.38216728,0.26874006,0.31164083,0.33850572,0.39571556,0.2781846,0.46254915,0.39117372,0.30255914,0.4349356,0.4276296,0.49808416,0.40728885,0.34248525,0.2950418,0.3380408,0.25438127,0.4365826,0.42909437,0.4187246,0.41303813,0.3642432,0.38911414,0.36665675,0.35584116,0.36754304,0.33386165,0.30539677,0.35456872,0.336144,0.3992194,0.5075732,0.44917303,0.38820422,0.30993766,0.3115726,0.40527505,0.34779596,0.33764493,0.32608685,0.36712125,0.33862263,0.34019315,0.3881881,0.33243883,0.5101629,0.43008664,0.3430726,0.3312735,0.3048775,0.23013923,0.20094694,0.34702957,0.21325763,0.2408643,0.25437608,0.32889068,0.37821913,0.406548,0.32330424,0.3840274,0.3569058,0.38097826,0.45116043,0.4804418,0.3580592,0.3722542,0.328677,0.35429117,0.36015576,0.3395183,0.32984778,0.30738318,0.32988176,0.36012903,0.39430526,0.39620852,0.3440922,0.32332677,0.38823402,0.4257181,0.3473037,0.40220273,0.40359455,0.3019267,0.23038398,0.2946284,0.34144396,0.3425504,0.35133675,0.33386543,0.3285698,0.29331163,0.4464766,0.5250758,0.36297715,0.33601236,0.42523623,0.48088974,0.3376135,0.3282856,0.32695884,0.4094165,0.44869712,0.46558225,0.48168406,0.49355996,0.3844177,0.32135716,0.4143696,0.40974438,0.5186019,0.34926832,0.4455617,0.43012184,0.29744115,0.40597948,0.40354082,0.44846714,0.44627497,0.3173697,0.31473678,0.3379627,0.35294467,0.36159125,0.3766307,0.33601463,0.36502793,0.49775586,0.46590623,0.37919417,0.4317577,0.43131897,0.47673273,0.5420579,0.34980997,0.30916658,0.35281193,0.36261433,0.3344196,0.30698395,0.27624974,0.38949808,0.35436022,0.33525345,0.36315605,0.27089676,0.29262453,0.32934025,0.3499684,0.37264517,0.3523129,0.29053918,0.35837796,0.37324163,0.3379103,0.29926807,0.44240466,0.33253527,0.39840907,0.4322825,0.34563318,0.31156296,0.28536507,0.4173814,0.28732505,0.2984787,0.41957188,0.49303836,0.44620404,0.30022493,0.24988638,0.40794364,0.3721264,0.33301565,0.22439685,0.37527576,0.36391014,0.3551737,0.37192222,0.35774916,0.3057625,0.2617022,0.3203992,0.3104151,0.25507694,0.48049486,0.40808132,0.31165984,0.4066142,0.3761858,0.44712353,0.46690264,0.3659323,0.31039008,0.34707704,0.31758705,0.37472227,0.41462925,0.3832764,0.3641245,0.4388201,0.39248252,0.45152858,0.41071782,0.43739864,0.47734478,0.42781124,0.4281335,0.41712463,0.40365118,0.33420828,0.34536985,0.47271577,0.4820985,0.46028796,0.4649741,0.41644198,0.42804497,0.42263174
135,0.35170236,0.3690336,0.35817137,0.32802218,0.34466073,0.34879827,0.31860596,0.32769617,0.30410898,0.41751656,0.39978993,0.3934505,0.37801787,0.2910908,0.30529943,0.3861926,0.40063846,0.32084715,0.33648995,0.36333308,0.35681868,0.36399612,0.34493697,0.3060621,0.39215484,0.37528235,0.34251222,0.32128835,0.32751405,0.20205384,0.2177377,0.30561772,0.18474934,0.27481085,0.24993618,0.32206574,0.3177122,0.33687192,0.29193875,0.3465915,0.31961197,0.29576233,0.45433593,0.43613034,0.32741553,0.3691645,0.3203311,0.36665383,0.3316388,0.36797893,0.28867072,0.2980576,0.32478595,0.34998113,0.38431177,0.43079755,0.33926284,0.34410673,0.33670077,0.40903386,0.35949317,0.39073542,0.4622917,0.3023292,0.25402653,0.37161502,0.40176058,0.34989706,0.3443041,0.36027145,0.38853416,0.3851879,0.5061646,0.44788173,0.41025624,0.38616663,0.45552284,0.54080975,0.5218325,0.51097655,0.3993084,0.4895724,0.5107329,0.5148779,0.5069945,0.4544665,0.30213875,0.282635,0.4181904,0.3746044,0.51712346,0.5067706,0.45664853,0.3731626,0.34884235,0.4302378,0.47381732,0.40224975,0.4307599,0.31091544,0.32254967,0.3050214,0.30608916,0.31565046,0.36939073,0.33818367,0.36308107,0.46157253,0.41344103,0.3560413,0.42783412,0.3585634,0.45122877,0.4469601,0.38961336,0.36749882,0.39112106,0.37030667,0.3350998,0.30951387,0.2868118,0.4136533,0.36677557,0.2864313,0.3288059,0.2873055,0.33571213,0.28584957,0.345253,0.39138347,0.35179135,0.31931978,0.42194754,0.43209097,0.35729736,0.38698646,0.43181086,0.35871434,0.4106531,0.4425617,0.29992437,0.32103768,0.30785644,0.44857427,0.36827496,0.35069582,0.4059223,0.536688,0.46210527,0.2919966,0.28045607,0.40162092,0.34496343,0.4110304,0.2687376,0.36451858,0.34721392,0.3512301,0.3675977,0.38201797,0.2240864,0.29493386,0.35011533,0.391548,0.29127955,0.46454296,0.35116494,0.28151217,0.44998708,0.41993365,0.54050475,0.42728123,0.3298413,0.27184892,0.32905304,0.2405821,0.45168647,0.40208763,0.39149448,0.3728697,0.3516378,0.37019446,0.35179585,0.34158564,0.36261997,0.33471555,0.30268723,0.3432639,0.32377356,0.4008721,0.5096677,0.44504747,0.36694533,0.27985448,0.29745066,0.39601785,0.37588328,0.32856235,0.32158932,0.36146963,0.3177107,0.3613016,0.36521527,0.31364658,0.48329878,0.41739178,0.323674,0.31075296,0.30887076,0.20266321,0.20216121,0.31665376,0.17594464,0.23396635,0.2132793,0.31900972,0.34178844,0.37469393,0.3088607,0.36498353,0.33195397,0.3463735,0.42745805,0.46220425,0.325223,0.38770977,0.31235665,0.34868267,0.34183368,0.36601543,0.32452577,0.29560748,0.3209368,0.36062005,0.369444,0.37279257,0.33446023,0.33214027,0.3500496,0.38412026,0.31792435,0.39056185,0.43837622,0.28457567,0.22334354,0.34872937,0.33766362,0.368863,0.32677433,0.34378254,0.32219473,0.28397244,0.49240398,0.51827306,0.36281,0.34714025,0.45301023,0.49517995,0.41159222,0.40719607,0.38569087,0.44830385,0.4797891,0.43649754,0.51308745,0.47982326,0.37364557,0.3079511,0.3978161,0.41839185,0.5181018,0.37537315,0.45018575,0.42129454,0.34734872,0.41571623,0.43994817,0.45101458,0.4029272,0.300388,0.3096373,0.31824744,0.32250574,0.34537366,0.34278315,0.30743113,0.3602426,0.46992496,0.44038954,0.36914873,0.4569151,0.40688723,0.43417075,0.49480253,0.34382966,0.2950617,0.36597952,0.37358338,0.32850894,0.31263095,0.2735873,0.40411168,0.35625204,0.3173779,0.36414868,0.27117905,0.31223983,0.33282495,0.35099584,0.36947107,0.34378347,0.28927603,0.40970922,0.37908185,0.34249607,0.31452617,0.4558707,0.35499522,0.3926467,0.43335733,0.32832998,0.31349912,0.29426864,0.45678946,0.33578074,0.34317297,0.38616413,0.47061738,0.470184,0.2915743,0.25610465,0.39687756,0.36531764,0.34280354,0.23717585,0.33922246,0.3496135,0.36105388,0.34021705,0.3536236,0.24993326,0.26318416,0.32920432,0.30238315,0.24858652,0.48315585,0.37933135,0.28936493,0.4380009,0.38156554,0.4864901,0.4712537,0.35197577,0.29407397,0.33798483,0.31263188,0.3985399,0.4020558,0.37349233,0.3210395,0.44112366,0.38210878,0.4606406,0.41727543,0.42466825,0.46490067,0.41852495,0.41484702,0.4079762,0.3965124,0.33776048,0.3495917,0.4634116,0.47140792,0.4461882,0.45124593,0.3946792,0.40711153,0.41091123
136,0.3607705,0.38597322,0.37552282,0.3394883,0.3611476,0.3837784,0.35163096,0.34934005,0.33303696,0.442427,0.47253948,0.41140822,0.38060516,0.28156045,0.3015309,0.40875694,0.44600853,0.3465863,0.37933955,0.39640626,0.38354212,0.40335885,0.36584425,0.3101708,0.39780396,0.3932097,0.33381584,0.33418924,0.36788687,0.1968829,0.23556809,0.27923808,0.17844702,0.25704795,0.21402737,0.34683883,0.3211015,0.3386794,0.3096017,0.35842225,0.332647,0.30482745,0.46669778,0.4258738,0.33878884,0.41894644,0.33615777,0.3940807,0.35074922,0.4361199,0.31482062,0.31313083,0.34845564,0.3709381,0.38884538,0.42178255,0.3551015,0.37063864,0.3309496,0.39171228,0.32800472,0.36729696,0.502093,0.28952566,0.25511765,0.38893953,0.40157986,0.37147117,0.32868212,0.35566917,0.36401907,0.37676662,0.54675126,0.46778977,0.42438304,0.3820109,0.47927913,0.55851847,0.5780693,0.59861916,0.45741078,0.5458206,0.56499267,0.48319247,0.5304652,0.45074573,0.3049069,0.27729547,0.4432968,0.36737153,0.5077425,0.5295928,0.46011737,0.35162395,0.41640365,0.45855957,0.51011175,0.38854605,0.4129481,0.31831852,0.3386275,0.32038206,0.30651614,0.32483768,0.35717627,0.3386672,0.3770703,0.44763058,0.39397213,0.36233625,0.442961,0.33889696,0.4185576,0.41371167,0.3846803,0.38739276,0.43938327,0.390349,0.3398449,0.33275455,0.30880812,0.42815578,0.38189372,0.2995212,0.35735956,0.3130575,0.37283856,0.30214813,0.36829078,0.40032294,0.35126773,0.3136911,0.477084,0.4449327,0.38167122,0.41774073,0.46976644,0.41018775,0.42704996,0.45055038,0.32275733,0.35369575,0.35758072,0.50069326,0.40895382,0.42563358,0.39211312,0.53135717,0.4661839,0.29886475,0.2954587,0.41836235,0.36370754,0.43999672,0.30892605,0.37381604,0.3617334,0.38935244,0.38550764,0.39743802,0.20611353,0.31266984,0.38569808,0.3840337,0.31600377,0.47040078,0.34110072,0.29049534,0.47327664,0.4263237,0.5900938,0.44457135,0.33276513,0.2843555,0.3389558,0.24148954,0.46842065,0.38740438,0.38027564,0.34482762,0.35822758,0.3877955,0.3644896,0.3535886,0.38059393,0.36445493,0.3310598,0.36060283,0.34458712,0.42604166,0.5267769,0.43837246,0.37435505,0.27374274,0.3112736,0.40642858,0.42885473,0.34958112,0.3529154,0.38984695,0.33385092,0.40682462,0.3783166,0.32039514,0.45802715,0.40199703,0.33756408,0.31932697,0.35228077,0.20759688,0.2360132,0.29129517,0.16304521,0.25213435,0.19216578,0.3473719,0.3397685,0.3703177,0.33336112,0.37051487,0.34206137,0.34476238,0.41634983,0.46051255,0.3339694,0.43899584,0.32707408,0.37589568,0.3546378,0.42777622,0.3498866,0.31702763,0.34465137,0.3817008,0.3742988,0.36480412,0.3543916,0.37015864,0.34150848,0.37002861,0.29534516,0.3871573,0.48444533,0.2821126,0.23216446,0.42684573,0.34427345,0.4178595,0.30707097,0.36078906,0.32770824,0.28696558,0.537306,0.4964003,0.35845384,0.3611703,0.48772815,0.51712716,0.50839406,0.5102694,0.46972057,0.50209886,0.5271021,0.42814913,0.5548815,0.47195312,0.36356097,0.30099884,0.38326043,0.42671302,0.5166457,0.4164927,0.45351437,0.4058993,0.43423033,0.44900146,0.49614838,0.46034843,0.38075283,0.30743113,0.33268067,0.3331324,0.31763124,0.35422125,0.34326208,0.30838946,0.36808679,0.452223,0.42275572,0.37509564,0.49244097,0.37817615,0.40841886,0.45178887,0.3563177,0.31182334,0.40698993,0.3961002,0.33917388,0.3356678,0.30193388,0.42637727,0.37112024,0.31920636,0.37232828,0.29706275,0.35415658,0.34367725,0.3594837,0.36835793,0.34363908,0.30170742,0.47979987,0.39586452,0.36511374,0.3578967,0.48984602,0.40715164,0.40446383,0.45466068,0.34379277,0.34561938,0.3383556,0.51608026,0.42139676,0.4221521,0.37370637,0.46897623,0.5029996,0.2964649,0.28770277,0.40745702,0.38111848,0.3773598,0.2757688,0.34333616,0.3653569,0.39588383,0.345622,0.3701472,0.21649465,0.29758617,0.36457905,0.3091757,0.26495728,0.47805038,0.37405398,0.29815754,0.47406635,0.40682077,0.52273995,0.46995997,0.35218433,0.30402076,0.34507737,0.31413332,0.43190637,0.3967577,0.38024056,0.29738578,0.44318652,0.38220808,0.46258867,0.42545518,0.42192984,0.4546639,0.41685456,0.41035262,0.40878275,0.39978364,0.35767484,0.36673185,0.45419455,0.46240178,0.43563783,0.44074926,0.3901353,0.40051654,0.41025576
137,0.38631096,0.4439625,0.41100666,0.37263376,0.39810595,0.441637,0.40858895,0.40216458,0.3995433,0.49303797,0.56543195,0.43717626,0.40460256,0.301048,0.32845816,0.44756415,0.50894177,0.40439624,0.45067763,0.46230248,0.44197598,0.4657696,0.42725316,0.34687874,0.41194746,0.41544405,0.35528594,0.37548453,0.438538,0.2163388,0.28234687,0.2718593,0.19577871,0.25862533,0.1964666,0.40848616,0.36390805,0.37765482,0.3702857,0.40168938,0.38529688,0.35373986,0.49394286,0.4432234,0.39082685,0.50434285,0.38064486,0.44672865,0.3983367,0.5366016,0.37737975,0.35923824,0.4044187,0.4094558,0.42118824,0.43269154,0.40106556,0.4262174,0.36090937,0.40231156,0.30845362,0.35325596,0.54582775,0.29798314,0.273303,0.42003554,0.40026277,0.41400763,0.3212877,0.36006397,0.35061246,0.37776595,0.58049285,0.48401862,0.43554658,0.38224936,0.503108,0.5874759,0.62845373,0.6817834,0.52201194,0.6145427,0.62632996,0.47380406,0.5614719,0.46294287,0.32770354,0.29067692,0.48273602,0.3752391,0.5058367,0.5463963,0.46194667,0.340088,0.51765835,0.5116172,0.54837805,0.39380562,0.42217496,0.3589152,0.380157,0.37150592,0.33902434,0.3647597,0.38506943,0.37424722,0.41009998,0.45336887,0.40202296,0.39065346,0.4709541,0.33737957,0.41212344,0.4120245,0.40514258,0.43675408,0.5161834,0.41729498,0.3566766,0.3733089,0.3550866,0.4478928,0.40568396,0.3448716,0.4020219,0.35733598,0.42412752,0.33210936,0.40007558,0.40415567,0.3583753,0.31592634,0.5365916,0.45964068,0.41881457,0.47577232,0.53368574,0.48762175,0.4617694,0.48831192,0.37888768,0.4112874,0.43904537,0.5714308,0.47665384,0.53032404,0.41022015,0.54616493,0.47241887,0.31783015,0.32945877,0.44670057,0.3988723,0.47829035,0.36988074,0.42466336,0.41420773,0.45242074,0.4333237,0.41919586,0.21401961,0.36207703,0.4401285,0.37528852,0.35369208,0.48130488,0.36647418,0.33273765,0.50480086,0.44854337,0.63702446,0.45850533,0.35512778,0.3342575,0.3701591,0.2560153,0.4773922,0.38969186,0.39183423,0.33877733,0.38158965,0.4418318,0.39683583,0.38810974,0.41878378,0.42085743,0.3885242,0.40621683,0.39920482,0.4721149,0.56100756,0.43468726,0.40643024,0.29302436,0.35274085,0.4339411,0.50247806,0.39883813,0.42031375,0.4521683,0.38735715,0.47325757,0.4246705,0.35438555,0.44617692,0.3867257,0.380461,0.35535693,0.4279103,0.24468619,0.30066818,0.27516618,0.1742879,0.295292,0.19248316,0.4149219,0.3746785,0.39547032,0.398137,0.40157002,0.38879678,0.37872478,0.42562053,0.47604564,0.38511688,0.51874167,0.37237626,0.4354826,0.3974392,0.51852024,0.40547195,0.37098765,0.40082103,0.41973856,0.40999022,0.378343,0.4060537,0.4332282,0.36864504,0.38996547,0.28668243,0.3919856,0.5285607,0.2934788,0.25783852,0.5140564,0.35619527,0.4713129,0.29551977,0.38094088,0.34412047,0.30218115,0.56524074,0.4688606,0.35467306,0.37547913,0.5148118,0.5472265,0.6067765,0.61254036,0.5592106,0.5640885,0.5804933,0.44395053,0.59330064,0.47290713,0.3539294,0.30543777,0.37778157,0.435373,0.51012725,0.4691176,0.45397657,0.38695905,0.54438895,0.50060713,0.5517676,0.46637642,0.3905858,0.34239864,0.383609,0.3847409,0.3430348,0.39005825,0.383848,0.34270307,0.3911116,0.453868,0.42199877,0.39739242,0.53148437,0.3529016,0.4099692,0.43230033,0.39499074,0.36364925,0.47513008,0.42356443,0.3638709,0.37239644,0.35681748,0.45008814,0.4027071,0.3437936,0.39028552,0.34276548,0.40869847,0.361881,0.3756627,0.36472747,0.3527067,0.32515812,0.5500565,0.41812694,0.40234116,0.4259684,0.54242414,0.4861205,0.43567112,0.49383458,0.39002827,0.39957538,0.4099341,0.5822322,0.52427673,0.523162,0.39392453,0.4947957,0.5296276,0.31027138,0.3361917,0.43156248,0.41133896,0.43136954,0.33269072,0.3884586,0.41470557,0.4516134,0.38497874,0.4033384,0.2085453,0.35746053,0.42256466,0.3296452,0.30546138,0.46987665,0.39618707,0.34195906,0.5087417,0.4424531,0.5483889,0.46299142,0.37052253,0.34253386,0.37132785,0.31840765,0.45811412,0.40173393,0.4046194,0.29901975,0.4425121,0.39262536,0.45927182,0.43513927,0.42933944,0.4484088,0.42326996,0.41627637,0.41942808,0.41310027,0.39134172,0.3935435,0.4493868,0.45745537,0.43174928,0.43593654,0.40488717,0.4094997,0.42148754
138,0.42487252,0.5284662,0.4594408,0.42162904,0.4475237,0.5080386,0.47551006,0.4750852,0.48980144,0.55886364,0.65652955,0.46874884,0.44694516,0.34406227,0.3800093,0.49722782,0.5752358,0.4803827,0.5356155,0.54478604,0.5186024,0.5343088,0.51135457,0.41173255,0.43393084,0.43705252,0.3986618,0.4368577,0.5202645,0.25717285,0.35171005,0.28038183,0.23598309,0.27713123,0.19728905,0.4943844,0.43586957,0.44387177,0.4588975,0.46767604,0.4653838,0.430808,0.5312883,0.48235375,0.4698738,0.59904593,0.44410294,0.5154993,0.4642965,0.6399751,0.4659102,0.4295045,0.48228762,0.4584517,0.47348967,0.4650653,0.46718138,0.49901453,0.41949692,0.43936762,0.3022751,0.34931925,0.5837807,0.32138702,0.30453682,0.4585485,0.39988276,0.463141,0.32339868,0.37326077,0.34900144,0.38826796,0.60299295,0.4956133,0.4476218,0.39069656,0.52209425,0.62222147,0.6683219,0.743882,0.58441496,0.6816765,0.68225056,0.4879537,0.58863926,0.4879677,0.3691607,0.32118443,0.5257654,0.39498726,0.5111726,0.5556613,0.461906,0.3402094,0.6246167,0.57557356,0.5787047,0.40961176,0.4587911,0.42821392,0.44158378,0.45052046,0.3978801,0.42922708,0.4488036,0.43953323,0.4538459,0.47872552,0.43622097,0.43467674,0.50655174,0.35238406,0.4337603,0.44398084,0.45187137,0.50763947,0.6025093,0.44463074,0.3799062,0.4227236,0.4178165,0.4679704,0.43593797,0.41462576,0.4549775,0.40979785,0.4775556,0.37309352,0.4386236,0.4067813,0.37318072,0.326583,0.58697575,0.47318605,0.4612006,0.5472445,0.60489076,0.57200354,0.51111996,0.54649574,0.4572815,0.4798637,0.5323765,0.64107704,0.55528814,0.63362586,0.4620098,0.57792413,0.47839618,0.34822252,0.37536475,0.48283058,0.4433542,0.5175521,0.43694955,0.502918,0.49360606,0.5251007,0.4989249,0.44222993,0.2438848,0.42959583,0.5003045,0.36743036,0.39970365,0.49441186,0.42158327,0.40365216,0.539771,0.48240277,0.674618,0.46931532,0.3940742,0.4140734,0.41715848,0.28256485,0.47623077,0.40562445,0.42097723,0.3504767,0.41879877,0.5167864,0.44385815,0.4388348,0.46914735,0.4910502,0.46284065,0.4706984,0.47675538,0.5312489,0.60447466,0.43663248,0.45843592,0.33342698,0.41436958,0.4769757,0.5811935,0.46288925,0.51132953,0.5321161,0.46416396,0.54341686,0.48817167,0.4107687,0.45182216,0.37324688,0.440631,0.41039643,0.5176066,0.31025842,0.38669175,0.26841298,0.20730692,0.35666424,0.21224056,0.50677925,0.43892103,0.44228643,0.4873864,0.45192313,0.46205094,0.43983173,0.45573944,0.5018359,0.46614337,0.60453093,0.43971848,0.517123,0.46221974,0.6131011,0.48114935,0.44879392,0.4792888,0.46784085,0.46739867,0.41469923,0.4791034,0.50573987,0.42562607,0.4402584,0.29064798,0.4001773,0.56053334,0.31305414,0.29635543,0.59016234,0.37106135,0.5123859,0.2930323,0.40166286,0.36735767,0.3268922,0.57315046,0.4438893,0.35541815,0.38913634,0.5288679,0.58110374,0.6854456,0.6907805,0.63285106,0.6213303,0.627606,0.47794405,0.6185511,0.4816172,0.3454365,0.32157627,0.38549653,0.44412348,0.49710387,0.52300346,0.45057988,0.3682266,0.6483435,0.55945086,0.5923097,0.4620267,0.43382433,0.40377468,0.45508653,0.46538585,0.39502808,0.44688448,0.45912895,0.40659934,0.42521295,0.476331,0.438734,0.43061325,0.566207,0.33457685,0.4401864,0.44354355,0.458554,0.44546923,0.55652905,0.4487365,0.39664778,0.41520953,0.4291197,0.4690079,0.44827732,0.3864147,0.41649598,0.3983856,0.463961,0.38452145,0.3983354,0.3610194,0.3699204,0.35701758,0.6037831,0.43995386,0.44547254,0.5032818,0.59972644,0.5730384,0.47905174,0.54107046,0.4556347,0.4642449,0.4930081,0.6397092,0.6167382,0.6197551,0.44981024,0.54231703,0.542601,0.33086273,0.39091274,0.4653141,0.45064408,0.49431425,0.39597875,0.4616653,0.48764613,0.5155309,0.44835725,0.4481786,0.22192465,0.42693776,0.48969737,0.36034095,0.36380607,0.46178016,0.43997014,0.41650608,0.5375203,0.47875932,0.5629225,0.45187375,0.40412793,0.40299436,0.41170016,0.3248629,0.4703492,0.41512686,0.43944514,0.32033443,0.43686044,0.40714857,0.4529045,0.44503957,0.44258624,0.44472855,0.43492848,0.429597,0.43594238,0.43208176,0.43100628,0.42363268,0.44935712,0.45677072,0.43410775,0.43655768,0.43295193,0.42895386,0.44028467
139,0.469422,0.6153997,0.517549,0.477599,0.4984675,0.56406724,0.53333426,0.54977083,0.57756203,0.62174946,0.7222798,0.49701622,0.5047126,0.39762586,0.43776816,0.5512447,0.6281392,0.55296594,0.61211514,0.61952585,0.590847,0.5857479,0.59458345,0.48807493,0.45648432,0.44938266,0.45035,0.5020734,0.58731234,0.31242663,0.4297492,0.2964921,0.29336545,0.30517086,0.21325931,0.5802982,0.51608115,0.51710236,0.54700595,0.54039884,0.54800975,0.5140042,0.56718445,0.53100824,0.5518055,0.6728685,0.5126238,0.5849992,0.53257793,0.7131153,0.5573399,0.50916135,0.5618572,0.5098659,0.5325612,0.51374894,0.5343587,0.5676249,0.48888752,0.4906036,0.30551437,0.3501224,0.6025566,0.34978205,0.34086794,0.4936689,0.40061724,0.5024887,0.33249965,0.39033237,0.356213,0.4019762,0.6064836,0.49642614,0.4565283,0.4051666,0.53049785,0.65137047,0.68957305,0.7744054,0.6286678,0.7289985,0.71822375,0.51844746,0.59834665,0.51431644,0.41851866,0.36265928,0.55625015,0.42044932,0.5187895,0.55414945,0.45957643,0.34827453,0.70343685,0.6325055,0.5912659,0.4257155,0.5133816,0.51108295,0.51161456,0.5372785,0.46734056,0.50440526,0.5316494,0.5185849,0.49342227,0.5147246,0.48630908,0.48125017,0.5350525,0.37680948,0.4773345,0.49909732,0.51590645,0.58432406,0.67260087,0.46649414,0.40379676,0.46940798,0.48713326,0.48363408,0.4628838,0.49138746,0.50238484,0.46214467,0.5218059,0.41473272,0.47246987,0.40701783,0.39184564,0.34418905,0.615683,0.4823052,0.4981115,0.61120063,0.6611109,0.6397816,0.56056577,0.60739416,0.5404629,0.54422915,0.61104447,0.6858327,0.6177259,0.7048514,0.5370003,0.6138413,0.4767093,0.3841196,0.420579,0.52667266,0.49350914,0.5496118,0.49612662,0.5867644,0.5797184,0.5894041,0.56796795,0.46602726,0.28855607,0.4925777,0.5503561,0.3634067,0.44393203,0.5040414,0.49171507,0.48812893,0.56601924,0.5138016,0.69322133,0.47383755,0.4396371,0.5038143,0.46746042,0.3170289,0.46286547,0.42789096,0.45305994,0.36784402,0.4634076,0.59142023,0.5022226,0.49633926,0.51944697,0.55516833,0.5340123,0.5391225,0.55690086,0.58819246,0.643483,0.4411407,0.5239764,0.38296115,0.4760584,0.5326333,0.6443109,0.5240421,0.6012616,0.606233,0.5427157,0.59448564,0.5530598,0.47549427,0.47055566,0.35990617,0.50243664,0.47207695,0.59487396,0.39242104,0.47488856,0.2669837,0.25745818,0.418983,0.24699941,0.5959107,0.5151687,0.49619728,0.57285166,0.511224,0.5417979,0.51072294,0.49832767,0.52825636,0.55282,0.6713245,0.5152636,0.59997785,0.53456753,0.6818491,0.5588021,0.5333105,0.5606618,0.51897335,0.5313951,0.47019562,0.55248076,0.56675684,0.4950669,0.5075059,0.30259785,0.40267345,0.57021654,0.33425733,0.3402351,0.6378308,0.38495457,0.5288559,0.29816106,0.4179342,0.39064357,0.35739878,0.5581543,0.4222523,0.3586739,0.40000108,0.5279816,0.60992604,0.7290893,0.73135895,0.67284936,0.6596317,0.6538136,0.5182433,0.62149477,0.49036035,0.33643728,0.346909,0.4022126,0.45103574,0.47700235,0.56405854,0.44357142,0.35213345,0.7158594,0.612237,0.60605896,0.44345248,0.50068516,0.48060068,0.53338647,0.5542196,0.45996016,0.51323545,0.5502075,0.48709044,0.46021503,0.5124552,0.46656147,0.46506333,0.5849488,0.3232908,0.49153125,0.48170137,0.535203,0.5397794,0.6295952,0.46782482,0.43045247,0.45601854,0.5058243,0.4799022,0.49491924,0.43602997,0.44441533,0.45380813,0.5088773,0.40600416,0.42096263,0.35698563,0.39163542,0.39422426,0.62806726,0.45577198,0.48475176,0.5699049,0.6440757,0.64252514,0.5205741,0.58423764,0.52565545,0.52758753,0.56709856,0.6726965,0.6729743,0.6841454,0.531485,0.5969427,0.53455496,0.35385093,0.43689218,0.508152,0.49779522,0.551636,0.45384672,0.5432284,0.56637853,0.5727597,0.5234958,0.49757564,0.24853091,0.4841508,0.5481961,0.3980278,0.42752177,0.45429322,0.49395728,0.5052195,0.5515772,0.50248855,0.56367034,0.43913242,0.44271457,0.46950608,0.45599303,0.3347364,0.46721822,0.43177307,0.47072524,0.34978604,0.42607865,0.41940466,0.445699,0.45457408,0.45482907,0.44107258,0.4468558,0.44467986,0.4528498,0.45070887,0.4676237,0.45071614,0.45218614,0.4592195,0.44064397,0.44119698,0.4635927,0.4508829,0.4597843
140,0.5106891,0.6869058,0.5763375,0.53032017,0.5429376,0.60226715,0.57422566,0.6128302,0.64500624,0.66960114,0.7584251,0.51343036,0.56853604,0.44892216,0.48320594,0.6017403,0.65949965,0.60893536,0.6668744,0.6735892,0.6466552,0.61427563,0.6617974,0.56002384,0.47438732,0.44745275,0.4973663,0.5581923,0.62157696,0.36930558,0.49792936,0.312976,0.3569717,0.33472583,0.23887523,0.6489499,0.5853785,0.5785816,0.613795,0.60719836,0.6154678,0.58186907,0.59547824,0.5772361,0.61348045,0.7113909,0.57277554,0.6433226,0.5862189,0.7465938,0.63068146,0.5808581,0.6276967,0.55566996,0.5881263,0.5691191,0.5881148,0.6190821,0.55284303,0.5445515,0.3162339,0.3523648,0.5947327,0.37686923,0.3787906,0.51864123,0.39599434,0.5231113,0.3433175,0.40255228,0.36866602,0.40961355,0.5842642,0.48194996,0.4550166,0.4190145,0.52272755,0.66707,0.68654543,0.7735973,0.6436945,0.74901724,0.7278127,0.55484307,0.5840562,0.5349995,0.46168175,0.40812477,0.5637583,0.44499424,0.52467287,0.5401106,0.45493153,0.36054477,0.74383926,0.6704688,0.5792079,0.436412,0.5755571,0.590283,0.5790196,0.6149182,0.5331817,0.5787139,0.61554486,0.59305173,0.5229393,0.55354464,0.5421167,0.52011454,0.5483794,0.4063226,0.53538954,0.5641058,0.5837973,0.6485162,0.7131442,0.47975004,0.4251408,0.5065406,0.55064625,0.49279895,0.47819087,0.56112814,0.5356931,0.50711185,0.5491947,0.44515657,0.48985672,0.3971292,0.40879837,0.36443314,0.616828,0.48373833,0.5216092,0.65627396,0.6903417,0.6819461,0.5977253,0.6560753,0.6101824,0.591543,0.6563459,0.69507486,0.6464505,0.73559654,0.6166535,0.64148486,0.45772514,0.41221032,0.4506653,0.5727776,0.5421002,0.57050556,0.5389055,0.6595367,0.65409654,0.6337712,0.62680775,0.48844784,0.33758038,0.5344972,0.5836034,0.36578777,0.47934344,0.50746036,0.56045604,0.56902736,0.57765734,0.5313337,0.6846932,0.46870813,0.48587152,0.585067,0.51285905,0.3504924,0.4356863,0.4525772,0.4810903,0.3868933,0.5061308,0.6510712,0.5627375,0.5498918,0.5615889,0.60265785,0.5906052,0.5999908,0.6242358,0.63210493,0.6713596,0.44453257,0.59191954,0.42900255,0.5202984,0.59273225,0.6824092,0.5722844,0.67159736,0.6616187,0.609694,0.6226594,0.61040795,0.5369045,0.49671686,0.34505883,0.5513033,0.52878237,0.6403219,0.47008634,0.5440307,0.26717302,0.31587812,0.4661012,0.2889257,0.664175,0.5857771,0.5442176,0.63565606,0.5701453,0.61151814,0.57243615,0.5450165,0.5486661,0.62083673,0.7056966,0.5828304,0.66652125,0.59624356,0.71418715,0.62308645,0.60637075,0.6294327,0.5659201,0.59038675,0.5356119,0.6096963,0.60684544,0.5606625,0.57789093,0.3218174,0.39738148,0.5536444,0.35460752,0.3839108,0.6539021,0.38930795,0.5167074,0.30682468,0.42214474,0.40655082,0.3873301,0.51713187,0.4018405,0.35969764,0.40421984,0.50942683,0.6288341,0.7376198,0.73688686,0.6754151,0.6739938,0.6519859,0.5535873,0.5983591,0.493056,0.32404217,0.37755984,0.41745624,0.45442268,0.45096165,0.58398443,0.43424192,0.34060568,0.7426336,0.6483632,0.58661413,0.40984505,0.57623565,0.5569859,0.60549885,0.63247967,0.5250744,0.5803984,0.6362426,0.5670461,0.49044314,0.5547993,0.49957722,0.4941859,0.58353066,0.32063717,0.5541451,0.53867066,0.6092984,0.62272596,0.67956734,0.48054022,0.46026608,0.49080974,0.573092,0.48318014,0.53047705,0.48541793,0.4682875,0.5005625,0.5364947,0.42231363,0.43619934,0.34688818,0.41276863,0.43138298,0.62055427,0.46225438,0.51353824,0.6161408,0.66596115,0.68482554,0.5497712,0.6135082,0.5857018,0.57771325,0.61569995,0.67531693,0.6855222,0.7087872,0.61775804,0.643895,0.499754,0.3696828,0.45978853,0.553042,0.5475356,0.59418994,0.49697876,0.61748827,0.63457394,0.6130616,0.5959826,0.5427808,0.27881905,0.5140257,0.58970076,0.43831274,0.48443577,0.4480744,0.548791,0.5885188,0.54658586,0.50347024,0.5453539,0.42717323,0.4801149,0.5309073,0.498593,0.34577945,0.4486924,0.44934323,0.49409252,0.38130972,0.41584432,0.42987654,0.43998966,0.46389973,0.46168807,0.43654287,0.45414102,0.4560041,0.466729,0.4661186,0.49675527,0.472386,0.4570787,0.4635338,0.45074373,0.44950044,0.48819393,0.4690572,0.4756056
141,0.5376643,0.72797096,0.6197095,0.566956,0.57230246,0.6183747,0.5931654,0.65327793,0.68215245,0.69400644,0.76424986,0.5121066,0.62124425,0.4868082,0.50399727,0.6362592,0.66298735,0.6370538,0.6907079,0.69720024,0.6765403,0.6196569,0.6997852,0.61277145,0.4831235,0.43201348,0.5273807,0.591894,0.6118694,0.41232482,0.53709406,0.32652652,0.41238394,0.3605715,0.2695923,0.68933934,0.62954414,0.6136745,0.6482808,0.6552468,0.65635234,0.6187439,0.61292833,0.607121,0.6394545,0.7077947,0.6094642,0.67901355,0.61119604,0.737838,0.6704257,0.6258319,0.6679814,0.58409613,0.6292276,0.6172332,0.6169601,0.64312917,0.5972009,0.5897206,0.33414918,0.35511315,0.55916905,0.39733967,0.41666302,0.53003186,0.3816071,0.5195142,0.3518937,0.40291724,0.38299823,0.40450826,0.53567016,0.4533527,0.43996337,0.42627448,0.49714342,0.6627654,0.65521276,0.7391603,0.6239396,0.73755836,0.705554,0.58320844,0.5452081,0.5440768,0.48448223,0.44987503,0.54554915,0.46299714,0.52418953,0.515043,0.44908664,0.3741569,0.74386597,0.6793983,0.5394394,0.43672544,0.6325145,0.6482963,0.62847894,0.6692988,0.582652,0.6373115,0.68044746,0.6434194,0.5402502,0.58535695,0.5887942,0.542464,0.5425107,0.43569216,0.5948443,0.62162066,0.6366911,0.6810584,0.7162384,0.4827874,0.44043586,0.5279412,0.5911683,0.49308392,0.47544914,0.61013985,0.54741305,0.53453535,0.55256146,0.45361674,0.48245,0.3739406,0.4185578,0.38195503,0.5884468,0.47556224,0.5251955,0.67354363,0.6846927,0.69279575,0.61169213,0.6791057,0.6487702,0.61009395,0.6582088,0.6633933,0.634048,0.7233487,0.67733663,0.64950615,0.41861176,0.4194365,0.45592877,0.6082786,0.5750354,0.57556456,0.5566698,0.70539176,0.6981109,0.6481643,0.66019803,0.5033597,0.37912968,0.5453491,0.5945328,0.37611598,0.49943084,0.50403386,0.60987586,0.62789005,0.57230526,0.52784914,0.64411724,0.45230064,0.5274059,0.64122665,0.54486346,0.3715431,0.398148,0.4768128,0.50127566,0.4078143,0.5357369,0.68167096,0.6089296,0.5866557,0.5884227,0.62668514,0.62368655,0.6418903,0.66665465,0.65559244,0.68145317,0.44395897,0.6448561,0.46134147,0.53659016,0.64072883,0.68942976,0.5979661,0.709848,0.68877214,0.651736,0.6295927,0.6473194,0.5840823,0.5216683,0.3306315,0.57338893,0.565176,0.64248335,0.51993996,0.5762046,0.2694094,0.36983517,0.48880675,0.3283765,0.70163643,0.6349577,0.5744995,0.66678435,0.6161924,0.65756756,0.6089638,0.5870152,0.55530226,0.65291506,0.7000149,0.62362343,0.70420307,0.63044643,0.7064785,0.6606684,0.6503577,0.6725955,0.59671277,0.63284737,0.5942751,0.63816273,0.6208089,0.6086974,0.6353437,0.3478983,0.38707796,0.5124,0.37088183,0.42207682,0.6398901,0.37686196,0.4783715,0.31452456,0.40969107,0.40813062,0.40848133,0.4541261,0.3820512,0.35456765,0.3983955,0.47473052,0.63336825,0.7120008,0.710787,0.64131236,0.6619862,0.6189031,0.5717141,0.54939497,0.48519185,0.30766913,0.40831944,0.42306897,0.45451885,0.42198426,0.57933253,0.42516562,0.3364091,0.73074996,0.65750283,0.532582,0.36410835,0.64102596,0.6141833,0.6548236,0.684982,0.57807314,0.6359856,0.697044,0.62598133,0.51134354,0.5925295,0.52995753,0.5125872,0.56152517,0.32817823,0.613172,0.59933615,0.6606057,0.67034054,0.6951009,0.48606348,0.48014754,0.5144563,0.6140738,0.47913504,0.54422027,0.5268111,0.48127466,0.5280107,0.54155874,0.42879486,0.4361734,0.32693586,0.42694044,0.45985052,0.58350337,0.45787656,0.5254589,0.63366354,0.6578986,0.69492066,0.5571947,0.61741173,0.61925256,0.60216224,0.62773216,0.64466435,0.65323615,0.69262695,0.6818417,0.66838366,0.44033402,0.36951086,0.45253515,0.58606505,0.58587784,0.6131865,0.5163728,0.66696215,0.67402613,0.6278941,0.6469765,0.5721506,0.30487928,0.50952405,0.60724026,0.47281852,0.52112454,0.44525024,0.5928406,0.64677495,0.5229126,0.47930515,0.50699615,0.41790822,0.5129263,0.57727844,0.5325753,0.35342214,0.41755238,0.4667424,0.5084333,0.41061628,0.4145694,0.44125476,0.43810174,0.47177586,0.46203217,0.43256077,0.45366398,0.45950514,0.4748649,0.47632375,0.51427275,0.48639372,0.46384257,0.4687808,0.46355993,0.46094516,0.5009813,0.47953695,0.4850021
142,0.5384741,0.7294639,0.6289505,0.57376575,0.5759012,0.60707825,0.5828299,0.6599537,0.68038565,0.6868838,0.7338328,0.48748338,0.6422129,0.49845022,0.48985785,0.64175016,0.6379124,0.62705487,0.6755676,0.6838449,0.6721227,0.59763557,0.69931525,0.6308177,0.47326857,0.40470615,0.5288531,0.5882261,0.55359244,0.43076044,0.5348096,0.33376786,0.44563225,0.37674382,0.30012855,0.6912025,0.636949,0.611146,0.6427379,0.67101336,0.66135114,0.6165227,0.6128236,0.6072068,0.6239633,0.6608365,0.61100763,0.68257767,0.60435057,0.68358886,0.66592556,0.6294685,0.6714037,0.5841662,0.6436694,0.6443526,0.61196077,0.6271563,0.60778046,0.61071455,0.35683236,0.35556674,0.49668962,0.40582457,0.45137206,0.52573824,0.35839227,0.4886063,0.3577772,0.38957435,0.39589748,0.38536745,0.46408734,0.41344377,0.41165677,0.42367896,0.458116,0.63378173,0.5888592,0.664153,0.56376594,0.68698937,0.6430589,0.5893627,0.48378024,0.5303218,0.47567627,0.48158053,0.5025662,0.46877208,0.5116752,0.48399672,0.44435433,0.3849719,0.6982792,0.65362644,0.4737382,0.42118797,0.66769844,0.6694964,0.64419854,0.6863862,0.60185534,0.6620281,0.70912063,0.6549133,0.5400021,0.5949299,0.6079724,0.5416477,0.5106836,0.45570892,0.6359902,0.65159655,0.65833807,0.67181003,0.6771608,0.47629994,0.4462766,0.52826184,0.5921638,0.48270229,0.45033616,0.62274575,0.52897984,0.5348834,0.5287847,0.43300807,0.44499487,0.33897996,0.4186833,0.3929897,0.5288732,0.4575315,0.5059715,0.65433395,0.6386975,0.6673044,0.5908399,0.6678232,0.64652675,0.5911686,0.6131858,0.5842117,0.57232857,0.6649454,0.7020463,0.62831366,0.3630295,0.4009516,0.4340397,0.6175948,0.5763424,0.5593956,0.54417133,0.7136496,0.7016447,0.6270845,0.65739506,0.50339717,0.40112436,0.5167946,0.5775295,0.39502415,0.4994463,0.49276936,0.62407756,0.64845294,0.5440691,0.49596775,0.56927264,0.42581078,0.55244017,0.65667564,0.5510382,0.3733308,0.35624835,0.49403176,0.50314456,0.42424628,0.539884,0.6735461,0.6210881,0.5927958,0.59028244,0.6200607,0.6223448,0.6518987,0.6716796,0.65098363,0.66661865,0.43535346,0.66351974,0.47036174,0.517445,0.6587293,0.66234684,0.5914314,0.70779896,0.6814503,0.6557537,0.6108114,0.65085995,0.6011683,0.5318335,0.3196472,0.55985415,0.5657041,0.59667426,0.530373,0.5631392,0.2761318,0.40790358,0.48262247,0.35694054,0.69985914,0.6483591,0.5762432,0.6597066,0.6333192,0.6669574,0.6093579,0.6110397,0.5404234,0.6416257,0.65321845,0.6232681,0.7046551,0.62928206,0.6587537,0.65922296,0.65085083,0.6774394,0.5973588,0.6454427,0.6286862,0.6280686,0.60266644,0.6254404,0.661063,0.3767726,0.37192324,0.45316207,0.37899736,0.45104393,0.59881485,0.34956262,0.4236645,0.3200243,0.38467705,0.39371505,0.41869918,0.3828834,0.36389372,0.3413279,0.38419706,0.43290973,0.6197239,0.64985096,0.65361375,0.5717367,0.6228536,0.55445755,0.561614,0.480677,0.46116284,0.29012185,0.43548274,0.41755715,0.4543444,0.394035,0.5531987,0.4200389,0.34179428,0.6772843,0.6346915,0.45242983,0.3158153,0.67489415,0.63499606,0.6633622,0.6975932,0.60322464,0.6633001,0.7173597,0.645949,0.5143835,0.6105009,0.547499,0.51449573,0.51741767,0.34490374,0.64907753,0.64307326,0.6743054,0.6693866,0.6715752,0.48444718,0.48409694,0.52105355,0.6132364,0.4690137,0.52633756,0.54650927,0.47538814,0.5272423,0.5232725,0.4207905,0.41363192,0.29875478,0.42959726,0.47308975,0.52223694,0.44384903,0.51719654,0.6143339,0.6173909,0.66924983,0.53473634,0.5900372,0.61563706,0.5906525,0.6005157,0.58049405,0.5747293,0.635677,0.7059689,0.66101456,0.3693852,0.35317266,0.41877356,0.59238183,0.5954829,0.5987312,0.5091315,0.6768521,0.6737188,0.61151,0.6607058,0.5736965,0.32057646,0.47080258,0.5933078,0.49357134,0.52932537,0.44830644,0.612353,0.6643901,0.48241544,0.4351445,0.4571029,0.4122157,0.53219044,0.59365755,0.5461415,0.35729972,0.3808603,0.47956935,0.5047987,0.4292045,0.42718643,0.45310727,0.44251126,0.47764713,0.45607552,0.43177795,0.44526693,0.4536444,0.47428292,0.478409,0.5160489,0.49008337,0.47129583,0.4740227,0.4759396,0.4730568,0.4986697,0.48046795,0.4855737
143,0.50998026,0.6875024,0.59289277,0.54474473,0.54920715,0.5706944,0.5442522,0.62869346,0.6370527,0.6450569,0.6668508,0.4469263,0.6171826,0.47736207,0.4410865,0.6104752,0.5922419,0.57870895,0.62122643,0.63520366,0.6336613,0.5508933,0.65624285,0.6081625,0.44451863,0.37443793,0.49601233,0.54234385,0.45899123,0.41802108,0.4924708,0.33071056,0.44728294,0.3774213,0.32107285,0.65148985,0.602183,0.5679006,0.5962613,0.64907944,0.62877756,0.57513905,0.59068704,0.57203203,0.56806016,0.5786196,0.5732433,0.6496027,0.5689898,0.5913068,0.6147446,0.5882949,0.6340543,0.55386734,0.6263779,0.6400257,0.5733286,0.5697509,0.5776836,0.5975182,0.37923792,0.35293177,0.42219543,0.4011935,0.477937,0.5100591,0.33157286,0.4379082,0.3612331,0.36687356,0.40371522,0.35968265,0.3871139,0.37493268,0.38154712,0.4140795,0.41624323,0.5842766,0.49952874,0.5623796,0.4774156,0.6038113,0.5480501,0.56741524,0.4135195,0.4921106,0.43918893,0.4971073,0.44459462,0.45695028,0.48787645,0.45796704,0.44256163,0.39029315,0.60833806,0.59663075,0.39851084,0.3900939,0.6695651,0.64599365,0.62218624,0.65932566,0.5833176,0.64394903,0.6948064,0.62318236,0.52005494,0.57282066,0.5907627,0.5181138,0.4592047,0.45980817,0.6437764,0.6428874,0.6431565,0.6207452,0.5998776,0.46306032,0.4408785,0.5081079,0.5482505,0.4647904,0.4114253,0.5922846,0.48418355,0.50588006,0.4870129,0.39041746,0.39022198,0.3008374,0.41105938,0.39413726,0.4499874,0.43303284,0.47132424,0.5999208,0.55974466,0.61031216,0.5381179,0.6221422,0.6016568,0.5354578,0.5304473,0.47162044,0.46921653,0.5698112,0.6833008,0.5781602,0.30376258,0.36331683,0.39054114,0.590503,0.5396214,0.52553535,0.5067825,0.67977446,0.662521,0.57575434,0.6147341,0.48678872,0.39369014,0.4515765,0.53718716,0.41901502,0.48316553,0.47656035,0.59748054,0.6239215,0.49696022,0.44180715,0.47808906,0.39930397,0.5522418,0.62535334,0.5277616,0.35645342,0.31773642,0.49601513,0.4816582,0.42934135,0.5142514,0.62466735,0.5866442,0.5617899,0.5629363,0.58309007,0.58436733,0.6243882,0.63449985,0.61518896,0.62614954,0.42074844,0.63497657,0.4523981,0.46679035,0.6360466,0.60784376,0.55124867,0.66222507,0.6404396,0.6171626,0.5679297,0.61424863,0.57979935,0.52048653,0.31607625,0.5108553,0.5254368,0.5115122,0.49979404,0.51052856,0.28765061,0.42027634,0.451545,0.3672824,0.65685976,0.61988616,0.5456114,0.61489934,0.6138543,0.6345191,0.5713117,0.60595566,0.5034291,0.5873857,0.5749085,0.5763175,0.6635781,0.5907876,0.5820323,0.6146502,0.6021633,0.63877255,0.56246275,0.6217722,0.6257669,0.58017,0.5549558,0.6047585,0.64357907,0.40224296,0.35462335,0.39408395,0.37896803,0.46786124,0.5469082,0.31837407,0.36994308,0.3245124,0.35901117,0.3702385,0.42167813,0.32531568,0.3546279,0.32685122,0.37028864,0.39686805,0.58974653,0.5660403,0.5811022,0.48591483,0.5694388,0.47609255,0.5214662,0.41090906,0.42465183,0.277264,0.45500028,0.40596008,0.4567815,0.37313887,0.5193666,0.42089233,0.35743862,0.5901741,0.5843693,0.3716333,0.27775306,0.6667588,0.6126616,0.6247988,0.66367865,0.59225553,0.6533368,0.6920746,0.6196598,0.4967052,0.5988967,0.5448091,0.4981638,0.46225494,0.36620736,0.6482683,0.65468746,0.6482174,0.6180954,0.6130497,0.47701594,0.47126377,0.5097137,0.56672937,0.45725468,0.48104936,0.5375637,0.452195,0.49769315,0.49078125,0.40197942,0.3746351,0.2703048,0.42094165,0.46888608,0.4552437,0.42463404,0.49267986,0.56156784,0.5546381,0.614079,0.48699287,0.5375324,0.5732996,0.54188365,0.5418293,0.49876964,0.46913344,0.5525631,0.68360925,0.6213646,0.30782238,0.32791665,0.37124187,0.5627341,0.56760997,0.5522629,0.4818374,0.6401408,0.6320781,0.56734776,0.6284763,0.5455294,0.32079694,0.40964225,0.5508553,0.4959451,0.5110728,0.4592053,0.6004274,0.6364158,0.4370538,0.38441947,0.41490278,0.41163594,0.5314946,0.57326055,0.5343144,0.36008894,0.34766912,0.48268756,0.47993657,0.43089274,0.45023352,0.46227354,0.4541965,0.48205137,0.4449073,0.4352802,0.4317766,0.44025162,0.4645642,0.47168902,0.50209564,0.48320428,0.47760227,0.47765264,0.48415717,0.48203754,0.4816871,0.4714803,0.4764772
144,0.46126297,0.60569406,0.51844287,0.48690122,0.49798524,0.51835483,0.4873592,0.5686657,0.56299376,0.57351327,0.5758651,0.40687665,0.5476914,0.42952177,0.37226012,0.5455484,0.53603905,0.5064688,0.53971463,0.56290495,0.57137185,0.49102235,0.5759793,0.5539629,0.40899023,0.35182697,0.43536106,0.467508,0.35819116,0.37620983,0.4268739,0.31756407,0.41957447,0.3621804,0.32522812,0.58254796,0.53276426,0.49496445,0.5224209,0.5972921,0.56910604,0.5050386,0.5482061,0.5091665,0.48185682,0.4796367,0.50392056,0.5825251,0.5099447,0.48444706,0.52975476,0.5150354,0.5657564,0.5036158,0.5840094,0.6002145,0.5135388,0.48997137,0.514675,0.55188113,0.39581177,0.34995893,0.35917512,0.3870532,0.49047944,0.49227685,0.3085508,0.38494134,0.36206862,0.3429273,0.40425596,0.338777,0.32820484,0.35123986,0.36343578,0.4040496,0.38305616,0.52531236,0.4199673,0.47081602,0.39728358,0.5165433,0.45026886,0.52352667,0.35484603,0.44181362,0.39229134,0.49233022,0.38624159,0.42854512,0.46032742,0.44639584,0.4439434,0.38962728,0.49276555,0.5217351,0.33613417,0.3526322,0.6378577,0.58171874,0.57389706,0.59405506,0.5340568,0.5894432,0.64109975,0.5573078,0.48711854,0.52261746,0.543103,0.47972542,0.4053258,0.44883886,0.6159908,0.5973216,0.5963481,0.5384011,0.5010312,0.44655144,0.4262055,0.4750415,0.47345257,0.4461003,0.37545145,0.52856183,0.4310512,0.45731896,0.44399217,0.34375218,0.34159395,0.27112457,0.39972377,0.38434303,0.37728137,0.40935498,0.4352925,0.5264675,0.4713363,0.5373365,0.472633,0.5515013,0.5242891,0.45799255,0.43518588,0.36288345,0.35873708,0.46456596,0.61984247,0.511654,0.2566454,0.32098252,0.3385282,0.53031975,0.47609678,0.48481923,0.45880002,0.6067996,0.58646274,0.50910604,0.5406543,0.46013576,0.35757947,0.37063885,0.487248,0.44177702,0.46113703,0.46203348,0.5394805,0.56119055,0.4455138,0.38290074,0.40264106,0.3838579,0.53110206,0.556011,0.48646256,0.32780558,0.29058608,0.4812178,0.44353315,0.42219758,0.4667847,0.54504657,0.51154435,0.50050044,0.51178056,0.5245159,0.5196005,0.56808853,0.5658529,0.55306673,0.5672097,0.4076044,0.5610598,0.41309544,0.40004283,0.57513595,0.5401789,0.48951402,0.5781687,0.5743215,0.54493505,0.5108229,0.54349864,0.52912927,0.49324733,0.3216728,0.4392555,0.4572279,0.41199607,0.4365089,0.4376361,0.3013535,0.4029403,0.40758112,0.356673,0.58410656,0.5580102,0.49035588,0.546594,0.56573004,0.5687518,0.50538796,0.5691669,0.45342806,0.5017822,0.48366788,0.492836,0.5831064,0.5201857,0.49506533,0.5393713,0.5153663,0.5662506,0.5027944,0.56818944,0.58173287,0.5104797,0.49306846,0.55344087,0.5847021,0.41867384,0.3402517,0.35207212,0.3734939,0.46882182,0.5059346,0.29448748,0.33052662,0.32944947,0.3433441,0.3483738,0.42121077,0.29514736,0.3603446,0.32079422,0.3664532,0.37499368,0.5482692,0.4911701,0.5177086,0.41403246,0.52223563,0.4091262,0.46115708,0.3584143,0.38702703,0.27382633,0.46269614,0.39376613,0.4610842,0.36317188,0.49216303,0.42654666,0.37989312,0.4934459,0.5184199,0.3129422,0.2573154,0.6187522,0.5547419,0.552173,0.5906415,0.5527858,0.61148053,0.62595224,0.55504555,0.46681586,0.5583428,0.5211352,0.4682002,0.41373035,0.38508338,0.6093787,0.63185364,0.59055126,0.5278551,0.53118193,0.4655712,0.4483885,0.48612776,0.49015164,0.44864824,0.42718762,0.50725085,0.42423,0.45080188,0.45761982,0.38273555,0.33630964,0.25112078,0.40557525,0.45060515,0.40371475,0.40544295,0.461292,0.4942799,0.48670602,0.5447085,0.43137616,0.475644,0.50363606,0.46930477,0.46900874,0.42360786,0.37279233,0.46870363,0.61523783,0.5572678,0.2688114,0.30291718,0.32395455,0.5021235,0.510843,0.48977318,0.44629946,0.56232643,0.55735785,0.5076795,0.55474627,0.49950647,0.30425978,0.34545454,0.4948347,0.48130772,0.47614616,0.4773483,0.56221133,0.5717133,0.40145555,0.3390797,0.39575246,0.41707912,0.5146113,0.5261538,0.50492245,0.36282226,0.3250658,0.47618294,0.44184902,0.41631874,0.47377804,0.4655714,0.47080678,0.48527744,0.4303569,0.44044936,0.4169147,0.42307264,0.44927248,0.4590998,0.47756517,0.46871054,0.4810321,0.4782339,0.48615623,0.48496732,0.4541017,0.4536969,0.4595771
145,0.4061562,0.5002904,0.42694384,0.41617358,0.4350352,0.461373,0.42613187,0.4959743,0.4788741,0.48805687,0.486005,0.37830368,0.45207,0.36832398,0.30342162,0.46519798,0.48131874,0.431111,0.454276,0.4857034,0.5000625,0.43424717,0.4745902,0.48604646,0.37935057,0.34121382,0.36431077,0.3885993,0.27767566,0.31905258,0.35716668,0.30058426,0.37527406,0.33746475,0.31573692,0.5051299,0.4471782,0.4128447,0.4416779,0.5296323,0.49689046,0.42111105,0.49374995,0.43388942,0.3851998,0.38665676,0.4197367,0.4972532,0.43686435,0.39185157,0.43621618,0.43064258,0.48531502,0.44608438,0.5262817,0.53043026,0.4489385,0.41449934,0.437446,0.4845337,0.40286213,0.34939232,0.3219311,0.366047,0.4854595,0.47790912,0.29664522,0.3415794,0.36210585,0.32556918,0.39773628,0.328758,0.2997517,0.34588733,0.36342585,0.40007922,0.36633757,0.4686456,0.3749865,0.4154526,0.34752226,0.45180455,0.376628,0.4681537,0.3189016,0.39387044,0.35039717,0.47010761,0.34013826,0.39310774,0.43513444,0.4510043,0.4484062,0.3851214,0.38658714,0.44527042,0.2973721,0.31806502,0.58011985,0.49244514,0.5133367,0.5086236,0.47113746,0.5145704,0.5581838,0.47492242,0.45326185,0.45742294,0.4781624,0.43765908,0.36258656,0.42804027,0.5583202,0.5257624,0.52857375,0.44353074,0.4061325,0.43107376,0.40678105,0.43874225,0.39173123,0.43252215,0.3538015,0.45215693,0.3875973,0.4042264,0.4096265,0.30944034,0.3135079,0.25972262,0.3899765,0.36953282,0.33123225,0.39450175,0.40885606,0.45648652,0.397173,0.4679816,0.4144433,0.47135633,0.43529737,0.37933543,0.35354486,0.28691718,0.27451864,0.37827098,0.5211879,0.44539723,0.23146035,0.28852546,0.2929136,0.4529299,0.40365103,0.44595453,0.41216272,0.5070654,0.48949516,0.4440792,0.4529895,0.42971396,0.30690858,0.2992089,0.44098246,0.45943436,0.44326138,0.45321652,0.46713737,0.47816995,0.40420428,0.3329103,0.36160898,0.38395923,0.5007618,0.46800277,0.44338244,0.29858777,0.2818593,0.45614848,0.39960513,0.40587246,0.4110114,0.453081,0.41794932,0.42539054,0.4491885,0.45766282,0.44468138,0.49810216,0.4856461,0.47952473,0.50355935,0.4003274,0.46139127,0.36389568,0.33523768,0.49234688,0.4777015,0.42429778,0.47710517,0.49721402,0.4579357,0.45458773,0.4530716,0.4679359,0.45949653,0.3342626,0.36468512,0.38315913,0.32554725,0.3583407,0.36502135,0.3158808,0.3618791,0.36380225,0.33104497,0.5005446,0.47996822,0.42544624,0.47287837,0.5021765,0.48594117,0.42729458,0.50797695,0.40161154,0.4054263,0.3987236,0.39538342,0.480973,0.43377072,0.41840538,0.45602912,0.4154708,0.4804157,0.4345697,0.4965951,0.5045436,0.43918842,0.43589467,0.4853252,0.49791723,0.4227797,0.33195424,0.33395213,0.36379912,0.45322034,0.4861384,0.2838093,0.3095356,0.33630255,0.3424208,0.33493313,0.41736823,0.29540882,0.37898296,0.32743257,0.37887895,0.37048575,0.5024607,0.44795156,0.47886425,0.37514016,0.49292973,0.36635712,0.3952954,0.33035845,0.35712385,0.28161803,0.45858514,0.3840302,0.46541765,0.36366898,0.47597867,0.4346925,0.40331814,0.41585946,0.45036536,0.2826128,0.25494057,0.54324275,0.4778714,0.46760148,0.4996599,0.500313,0.5507643,0.532361,0.47057724,0.43728155,0.4976316,0.48213074,0.43328795,0.38241312,0.39747694,0.5402568,0.580894,0.5150298,0.42206502,0.44431832,0.45237634,0.42366803,0.457364,0.4081317,0.44530645,0.38312122,0.4676699,0.40324482,0.40190825,0.43214607,0.371275,0.31198686,0.24922028,0.39057043,0.42647266,0.37979633,0.3921818,0.43211105,0.4348254,0.42795596,0.4791374,0.3843921,0.42005938,0.42594558,0.39396733,0.40107036,0.37183872,0.31003365,0.40591937,0.5121034,0.48185158,0.2561641,0.28636268,0.28737837,0.4277035,0.44138628,0.43052778,0.41276482,0.46112293,0.46642303,0.44752485,0.45662075,0.44923154,0.27719235,0.2942533,0.44180918,0.45554787,0.43410704,0.49780408,0.50881714,0.4885893,0.3839225,0.30491015,0.4040938,0.4272683,0.48988324,0.46936348,0.46995118,0.36493507,0.31918138,0.46572176,0.40133527,0.3899783,0.49027488,0.4609875,0.4884889,0.4869565,0.41487417,0.44317093,0.40345883,0.40565556,0.4328859,0.44439736,0.44923663,0.45067412,0.4796594,0.47514904,0.48064926,0.48037675,0.42167142,0.42994618,0.43877447
146,0.35852876,0.3945733,0.34334934,0.35172278,0.37674746,0.41254684,0.37646607,0.42488885,0.4033686,0.41003084,0.42228955,0.36537284,0.35739595,0.31045675,0.25221723,0.39177778,0.4373306,0.3692464,0.38761973,0.41925105,0.43334717,0.39671227,0.37401605,0.41863284,0.36267358,0.34480256,0.3034704,0.32651675,0.22987053,0.26662058,0.2994548,0.2879406,0.3308974,0.31497723,0.30322036,0.43455076,0.36603728,0.34002453,0.3709999,0.45803282,0.42290422,0.33914283,0.43961802,0.36052305,0.30081037,0.31603965,0.33923027,0.41718584,0.3649105,0.33094153,0.357118,0.35339722,0.40993354,0.3901699,0.46071503,0.44511405,0.3904147,0.35954,0.36495692,0.41027695,0.4006902,0.3538744,0.3161484,0.34272298,0.4668487,0.4669163,0.3014414,0.312914,0.363601,0.31996116,0.38603,0.33081844,0.30630827,0.35818902,0.3818847,0.40477768,0.36987883,0.4205893,0.37244108,0.40094,0.33851248,0.41792145,0.3376878,0.40795046,0.30894336,0.35803577,0.32162473,0.43887374,0.31684613,0.36293542,0.41440597,0.46936774,0.4562516,0.3804455,0.3188507,0.37808514,0.2855417,0.29240078,0.5056822,0.40135214,0.44979015,0.4246957,0.408444,0.43585432,0.45954335,0.3928451,0.42620885,0.39279288,0.40781546,0.4017034,0.34000018,0.4035443,0.47954857,0.4419465,0.45025447,0.35306466,0.33396193,0.42187658,0.388961,0.40819365,0.32323906,0.4270894,0.34869465,0.38201076,0.36195955,0.36096454,0.387795,0.29631546,0.309673,0.27373737,0.38616425,0.35880676,0.32135108,0.3938406,0.39781216,0.40407863,0.34748575,0.41662028,0.37374613,0.39555657,0.35705662,0.3167839,0.30071232,0.2525339,0.23097423,0.32806385,0.410089,0.38832673,0.23333493,0.27548045,0.26612186,0.3781475,0.338264,0.41409236,0.37670857,0.39982766,0.39011145,0.39344162,0.36963204,0.39942303,0.2625597,0.25338337,0.40763393,0.47146472,0.43840143,0.44897252,0.39413008,0.39595342,0.3837494,0.30138963,0.35835195,0.39868718,0.46768716,0.38195726,0.40766788,0.2803191,0.29855305,0.42852187,0.36019695,0.3851465,0.36100912,0.36515686,0.33235848,0.35625318,0.3914821,0.39816028,0.37835655,0.4269321,0.41084844,0.4146326,0.44726008,0.3985346,0.36439186,0.31956145,0.28944203,0.4083373,0.43406633,0.3705845,0.38814533,0.42396975,0.37663352,0.4168166,0.36028928,0.4109193,0.4241108,0.35151047,0.30476493,0.3215563,0.27006072,0.28803366,0.31037852,0.33391866,0.3131741,0.3342544,0.30376676,0.42218906,0.40202373,0.3650607,0.40573427,0.4333025,0.40255594,0.3506084,0.43641874,0.35601276,0.31828976,0.3314208,0.30678222,0.38512763,0.35174608,0.36611587,0.3837603,0.32810462,0.40085593,0.37022525,0.4188917,0.41179335,0.37808645,0.39645132,0.41374767,0.4033157,0.415943,0.3347532,0.34527016,0.35505778,0.42996943,0.49064633,0.29060322,0.3128388,0.34665227,0.35910863,0.33473864,0.41109964,0.33074382,0.40375662,0.3459307,0.4095538,0.3878697,0.46017787,0.44900078,0.47558844,0.38005778,0.48373014,0.35266066,0.33607835,0.33141384,0.3404006,0.3016069,0.44733927,0.37960607,0.47054642,0.37484238,0.47048983,0.4445131,0.42433745,0.37945086,0.39004046,0.28427184,0.27163038,0.45603696,0.40015665,0.3890206,0.41383395,0.4447892,0.48223683,0.43038905,0.38608846,0.4139237,0.42836043,0.43605816,0.40301466,0.375232,0.4051302,0.45355752,0.5087424,0.43466422,0.32386237,0.36799607,0.44187537,0.40407655,0.43033147,0.34019426,0.44821197,0.35561717,0.42550224,0.391848,0.3641944,0.41938487,0.3709005,0.30656955,0.27157086,0.38188326,0.4063604,0.3926212,0.39243737,0.4121266,0.39726514,0.38473153,0.4294702,0.35408077,0.37817532,0.35677555,0.3341576,0.352544,0.35351238,0.2933048,0.37867752,0.3965848,0.40619487,0.27552828,0.28625917,0.27294943,0.35776198,0.37382293,0.38740358,0.39120495,0.36036307,0.3753364,0.3996671,0.35753703,0.40328288,0.25209686,0.26863027,0.40311366,0.4272645,0.3962535,0.51301074,0.4500622,0.40613434,0.39037916,0.2895119,0.44002682,0.44008094,0.4607044,0.4137374,0.43579942,0.3700364,0.3391552,0.45577246,0.3695587,0.3593122,0.49862915,0.44917643,0.50313765,0.48609245,0.4013708,0.4408905,0.39466393,0.39169422,0.41873464,0.43054685,0.42427295,0.43458185,0.4714781,0.46763125,0.46655497,0.46798334,0.39046028,0.4046037,0.41882262
147,0.3316439,0.3119838,0.28937116,0.31125867,0.33955806,0.38487148,0.3537738,0.3711713,0.35230798,0.35806322,0.39968413,0.37164858,0.2895069,0.27302,0.23038267,0.34115082,0.40898037,0.33341414,0.35356766,0.37415594,0.38381848,0.38902283,0.29862446,0.36333764,0.3630955,0.36665323,0.2696865,0.29330528,0.22216469,0.23751533,0.27007988,0.28743398,0.3027478,0.30730796,0.29734492,0.38341087,0.30992815,0.29216284,0.3268856,0.39723274,0.3623443,0.28030446,0.39868096,0.30570358,0.24924104,0.2799091,0.28145763,0.3619625,0.3128127,0.30872226,0.30803287,0.2992557,0.35554844,0.34564507,0.40061933,0.36669344,0.34828296,0.33344495,0.31272,0.34698576,0.3929803,0.3662337,0.34675375,0.3270153,0.44559717,0.4606161,0.32731128,0.30873603,0.3680537,0.33052477,0.37454516,0.34666276,0.3515055,0.3887467,0.41620982,0.4168128,0.39510795,0.3865878,0.41236308,0.4264249,0.37466732,0.4157505,0.33764377,0.35264036,0.32881364,0.3414005,0.31347033,0.4095871,0.3245604,0.34850267,0.39989957,0.4957586,0.46648937,0.379001,0.30131254,0.33126727,0.30672747,0.28497306,0.42869207,0.33229524,0.39425948,0.3622378,0.35633624,0.37117276,0.3672574,0.3277791,0.4061243,0.34386176,0.345814,0.37935594,0.34486008,0.381536,0.39713597,0.36443287,0.374487,0.28377447,0.29405767,0.42330158,0.3805845,0.391802,0.28344333,0.43045205,0.35700136,0.3326748,0.3557097,0.34113327,0.3863866,0.30746907,0.33018306,0.31635866,0.38932514,0.3589035,0.3530323,0.4087046,0.4050822,0.37590656,0.32832652,0.39160725,0.35557905,0.3373891,0.30755067,0.28507644,0.28658688,0.26276627,0.23348412,0.32242808,0.31622183,0.3470769,0.26791772,0.28797638,0.26906916,0.32514632,0.29736933,0.39638746,0.36654127,0.31122473,0.30803362,0.3676522,0.30844244,0.37803817,0.24122985,0.24263123,0.39495596,0.47643173,0.45239523,0.44745085,0.33456308,0.33387363,0.39063537,0.29731026,0.39257473,0.42340115,0.4323751,0.31843236,0.38228384,0.2824904,0.34574604,0.40299,0.33513674,0.36569005,0.33075526,0.29820424,0.27724415,0.31171557,0.3548644,0.3619865,0.3389944,0.36981857,0.35697833,0.3746932,0.4073123,0.40124616,0.29527283,0.29307744,0.27391088,0.3416881,0.41509688,0.33985955,0.33217502,0.370441,0.3201119,0.41004345,0.28859654,0.3689895,0.3912011,0.372678,0.27333608,0.28567243,0.25555512,0.24533448,0.2896281,0.3566661,0.27662098,0.33065268,0.28772292,0.36557528,0.34189662,0.32250103,0.35839802,0.37390155,0.338247,0.29249936,0.37341726,0.32661605,0.26008406,0.29185265,0.246232,0.32002127,0.2936566,0.34465712,0.3362581,0.27229565,0.3450038,0.3221443,0.35346183,0.32847506,0.33656344,0.3820363,0.35419932,0.3256602,0.4025596,0.3546006,0.38957563,0.35492763,0.411849,0.5183892,0.31823632,0.34804848,0.3605765,0.39375445,0.35220054,0.40551022,0.40323928,0.42657763,0.37237987,0.45292276,0.4281379,0.42802218,0.49517575,0.51248133,0.43273327,0.49216467,0.37123334,0.29581076,0.36377406,0.34116375,0.3333429,0.43399224,0.38305187,0.47612575,0.39723545,0.47430646,0.45483938,0.44138712,0.39315602,0.34820992,0.32397208,0.31044084,0.37562642,0.3389599,0.3309717,0.35143372,0.39405727,0.4186352,0.34508836,0.3202557,0.396708,0.36559883,0.392078,0.38512218,0.3970772,0.40966657,0.36951798,0.42626002,0.36300096,0.25313374,0.31394777,0.43987477,0.39550877,0.41254625,0.30099824,0.45746127,0.3446294,0.38715053,0.38716438,0.34952447,0.42666587,0.3817136,0.32123342,0.3203472,0.38206348,0.3980837,0.44486955,0.41049588,0.4072082,0.38787296,0.35984728,0.40227896,0.34448814,0.35405192,0.31025672,0.30465186,0.3354415,0.37184048,0.3300846,0.39520654,0.29835746,0.34255445,0.33236912,0.30859777,0.29102892,0.3091236,0.32472706,0.36977887,0.3935621,0.28512132,0.300852,0.37605318,0.28414333,0.37232304,0.24045676,0.27907202,0.38720375,0.40488642,0.3757036,0.5161846,0.39759412,0.3420312,0.42192432,0.30128303,0.49549955,0.45243722,0.42937946,0.36868566,0.40638134,0.3835061,0.38935935,0.4465422,0.3578602,0.33462644,0.4985572,0.4345776,0.5095041,0.4809059,0.39476976,0.43533587,0.39428642,0.38618332,0.4104868,0.42090154,0.41042998,0.42663324,0.45693827,0.45669407,0.4465449,0.45045832,0.368679,0.38481286,0.40535602
148,0.33230582,0.2702602,0.27608505,0.30377996,0.33248076,0.38473895,0.3644502,0.34755576,0.33605728,0.3394143,0.41274914,0.3963622,0.2629708,0.26577652,0.24134356,0.3227475,0.4017364,0.32955876,0.3546298,0.35793754,0.36185312,0.40804115,0.2649729,0.3334067,0.3810907,0.4051352,0.26933104,0.29412553,0.25685722,0.23939364,0.27597776,0.3066833,0.29719695,0.31773698,0.30298033,0.3612167,0.29100138,0.2789138,0.3181016,0.3617912,0.3314948,0.25999945,0.37792212,0.28248855,0.24015735,0.28473932,0.2599158,0.34034488,0.2946098,0.3234109,0.29626453,0.2795182,0.33386168,0.3240844,0.36233997,0.31548205,0.33218965,0.3368539,0.29116824,0.31025213,0.3870341,0.38747445,0.40594727,0.32701123,0.42678398,0.45821822,0.3736643,0.33357915,0.3786248,0.35910967,0.37205854,0.37519315,0.42530936,0.43354762,0.45686007,0.43188047,0.43574297,0.37166998,0.47632244,0.47695976,0.440294,0.43654832,0.37092498,0.31769717,0.37550175,0.34649363,0.3295708,0.39043337,0.36160254,0.3550752,0.39557818,0.5182563,0.47581878,0.3855336,0.3282087,0.31449598,0.35914904,0.30282772,0.37031105,0.3001036,0.3617524,0.33426446,0.32884127,0.33725998,0.3076035,0.29362023,0.3968233,0.32094684,0.30729964,0.37541044,0.37571552,0.36813638,0.3356071,0.31312993,0.32031667,0.25050756,0.28972018,0.43347284,0.3862852,0.39376223,0.28062448,0.4403813,0.37727743,0.31530994,0.3693841,0.35010225,0.40880594,0.34141117,0.37235662,0.3817635,0.399223,0.3731369,0.4154932,0.43376625,0.426089,0.37168384,0.34186804,0.3946194,0.36222327,0.31055814,0.2941853,0.29201224,0.31351247,0.31472734,0.27929115,0.35839972,0.2612868,0.3298079,0.33551437,0.3262688,0.30333814,0.30800852,0.29323563,0.401448,0.38610244,0.2652312,0.26319402,0.37291393,0.28482512,0.378948,0.2482027,0.26831585,0.40593892,0.47113726,0.4748215,0.44905886,0.30400586,0.30543318,0.41875878,0.3211748,0.45142594,0.45234212,0.40321732,0.29263797,0.37312514,0.30881637,0.41616178,0.38621745,0.33059314,0.35520583,0.32809237,0.26794702,0.2635128,0.30149364,0.34743914,0.35716796,0.33518332,0.3413906,0.33577645,0.3640387,0.38903815,0.40900868,0.26721227,0.29149365,0.29110953,0.3078738,0.41938308,0.33712927,0.3153982,0.34795797,0.29967853,0.42883843,0.2570309,0.35250932,0.36977208,0.39894706,0.2773913,0.28316805,0.28383023,0.23767807,0.306411,0.38507625,0.26384026,0.35241628,0.2907025,0.343373,0.31421962,0.30830085,0.3422237,0.34079584,0.30832833,0.2686839,0.33435446,0.32250616,0.24354371,0.2892663,0.22480443,0.2955198,0.2729328,0.35400984,0.3211437,0.25616294,0.32413977,0.3014917,0.31842905,0.2763642,0.32382146,0.39219114,0.32199806,0.2838972,0.3903949,0.3921674,0.45536512,0.36692253,0.40354905,0.5529275,0.36594293,0.4115855,0.37987384,0.4395652,0.38674337,0.40523094,0.4951982,0.44596523,0.40353477,0.49563497,0.48126602,0.41000924,0.5572762,0.566054,0.5112735,0.50823766,0.41613892,0.28536037,0.42178985,0.36134276,0.37724793,0.42151472,0.3961304,0.47929084,0.4299425,0.48276034,0.46374288,0.45497486,0.44086805,0.3351233,0.3982352,0.3725456,0.3220143,0.30813092,0.305258,0.32420757,0.36323333,0.37728074,0.29784316,0.28708676,0.38948175,0.32626978,0.36173972,0.3839864,0.4409868,0.4143175,0.31150436,0.3557412,0.31554615,0.2228058,0.29221547,0.44688344,0.4004749,0.40919647,0.29812318,0.4692778,0.35216925,0.36529982,0.39115956,0.36181617,0.4541914,0.4019037,0.35624796,0.38919854,0.3921223,0.4032686,0.51473665,0.44081315,0.41677207,0.40149197,0.3574204,0.39965674,0.35790583,0.35326508,0.29625267,0.31226122,0.35361063,0.41730765,0.40903732,0.4446151,0.24132845,0.30694324,0.41984513,0.35282436,0.34194636,0.29481307,0.30863717,0.38097265,0.42059714,0.25181124,0.2617462,0.38316715,0.2538741,0.36726478,0.24970365,0.327162,0.3954415,0.39235646,0.37650102,0.50730973,0.36589155,0.30988303,0.46722907,0.34258342,0.5503536,0.4613199,0.4069691,0.34721106,0.38975862,0.4052206,0.4579066,0.43976408,0.37036723,0.3265927,0.4912733,0.4256753,0.5046986,0.47173432,0.400676,0.43338424,0.40365776,0.39210397,0.41164407,0.41920564,0.41155788,0.42933258,0.4412186,0.4465346,0.4288937,0.43486136,0.3638795,0.37862754,0.4032967
149,0.35820115,0.2737994,0.3022114,0.32805997,0.353807,0.4061751,0.39852273,0.3561464,0.35485712,0.35076058,0.44284037,0.43574324,0.2777354,0.29232812,0.2868288,0.3355912,0.412484,0.3561629,0.38256466,0.37042692,0.36960733,0.440409,0.2755781,0.33601722,0.41585132,0.4525411,0.30153647,0.33029118,0.32816768,0.27375606,0.31462556,0.35021362,0.31680444,0.34632966,0.32701322,0.37059548,0.30891147,0.3009644,0.34329715,0.35614005,0.33517438,0.28100172,0.37857243,0.29249686,0.27180666,0.3251005,0.2782865,0.34854946,0.31179437,0.36511803,0.32236573,0.29830873,0.3465244,0.3334655,0.35329172,0.2997462,0.34576085,0.3654283,0.30415994,0.3074822,0.3909893,0.41706312,0.47366697,0.34563255,0.41258505,0.4576224,0.43195352,0.37861785,0.3999107,0.4026117,0.38435662,0.41246414,0.50360113,0.48420453,0.49604717,0.44842708,0.47830042,0.37693146,0.5382009,0.52571374,0.50941247,0.46707058,0.42280582,0.31185892,0.43505567,0.37228033,0.3681092,0.3865302,0.41724512,0.38167176,0.40471599,0.52793485,0.48122847,0.40377608,0.38300675,0.32725886,0.42645562,0.34157547,0.34458676,0.30846015,0.36086112,0.341319,0.33481613,0.33850905,0.29120326,0.29585144,0.40613854,0.32780594,0.30151263,0.39124295,0.42370456,0.36959127,0.30952826,0.29720634,0.30157608,0.2577755,0.31815466,0.44650465,0.4053821,0.4130308,0.31411418,0.45331645,0.41403612,0.33318722,0.40559554,0.38141978,0.4434243,0.39737087,0.43458846,0.45808467,0.41807142,0.40058833,0.483489,0.46102268,0.45311016,0.38660553,0.38056353,0.41691133,0.39459988,0.3202656,0.3159078,0.33360466,0.37113354,0.3960256,0.35979164,0.41776043,0.2503309,0.33984917,0.42360127,0.38575223,0.36135322,0.32659775,0.3242756,0.4251422,0.42167583,0.26702988,0.26155978,0.40155402,0.30182582,0.40205058,0.28612754,0.3252551,0.43162325,0.4575952,0.4910876,0.4545369,0.309148,0.31458578,0.45617256,0.36735335,0.512404,0.48184937,0.39355046,0.30734208,0.38732618,0.3578455,0.48920584,0.38585755,0.3496453,0.36212468,0.35153893,0.27989283,0.2899833,0.3243228,0.3669645,0.37858364,0.36034742,0.34662467,0.34897304,0.37812835,0.38985854,0.42631873,0.2799074,0.3200282,0.3402887,0.31075042,0.436194,0.36097986,0.33244595,0.35488144,0.31495363,0.45640132,0.26970324,0.36560196,0.36946478,0.43261263,0.31586087,0.31617543,0.34729943,0.26655188,0.35365835,0.42284995,0.28082523,0.39464614,0.31955096,0.35766795,0.32203627,0.32450378,0.36000416,0.34023085,0.31599456,0.285447,0.32602757,0.34338456,0.26866335,0.321343,0.24623251,0.30776733,0.2909428,0.38565603,0.34051365,0.28176796,0.33877394,0.31478006,0.31929967,0.26416075,0.34291708,0.42002752,0.3243702,0.28249174,0.38921398,0.44147706,0.5212154,0.39084154,0.40608156,0.57568836,0.4279106,0.48466182,0.4089609,0.4874744,0.4334343,0.4152643,0.5772217,0.46791208,0.4419565,0.5276588,0.5312858,0.40688294,0.60229135,0.6031286,0.5811215,0.5212729,0.47203353,0.30650088,0.4911959,0.39850482,0.43221828,0.41532487,0.42101112,0.4801515,0.46698138,0.49304196,0.47055197,0.46690908,0.49429336,0.35029027,0.4860254,0.4466571,0.30611312,0.31525487,0.31770578,0.33388335,0.36341223,0.36666593,0.29417795,0.29245165,0.39942354,0.31872743,0.3546269,0.40117916,0.4907645,0.42491877,0.2908196,0.31672606,0.30306503,0.23677188,0.30501667,0.45757404,0.41900074,0.42167896,0.3298687,0.47835895,0.38444826,0.36921805,0.41200346,0.39453214,0.48593554,0.43222156,0.41283366,0.46714684,0.41378185,0.41940087,0.57147187,0.47338492,0.4342919,0.4277267,0.37711054,0.41460556,0.39472473,0.37494433,0.3163636,0.3517455,0.3960022,0.47247997,0.5006456,0.49781954,0.23174727,0.30600256,0.5141301,0.4132461,0.41587526,0.31600773,0.32687345,0.4108126,0.4562358,0.26290625,0.26494804,0.41165018,0.26719135,0.3863462,0.2878047,0.4014251,0.4187222,0.39256257,0.3942768,0.493386,0.36142159,0.31475922,0.51342386,0.40826508,0.5881503,0.4676715,0.40420306,0.35695553,0.3937509,0.43217695,0.5231457,0.43948692,0.40297973,0.34162715,0.48038778,0.42843306,0.49254918,0.4632214,0.41977403,0.4391338,0.42192152,0.4089638,0.42282334,0.42718464,0.42594925,0.44155887,0.43107468,0.4403108,0.42043188,0.42740816,0.37805057,0.38912186,0.41361654
150,0.40283227,0.31750447,0.36184713,0.37801665,0.39580044,0.4365323,0.43850145,0.3904578,0.4012143,0.3831171,0.47226787,0.48314866,0.32898906,0.35254198,0.3681061,0.37205824,0.4290697,0.40511072,0.42522943,0.4023436,0.3989537,0.47325498,0.32436433,0.36793515,0.46168643,0.5001371,0.36111623,0.395363,0.42041948,0.34135395,0.379469,0.41506162,0.3639711,0.39581385,0.37593737,0.406553,0.35664442,0.35224035,0.3957128,0.37475517,0.36688435,0.33904746,0.39713058,0.32869142,0.33668083,0.38484576,0.3335917,0.37790132,0.35693806,0.41983563,0.38125086,0.3530527,0.38709247,0.3728233,0.36981863,0.31645042,0.38321063,0.4109129,0.34837145,0.33591887,0.4057086,0.45158333,0.53460246,0.3801857,0.40608555,0.45802155,0.49203753,0.43002176,0.43066975,0.45440707,0.41005245,0.45416662,0.5696048,0.53146404,0.52941847,0.46495023,0.5138375,0.39625832,0.58500654,0.555471,0.56655484,0.496065,0.47815424,0.33102682,0.49331295,0.41278383,0.42189586,0.39781946,0.48042145,0.42298397,0.4250468,0.5236083,0.48202607,0.4303795,0.44791883,0.36029908,0.49177134,0.3903559,0.34923676,0.35332,0.38792413,0.37572566,0.37122348,0.36769456,0.31168124,0.3306903,0.43285185,0.35972264,0.32570374,0.42202416,0.47630006,0.38602418,0.31572506,0.31191567,0.31614897,0.30142072,0.3715874,0.45905572,0.43285197,0.44302943,0.3776277,0.4656807,0.46597666,0.38089198,0.46036658,0.42456776,0.4730411,0.469464,0.5096797,0.5351474,0.44560137,0.43706092,0.5397787,0.48599297,0.4794391,0.41264397,0.42898765,0.44466788,0.4462299,0.35842842,0.36582455,0.3977366,0.44061294,0.4892254,0.46408677,0.47711575,0.27756673,0.37076405,0.51500046,0.45898473,0.4338313,0.37198678,0.38090774,0.4532906,0.45529443,0.30946308,0.29725137,0.43788698,0.35221127,0.435074,0.35755646,0.40434423,0.45747817,0.44095927,0.49649796,0.46116504,0.34507605,0.3573552,0.4919469,0.42981005,0.56144,0.5074901,0.40625742,0.35671443,0.42299542,0.42319012,0.5502875,0.40199962,0.38906822,0.38692272,0.3952114,0.33013904,0.35118827,0.3741647,0.40591285,0.41451073,0.40151054,0.38107583,0.39035645,0.40955397,0.4004715,0.45330772,0.32868683,0.3802158,0.41795784,0.34477898,0.45203876,0.40494534,0.37380153,0.3810189,0.35887444,0.48052636,0.321372,0.40340614,0.38918355,0.4708146,0.37948915,0.37851232,0.42985824,0.33232194,0.42019448,0.47051528,0.331162,0.45486754,0.37838167,0.40137532,0.35931262,0.36461124,0.40587357,0.3674254,0.35566264,0.34069413,0.34635767,0.3802193,0.32787296,0.37431693,0.31145397,0.34908965,0.3418327,0.426579,0.39084268,0.34864533,0.38277522,0.36146063,0.3507883,0.29001877,0.38670534,0.45571652,0.357808,0.31642884,0.40087342,0.4926836,0.5734045,0.4230054,0.41950977,0.57994086,0.4947314,0.54962003,0.44707882,0.53034955,0.48374358,0.4360123,0.6347573,0.49165663,0.48548058,0.5459271,0.56985927,0.4146141,0.62018186,0.6109027,0.6261054,0.5248417,0.52453554,0.35223508,0.5570318,0.44559312,0.49095166,0.41862395,0.4554167,0.47955817,0.5009419,0.5024826,0.47534752,0.47638828,0.5372245,0.38381425,0.56534594,0.51401913,0.32552382,0.35942653,0.36599448,0.3747062,0.392096,0.38153705,0.32786387,0.33418107,0.4269555,0.3388137,0.36957937,0.43272206,0.53310674,0.4411769,0.30457953,0.30983236,0.3241062,0.2949041,0.3461191,0.46636572,0.44829223,0.44609192,0.38767695,0.4820711,0.4396615,0.3967394,0.45058173,0.4365029,0.50414515,0.46990475,0.48444876,0.54379,0.4453649,0.4434895,0.60390407,0.5024111,0.45343003,0.45688948,0.40987748,0.43486583,0.44817883,0.4074693,0.3624302,0.41070715,0.44415513,0.5237864,0.58247316,0.53206474,0.26538762,0.33291608,0.5939089,0.48214066,0.50023264,0.36606896,0.37176698,0.44419017,0.4837309,0.31436706,0.30600908,0.44572857,0.31745026,0.4183161,0.35977775,0.48198485,0.44528317,0.40661824,0.42232528,0.47848973,0.3786728,0.35359266,0.55167955,0.48887682,0.60566264,0.47322673,0.4205642,0.3946636,0.41665637,0.46052307,0.57426697,0.4463806,0.44585222,0.37749085,0.4675269,0.44042605,0.47712502,0.4574932,0.4469979,0.45016742,0.4464177,0.43380955,0.44107687,0.44255298,0.44768658,0.45935425,0.4283806,0.4387094,0.42067873,0.42822668,0.40760583,0.41358328,0.4328621
151,0.45406118,0.3864624,0.43877393,0.44003385,0.4451392,0.46482596,0.47231585,0.4352126,0.45792025,0.4205516,0.48820564,0.52478755,0.40265933,0.43151188,0.46742764,0.4213065,0.44419047,0.46024892,0.47061294,0.4405428,0.43532503,0.4970894,0.39371344,0.41651025,0.50481457,0.53869975,0.4312789,0.469314,0.50774527,0.43273866,0.45567706,0.48883066,0.4304417,0.45831874,0.44501936,0.45234802,0.41719514,0.4161474,0.45709452,0.40440848,0.4113952,0.41555476,0.4215457,0.3751647,0.41526446,0.44268832,0.41013747,0.41747212,0.41509324,0.46975422,0.45505708,0.42774752,0.4393512,0.42838588,0.3988879,0.35260716,0.42849514,0.45652744,0.4089394,0.38034964,0.42629164,0.48566332,0.57742006,0.42167366,0.40645245,0.45649704,0.5473867,0.47490582,0.46525845,0.5065291,0.44306907,0.49377576,0.61518353,0.5648245,0.5508645,0.47861356,0.5401612,0.4146666,0.6085778,0.5583186,0.5999785,0.5082694,0.519215,0.3607392,0.5373905,0.4535228,0.47765425,0.41824782,0.537672,0.46957743,0.44702137,0.5072558,0.47973478,0.45827228,0.50371516,0.39901024,0.54241264,0.4386831,0.3707626,0.4190198,0.43002686,0.4240669,0.42575377,0.41099167,0.35364488,0.38385785,0.4666808,0.40109053,0.36461055,0.457403,0.5170488,0.40965897,0.33955964,0.34266266,0.3502251,0.36732525,0.433588,0.4706217,0.46180916,0.47458345,0.45519403,0.47487414,0.5198589,0.44370285,0.5172569,0.47052965,0.4897463,0.54062665,0.5772979,0.60350376,0.47654694,0.47875214,0.57511294,0.50639045,0.49862716,0.437113,0.4685007,0.46778685,0.49698606,0.40622798,0.428843,0.46615613,0.5028918,0.5679797,0.56224555,0.5197451,0.32925478,0.40541726,0.5942224,0.5347885,0.50769377,0.42875543,0.44718665,0.47689512,0.47971162,0.37639,0.35763532,0.47252098,0.41945758,0.46898168,0.45055357,0.48623872,0.47643104,0.42622113,0.49345112,0.46367943,0.3974063,0.41991585,0.514117,0.49276334,0.58956087,0.5239006,0.43412837,0.42510647,0.46809515,0.4939393,0.5972095,0.42686188,0.43396628,0.41928324,0.44706672,0.40246364,0.43061838,0.43709224,0.45112693,0.4523987,0.44581935,0.4291493,0.44385588,0.445409,0.41164866,0.47977468,0.3998381,0.45765033,0.5056907,0.39811856,0.4619558,0.4556431,0.4265728,0.41478157,0.41743985,0.49456,0.39384907,0.45272213,0.41627026,0.50575805,0.44914776,0.4509602,0.50911397,0.42328808,0.4901729,0.52385443,0.4074043,0.5211601,0.45906326,0.45499283,0.41085657,0.41395053,0.4609335,0.40794623,0.41100085,0.41624123,0.38148078,0.419187,0.4024001,0.42925265,0.40570626,0.4051777,0.41163227,0.46463835,0.45587024,0.43948922,0.4405586,0.4264684,0.39711243,0.34277424,0.43783242,0.48775667,0.40647644,0.37063873,0.4201188,0.5359706,0.6069851,0.4577825,0.44053957,0.56594104,0.5580639,0.5994647,0.49036562,0.5652002,0.5301173,0.46399713,0.6687872,0.5100652,0.5247801,0.55629593,0.5972669,0.42435348,0.61104167,0.5896312,0.64445776,0.514455,0.56130224,0.40720457,0.6073648,0.49112675,0.5465866,0.42936495,0.49149236,0.47628057,0.5279787,0.50529236,0.47816405,0.4828241,0.56117934,0.42236573,0.6249112,0.56670934,0.36670998,0.42588702,0.43392488,0.43234044,0.43710026,0.40957177,0.38320097,0.39831516,0.46297356,0.3723576,0.39520168,0.4684312,0.5591126,0.45936662,0.3398745,0.32319862,0.36542732,0.3845568,0.4015816,0.47110015,0.48186535,0.47469446,0.45505792,0.48098746,0.50033927,0.43624538,0.49593204,0.4783499,0.5072514,0.505782,0.5525102,0.61219704,0.481087,0.47354633,0.6136127,0.5262252,0.4702965,0.4798584,0.4417525,0.45239556,0.50161934,0.43794295,0.41777334,0.47294566,0.48561046,0.5606918,0.6403182,0.5425525,0.32948166,0.37222874,0.6525852,0.5521852,0.5805883,0.42973483,0.42946586,0.47311473,0.5007169,0.39119482,0.37144348,0.4775595,0.3894414,0.45296052,0.4536002,0.5499627,0.4684422,0.43047604,0.45387074,0.4625729,0.40618038,0.4126702,0.57429314,0.5671944,0.60697764,0.47685093,0.44673836,0.44616345,0.4479094,0.4876805,0.61399776,0.45766348,0.4844086,0.42293474,0.45423734,0.45504,0.46029282,0.45328468,0.4745931,0.46200997,0.47124088,0.46003577,0.4611285,0.45997676,0.46978307,0.4772736,0.42916885,0.44080985,0.4248169,0.43324345,0.44305384,0.44400117,0.45466632
152,0.49941424,0.4598828,0.51197624,0.49903306,0.49002713,0.4860516,0.49688634,0.47493082,0.5067826,0.44878292,0.48504204,0.55002695,0.47909114,0.5085418,0.5576009,0.4717946,0.45416173,0.5075719,0.5092472,0.4745184,0.46761462,0.5092159,0.46187449,0.46723947,0.5353801,0.56307405,0.49386168,0.53331083,0.56930166,0.52917403,0.5250735,0.5585065,0.5006406,0.5198442,0.5232505,0.4898746,0.4713895,0.47358412,0.5073603,0.43224972,0.45271274,0.48483324,0.43998727,0.41590837,0.48310804,0.48058558,0.48496336,0.45673203,0.4690472,0.4983942,0.52216357,0.5003143,0.4860124,0.48245716,0.426976,0.39413512,0.4650196,0.48669246,0.46750814,0.42420346,0.44944033,0.51527745,0.5946897,0.4604081,0.41074777,0.44795075,0.5935692,0.5043416,0.49928635,0.55160016,0.47705707,0.5237747,0.6355343,0.5788907,0.5569145,0.4881839,0.5553212,0.41795248,0.602582,0.528305,0.6032942,0.49069428,0.53172165,0.38682246,0.55769,0.4829058,0.5244877,0.44202244,0.5787917,0.5132744,0.46115345,0.47946596,0.47547266,0.48399192,0.5362846,0.42832184,0.5698314,0.47927678,0.39652598,0.48631805,0.47323447,0.47262645,0.4839838,0.4554725,0.40171784,0.4381014,0.49745739,0.43752247,0.40289053,0.48829675,0.53654885,0.43396178,0.3688035,0.37598887,0.38954073,0.43442726,0.48364714,0.48040247,0.4877458,0.50065506,0.526924,0.47912875,0.5633335,0.5048259,0.5612637,0.5126872,0.49312723,0.59761465,0.6224373,0.65619904,0.5056086,0.5219357,0.58380294,0.5198799,0.50681424,0.44977748,0.4854672,0.48117098,0.5301678,0.44572282,0.48892012,0.5228354,0.54481685,0.6119808,0.62550396,0.5372157,0.38840556,0.4270177,0.6509839,0.60158336,0.5691151,0.48116943,0.50808,0.49385166,0.49426323,0.4480259,0.425588,0.5022637,0.4843523,0.5003502,0.54546016,0.5503412,0.4881192,0.41704175,0.48411706,0.45853767,0.4501457,0.4853012,0.5166837,0.53936124,0.5891979,0.52832854,0.46815723,0.49332467,0.5103389,0.56062484,0.62995714,0.45264798,0.47016254,0.44925183,0.49428537,0.47467518,0.5067306,0.4971536,0.4908388,0.48421475,0.48519382,0.47333685,0.49186563,0.47364932,0.41783527,0.49675027,0.47388065,0.5319501,0.5815595,0.45637992,0.46502548,0.5012239,0.47787508,0.447849,0.47660774,0.49725157,0.46482292,0.50032896,0.43989798,0.533384,0.50723815,0.5158954,0.56693083,0.51749605,0.5487321,0.57736397,0.49421048,0.5772238,0.54558736,0.49783233,0.45950353,0.45786557,0.50429237,0.44665053,0.4633647,0.4862163,0.41707954,0.4492347,0.46835735,0.46766344,0.49926656,0.45913827,0.48094225,0.48910758,0.5152368,0.5256723,0.4942167,0.48866153,0.44114172,0.40736672,0.47925252,0.507288,0.45248848,0.4276229,0.4432007,0.5662933,0.6199149,0.49108985,0.46504015,0.53238153,0.612277,0.6307873,0.53567463,0.5905504,0.5690267,0.49362302,0.6819974,0.51956016,0.5546794,0.5653838,0.6129417,0.42765707,0.5751394,0.54140127,0.63686115,0.48578432,0.5728805,0.4547242,0.6335976,0.52595633,0.5957197,0.4448375,0.5233096,0.469904,0.54572314,0.49540958,0.47864872,0.48883545,0.5605572,0.45304462,0.659222,0.6036384,0.4141331,0.49449643,0.49976277,0.4892004,0.48509622,0.43977252,0.44177502,0.46581718,0.49710035,0.40559286,0.4208192,0.499193,0.5647934,0.47846887,0.3829338,0.34596488,0.41075468,0.47875047,0.45304272,0.47196224,0.51250684,0.50017333,0.5150219,0.47620693,0.54890984,0.47599655,0.5357628,0.5145481,0.5012816,0.53437495,0.6038226,0.66839224,0.5158723,0.50661194,0.60176337,0.54377145,0.48282838,0.49134365,0.45965484,0.46266648,0.54127187,0.457203,0.46776503,0.5253447,0.51471007,0.57474935,0.66638875,0.53117245,0.40414315,0.4074106,0.68878466,0.6162498,0.6436615,0.4892024,0.48579398,0.49552956,0.51079434,0.47170895,0.44133288,0.5051148,0.46410602,0.48427832,0.5493265,0.5953299,0.48637506,0.45831978,0.48305124,0.44519603,0.43412736,0.47437185,0.57819957,0.62600046,0.5933119,0.4775232,0.47318634,0.4960894,0.4780019,0.5137027,0.64375323,0.47036526,0.50967747,0.46727937,0.44273835,0.4678576,0.4431901,0.44907492,0.4964611,0.47114667,0.49071994,0.48131454,0.47858667,0.47517574,0.48731855,0.49126843,0.4298341,0.44492072,0.42921326,0.4390129,0.4748288,0.4720142,0.4737662
153,0.52883106,0.5172764,0.56525064,0.5419478,0.52131534,0.4960416,0.50886995,0.5001291,0.53642875,0.4600089,0.4632738,0.55502135,0.5393682,0.5699174,0.6231902,0.5101258,0.45337072,0.5379486,0.53114706,0.49478927,0.4873993,0.5093249,0.5125341,0.50729996,0.5483897,0.5718306,0.5370634,0.5757093,0.59970945,0.6113962,0.5761154,0.6117844,0.559973,0.56986123,0.595929,0.50916547,0.5056624,0.50997484,0.53523314,0.4495426,0.47941658,0.5292006,0.4469921,0.44016472,0.52289253,0.48913202,0.5399226,0.4849161,0.50423133,0.49776992,0.5678455,0.55379903,0.51620054,0.52281654,0.44532743,0.43086505,0.48158175,0.49291077,0.5084707,0.45544943,0.47145912,0.53510803,0.5864421,0.4892775,0.4184961,0.43027028,0.62486935,0.5158304,0.5259792,0.58160686,0.50515956,0.53853995,0.6318689,0.5737078,0.5466514,0.49029282,0.557475,0.40096304,0.56743073,0.4695625,0.57932264,0.44332954,0.5146905,0.399321,0.5532842,0.49616158,0.55568534,0.46403968,0.60174644,0.547593,0.46263117,0.44319823,0.46963578,0.50291574,0.5409402,0.4383357,0.57489717,0.50779927,0.41770294,0.539936,0.5063026,0.5089264,0.531382,0.48967907,0.44126883,0.47826797,0.51842785,0.45989943,0.42919213,0.50667244,0.5334913,0.45379508,0.39433596,0.4010793,0.42241296,0.48337692,0.5079213,0.48687738,0.50774074,0.51617056,0.5776771,0.47646064,0.589551,0.55005187,0.58525676,0.5444988,0.48387566,0.6342844,0.6413633,0.6887491,0.5273419,0.55855376,0.5670757,0.52430844,0.5027861,0.445622,0.47446916,0.48094136,0.5390866,0.46484733,0.53335357,0.5586714,0.56056154,0.6186664,0.6500848,0.5277226,0.43737182,0.42552668,0.6812617,0.64848423,0.61084324,0.51752335,0.552613,0.5009463,0.49818715,0.505689,0.48099,0.5208484,0.5313499,0.52449393,0.62397355,0.5862517,0.490184,0.41566497,0.46916893,0.4462641,0.48747554,0.53861207,0.49928233,0.565133,0.560041,0.5208037,0.49979624,0.54496473,0.54046035,0.6141543,0.64628905,0.47247136,0.49046803,0.46947724,0.5265344,0.5281816,0.56289,0.5409613,0.5165761,0.50351727,0.5118227,0.5024661,0.5224995,0.48726216,0.41409332,0.5005519,0.53172463,0.58948267,0.63409877,0.5029425,0.45786935,0.5335696,0.5141582,0.47184607,0.5230187,0.48934567,0.51884705,0.5353788,0.45284727,0.55107385,0.54384124,0.5627071,0.5953863,0.59358364,0.5882693,0.62115043,0.57404923,0.61300695,0.6190069,0.5189649,0.49120393,0.48473576,0.5245949,0.4732861,0.49900562,0.5323934,0.44404233,0.46334985,0.50726044,0.4787282,0.56680673,0.49717247,0.5307799,0.4929828,0.55493927,0.58607674,0.53109646,0.5336063,0.47129086,0.46847123,0.49937552,0.5084323,0.4821724,0.47198975,0.46551514,0.5800177,0.6114354,0.5183463,0.48918015,0.48091847,0.6500447,0.64136,0.5735702,0.60183537,0.59335464,0.51702386,0.67485094,0.5167189,0.57118404,0.5694542,0.61394876,0.42018488,0.51749754,0.4761374,0.60588664,0.43829894,0.55617774,0.48174056,0.6324134,0.54367256,0.6310643,0.460901,0.54695404,0.4627622,0.5500639,0.47209665,0.4769634,0.49461377,0.5366167,0.46720356,0.66745543,0.62186915,0.45351788,0.5491673,0.54707015,0.5301533,0.5231735,0.46327913,0.48668653,0.519153,0.522455,0.42818546,0.43818563,0.51828206,0.5500857,0.49484918,0.4213311,0.36882004,0.4467371,0.5505038,0.48546252,0.4695403,0.5331601,0.51659095,0.5555513,0.46841937,0.57595783,0.5073103,0.56197923,0.53993034,0.48954934,0.5537371,0.632734,0.7056413,0.5432347,0.5358922,0.5702907,0.55161864,0.48874962,0.48879853,0.45510083,0.46104404,0.5593682,0.4575692,0.50186944,0.56003696,0.5275852,0.5633341,0.6628579,0.50133693,0.46676126,0.42439875,0.7002432,0.663734,0.6823894,0.5310632,0.5283959,0.5071685,0.5152266,0.53486687,0.49501172,0.52328056,0.52408177,0.5064038,0.6281888,0.61567736,0.4956559,0.4848616,0.50429714,0.4276636,0.45321104,0.52362317,0.56379414,0.65811175,0.56297666,0.47530282,0.49389604,0.53257895,0.5007931,0.537423,0.6589397,0.48124883,0.5180758,0.5004838,0.43555078,0.47669274,0.42708814,0.44347602,0.5084039,0.47470844,0.5012371,0.49370113,0.48981312,0.48505476,0.497112,0.49856064,0.42946228,0.4489588,0.43164593,0.44288474,0.4962468,0.49126384,0.48636287
154,0.53403366,0.54420114,0.5869377,0.5582263,0.5310097,0.48951563,0.5024479,0.5037505,0.5386267,0.4478103,0.42165327,0.53331006,0.56699705,0.6057422,0.65482265,0.5239456,0.43870306,0.5439499,0.5261052,0.49438033,0.488156,0.49350432,0.53723735,0.52481407,0.53472143,0.5592368,0.55325645,0.58625376,0.6006897,0.66901565,0.6050334,0.6387211,0.60058004,0.601793,0.6500181,0.50384855,0.5114295,0.5148002,0.53568214,0.44935185,0.4834898,0.54191655,0.4370141,0.43946236,0.52714926,0.46732402,0.5656037,0.49185127,0.5141361,0.46499035,0.58263296,0.57796174,0.52125657,0.5415748,0.447867,0.4532179,0.4709107,0.46871933,0.5201917,0.4624596,0.48998946,0.53956294,0.55029786,0.5064735,0.43372878,0.4052008,0.6344725,0.5102228,0.5374053,0.588873,0.5222775,0.53459126,0.60331833,0.543888,0.51367354,0.4770269,0.54541993,0.3613448,0.50013787,0.3903353,0.5267829,0.36951277,0.46917695,0.39003494,0.52525085,0.48670197,0.5632412,0.48190406,0.60449725,0.5674734,0.44890526,0.40433308,0.46360976,0.50814235,0.51429504,0.42419168,0.5599036,0.5224341,0.4260741,0.5673594,0.52131116,0.5213608,0.5559337,0.5028705,0.45891434,0.49223223,0.5258178,0.4581694,0.43216446,0.5062626,0.50439686,0.46418118,0.4054677,0.40551546,0.43764454,0.5004932,0.49946046,0.4894458,0.5207451,0.51870346,0.5988768,0.465349,0.5907944,0.56912965,0.5833367,0.56065685,0.46237618,0.64313334,0.62817127,0.69385713,0.5363637,0.5820807,0.52620804,0.5177777,0.48609087,0.42078772,0.433336,0.46358252,0.51562923,0.4555073,0.5548611,0.56802166,0.5485072,0.58616203,0.6364083,0.4920105,0.45960715,0.39305246,0.68110436,0.6665248,0.63123757,0.529936,0.57188505,0.49209988,0.49193975,0.5366961,0.50811356,0.521582,0.55189836,0.53543603,0.6736232,0.5890358,0.47823495,0.4257989,0.452831,0.42846668,0.49591345,0.568063,0.45707053,0.5691596,0.501674,0.50041187,0.5211465,0.5677096,0.5513232,0.6472833,0.64242303,0.48228207,0.48821434,0.47411382,0.53521395,0.5522204,0.5862822,0.5575419,0.5204962,0.50353193,0.5160715,0.5082243,0.52587014,0.48029217,0.39443395,0.48550928,0.55699915,0.6224419,0.656817,0.5229381,0.43809903,0.54680055,0.5228512,0.4793528,0.54548913,0.46757928,0.5480638,0.5467187,0.44605345,0.55220836,0.55524987,0.5832188,0.59401006,0.6413449,0.6079209,0.64748925,0.63624287,0.6253379,0.6682328,0.5126563,0.49595132,0.48599985,0.5171819,0.47923654,0.5072087,0.5461445,0.45198482,0.4562971,0.5102858,0.46178737,0.59629095,0.5085159,0.55023235,0.47424185,0.5651004,0.6095953,0.54058546,0.55199164,0.47836143,0.51120645,0.49031338,0.48751414,0.4853895,0.48884788,0.4841488,0.5744922,0.5799838,0.5384215,0.5148084,0.4183554,0.6661269,0.63283265,0.594536,0.5952307,0.5955847,0.53277516,0.6457043,0.49371877,0.5646515,0.56025094,0.59946907,0.39932013,0.4443386,0.40654165,0.5525144,0.3758795,0.5105083,0.47981393,0.6051211,0.5369075,0.644326,0.4756575,0.55896574,0.45972803,0.5379004,0.4403171,0.47514457,0.49744052,0.49112824,0.46198672,0.65191776,0.6213339,0.47187373,0.5775345,0.5644602,0.5430372,0.5403727,0.47233984,0.5048719,0.5446557,0.53302956,0.43043217,0.4405739,0.52085507,0.51336807,0.5051484,0.44173956,0.38176224,0.46311128,0.5836133,0.49169606,0.4657143,0.5399786,0.5209883,0.56937194,0.45909512,0.5729482,0.522011,0.5684927,0.55121595,0.47392002,0.5592615,0.63181865,0.7165121,0.5561715,0.55651945,0.52224594,0.54686314,0.4865054,0.46997377,0.42470288,0.44397795,0.54820347,0.43568945,0.51415235,0.5705874,0.5230738,0.526667,0.63325006,0.45685142,0.4974946,0.414105,0.6850047,0.6871211,0.69707733,0.54665124,0.54648286,0.50036025,0.51680124,0.5671569,0.51989573,0.52537745,0.5572511,0.51247823,0.6774782,0.61319965,0.49007362,0.5089918,0.5185153,0.41309142,0.45571947,0.5488896,0.5286948,0.6632749,0.5162791,0.4686722,0.5028046,0.544485,0.51066506,0.55877185,0.65698296,0.48770955,0.5047244,0.51470715,0.43698442,0.48167947,0.41387692,0.43677017,0.5086269,0.47218361,0.5016797,0.4954573,0.4918972,0.48712048,0.49805525,0.49841183,0.4278297,0.45103458,0.43094313,0.44323558,0.50293213,0.49810877,0.48985612
155,0.51563746,0.53660804,0.5722444,0.5460734,0.5183436,0.468041,0.47953734,0.48342583,0.51119244,0.41382807,0.36769664,0.48828045,0.5540385,0.6113089,0.6491262,0.50894535,0.41496307,0.5262807,0.49399197,0.47495872,0.47137213,0.46355632,0.53418756,0.5146264,0.49469048,0.52644783,0.54204357,0.5639427,0.577914,0.702194,0.61332583,0.63896203,0.6248535,0.61523414,0.68205535,0.47268498,0.48827696,0.48699418,0.51025367,0.42961797,0.4634505,0.52618855,0.4096774,0.41295725,0.500048,0.42612472,0.56108546,0.47525436,0.5031591,0.41006964,0.564388,0.57063305,0.49796638,0.53562725,0.4328398,0.45566452,0.43595058,0.41845405,0.50045896,0.44169074,0.50568414,0.52962077,0.49053457,0.5138742,0.4608989,0.38044932,0.6232209,0.4918995,0.5349176,0.5753807,0.5287822,0.51624465,0.55274296,0.49191633,0.46318284,0.45036227,0.52294976,0.3067192,0.4111285,0.3091063,0.45564082,0.28592533,0.40365803,0.3586496,0.47831094,0.45317024,0.5474101,0.49859,0.58751094,0.5714326,0.4205942,0.37088037,0.45954147,0.4999963,0.46261668,0.390427,0.528166,0.52278024,0.41699663,0.5627092,0.5150636,0.50558645,0.5533748,0.49078137,0.44926968,0.4762694,0.5192597,0.42908788,0.40798995,0.48921895,0.45367384,0.46416345,0.39565507,0.38408113,0.42970175,0.48362604,0.46293324,0.48939455,0.5273412,0.51155627,0.59000677,0.4480983,0.56734043,0.56005615,0.5575154,0.56061804,0.4337316,0.6257962,0.5857969,0.67142296,0.5341499,0.5944376,0.4693354,0.50182235,0.46263167,0.37946177,0.3716347,0.43276855,0.46374118,0.42019764,0.55410737,0.5504468,0.5147639,0.5184241,0.587476,0.44061658,0.4493114,0.3346998,0.6507442,0.6582994,0.63386023,0.5157599,0.5623397,0.46594214,0.4805541,0.5363057,0.5023839,0.50436085,0.54474616,0.5300758,0.6929994,0.56011784,0.45413485,0.4490402,0.44540328,0.40808094,0.47258282,0.56859183,0.39502943,0.5513392,0.42399615,0.47206604,0.52738726,0.5577101,0.54231566,0.66215754,0.61956495,0.48133758,0.46230397,0.46325892,0.5200111,0.54514074,0.57147294,0.54401976,0.5020587,0.48496222,0.49685338,0.4872223,0.4981436,0.45374352,0.36017463,0.4534422,0.54249156,0.62894034,0.64840716,0.5102785,0.41102284,0.5415596,0.502024,0.46906582,0.5409458,0.4346964,0.55014104,0.5300896,0.4183644,0.5364428,0.5444738,0.57698274,0.5697788,0.66270345,0.6117955,0.65707815,0.6790552,0.61850464,0.69456834,0.47896203,0.47278798,0.46175054,0.48453394,0.4605458,0.48493862,0.5286103,0.4363293,0.42951632,0.4821936,0.4271019,0.5875683,0.49103832,0.5404476,0.44061592,0.54244363,0.59453434,0.5179531,0.5399822,0.45882845,0.5264284,0.45425278,0.44957435,0.46119612,0.47206232,0.50015855,0.5533146,0.5316921,0.5526422,0.5465247,0.36086193,0.6640384,0.61168396,0.5997031,0.57699436,0.5785264,0.54696447,0.5994849,0.45270845,0.5365441,0.54103065,0.57457346,0.36801717,0.3721027,0.34734246,0.4872711,0.31258565,0.44524485,0.45038083,0.55824614,0.5050544,0.6365801,0.4926124,0.5605343,0.46431035,0.5110482,0.40953857,0.47546995,0.49734,0.43426958,0.44188944,0.61902875,0.606403,0.4628689,0.5744908,0.5476412,0.5231197,0.53332365,0.46321017,0.49282426,0.5372313,0.52693033,0.4093523,0.42649958,0.50826824,0.46032786,0.509962,0.43595773,0.37799728,0.45631102,0.5765189,0.47535118,0.46374267,0.5348869,0.5162664,0.556395,0.4511961,0.5411308,0.5172196,0.5564866,0.55014753,0.45888877,0.55221164,0.60294265,0.7025113,0.5552855,0.5706696,0.4685165,0.53264534,0.47881824,0.4406371,0.37664002,0.41591716,0.5107399,0.39965728,0.5067896,0.55587316,0.5066762,0.47253236,0.5858464,0.40993595,0.48967943,0.3791087,0.64667624,0.6897511,0.69427216,0.5330277,0.53539234,0.47416174,0.52146405,0.5657577,0.5151182,0.510168,0.5591787,0.5001732,0.69636536,0.5950718,0.46963188,0.53117555,0.5316984,0.40477479,0.44017285,0.5450718,0.47851744,0.6459708,0.46393576,0.45789725,0.49683943,0.5284176,0.5063385,0.58016485,0.64171356,0.48940247,0.47143024,0.5101958,0.4482599,0.48401365,0.40667868,0.4321894,0.4999901,0.466498,0.49442953,0.48856914,0.4851763,0.48149815,0.49296692,0.49391484,0.42469895,0.45034283,0.42768916,0.44039497,0.4949849,0.49293023,0.48452833
156,0.48135406,0.49902296,0.524279,0.5109137,0.48862645,0.43848228,0.44731894,0.444348,0.461076,0.36839318,0.31629628,0.43589285,0.50115144,0.58788097,0.60923016,0.46736524,0.38863713,0.4945699,0.44419366,0.44471347,0.44508705,0.42804188,0.50742877,0.4797283,0.44127125,0.48473608,0.51000255,0.51782763,0.54091823,0.71574384,0.6064017,0.61785185,0.63960075,0.61391896,0.69449395,0.42352548,0.44357002,0.43532747,0.46733078,0.39536673,0.4252089,0.49004135,0.3716746,0.36853924,0.4533176,0.38203993,0.52934843,0.43924353,0.47880533,0.35185745,0.5186063,0.5355725,0.45208535,0.50671244,0.40397006,0.43770978,0.3887242,0.35839558,0.4557315,0.39960924,0.51791996,0.5108125,0.4234409,0.5132448,0.50030655,0.3660772,0.59927034,0.468597,0.526385,0.55080694,0.5282665,0.49381632,0.49265963,0.43300182,0.41377518,0.42175397,0.4981626,0.25185955,0.3282569,0.24748549,0.39127302,0.21698,0.33664632,0.31342575,0.42347032,0.40380338,0.5180306,0.51776254,0.5559012,0.56097037,0.38255548,0.3498594,0.45917815,0.48387328,0.4029388,0.34812498,0.48813558,0.5103052,0.3918046,0.5280513,0.4896577,0.4663337,0.52622354,0.4570459,0.4151752,0.43545857,0.50088745,0.37913755,0.36261332,0.46347478,0.39519492,0.45518726,0.3658233,0.3417935,0.39997575,0.43889633,0.4109138,0.48865867,0.52821237,0.50118726,0.55658793,0.42948174,0.5289335,0.5279051,0.5187525,0.5484818,0.40706587,0.5938753,0.530143,0.6304885,0.52703744,0.6006622,0.41367593,0.48152548,0.4432453,0.33361912,0.30849913,0.3972406,0.4027547,0.37134337,0.5387198,0.5126137,0.47292998,0.4334514,0.5164321,0.39123663,0.41016966,0.26808774,0.5971643,0.6354547,0.6254485,0.47740427,0.52698016,0.4263371,0.47170398,0.5063604,0.467007,0.47433314,0.51472914,0.5094084,0.6867995,0.50882554,0.42473423,0.48237216,0.4570025,0.38924587,0.4247307,0.542059,0.33015695,0.5152822,0.34930423,0.4456009,0.51803315,0.5190448,0.5186289,0.666274,0.5842354,0.46963647,0.41893956,0.44028512,0.48758957,0.51277035,0.5220087,0.5051544,0.46783754,0.45494026,0.46166763,0.44434103,0.4456577,0.41558245,0.3195058,0.41559383,0.49038085,0.6112706,0.61265945,0.4665064,0.38467896,0.5254258,0.45908406,0.4456796,0.51478446,0.40091103,0.52847606,0.4902503,0.37853524,0.51094496,0.5196616,0.55200434,0.53443784,0.66458946,0.60709125,0.6536013,0.70355684,0.60057366,0.7032441,0.4264116,0.42966035,0.4197023,0.43651912,0.42112204,0.43815652,0.4868388,0.4010606,0.39055502,0.43676218,0.3884403,0.54542005,0.4495892,0.508078,0.4042297,0.49262744,0.5458039,0.46817657,0.49966934,0.4169754,0.5111386,0.4022418,0.40681657,0.4179014,0.4265041,0.5136175,0.52280474,0.48006874,0.56075794,0.5842951,0.32530153,0.6523221,0.585452,0.59561974,0.55955285,0.5523895,0.5650564,0.5488222,0.40601084,0.50090766,0.5235869,0.5471359,0.3325085,0.32163987,0.31093746,0.43023342,0.26426443,0.37868688,0.40241447,0.5015764,0.45575082,0.6151606,0.5157039,0.5555133,0.47608033,0.4743969,0.38866854,0.47869083,0.49529153,0.38411242,0.41432598,0.57832223,0.58131635,0.42851168,0.5427044,0.5003676,0.4749093,0.5056834,0.4380573,0.45537388,0.49990502,0.50685114,0.3693495,0.39810374,0.48665327,0.40403107,0.5096051,0.40387973,0.35642737,0.42893088,0.53495616,0.44422847,0.46619332,0.5229463,0.5084372,0.5230852,0.44778118,0.49285617,0.4966808,0.53400093,0.54230565,0.45082125,0.54122406,0.5590806,0.6718205,0.5467928,0.58319056,0.4248356,0.5154915,0.47148764,0.4141834,0.32493386,0.38555238,0.46241155,0.36322477,0.4890798,0.5226052,0.48877996,0.41492355,0.5364952,0.37676737,0.4471642,0.32969174,0.5944086,0.68065596,0.6824992,0.4931811,0.49811202,0.4355777,0.5352137,0.5355201,0.48558056,0.4818969,0.53289044,0.47342917,0.68951094,0.5704104,0.44157368,0.5504442,0.5483416,0.40470308,0.41050878,0.51388985,0.42748204,0.6126923,0.42145923,0.44600394,0.47769156,0.4907375,0.49167714,0.60386354,0.61976194,0.4873078,0.42690587,0.49106374,0.46563503,0.48393378,0.40846914,0.4336783,0.48714575,0.46063128,0.48324302,0.47703516,0.47255918,0.47043094,0.4865826,0.48965764,0.41981083,0.4470167,0.42304164,0.43545154,0.4759011,0.47832453,0.47261178
157,0.44119266,0.44595975,0.4567122,0.4641966,0.45145229,0.40966752,0.41523117,0.39908707,0.40402403,0.3240957,0.27893826,0.39169106,0.42173964,0.5452491,0.54803914,0.41011503,0.36486742,0.46372217,0.39152268,0.41572526,0.41996115,0.3982609,0.4688979,0.4315246,0.3908226,0.44694152,0.470066,0.46496034,0.50397,0.718013,0.59501576,0.5847441,0.6516446,0.603901,0.69323635,0.3724328,0.39102802,0.37667662,0.42101705,0.35731637,0.38085872,0.44396958,0.3319,0.3200955,0.40265492,0.34822157,0.47912967,0.39408106,0.44822875,0.3063514,0.4597926,0.48359594,0.3982685,0.46249983,0.36905667,0.40423718,0.3438802,0.30749163,0.40027878,0.3490064,0.52614665,0.49057904,0.36627775,0.5093801,0.54812235,0.3672118,0.5718693,0.44976333,0.51874954,0.52526784,0.5248133,0.47612256,0.43777856,0.3826711,0.37991953,0.40091854,0.4768319,0.20729831,0.270468,0.21268311,0.35107583,0.17289117,0.28394252,0.26627028,0.37293535,0.35313568,0.4887285,0.5404138,0.5177203,0.54141617,0.34272,0.34248835,0.4625724,0.46602994,0.35341996,0.30856505,0.45087293,0.49193063,0.35677487,0.47490844,0.45324647,0.41721857,0.48373392,0.413442,0.3668656,0.3837441,0.47590414,0.3223811,0.3103728,0.43834957,0.34358546,0.44133204,0.32375896,0.2912847,0.35710835,0.38001496,0.35823235,0.48950082,0.52619416,0.49476096,0.51130176,0.41434756,0.48922002,0.48427346,0.48089322,0.53353965,0.39146557,0.56296456,0.4801702,0.5840882,0.52071697,0.604749,0.37331864,0.46242827,0.4363371,0.29620343,0.25962788,0.36684385,0.35240108,0.32365337,0.5211586,0.46848416,0.43836534,0.35568497,0.44444436,0.35777056,0.353805,0.21029308,0.5341132,0.6119175,0.61421585,0.42378718,0.47717512,0.38214222,0.4739889,0.4582115,0.4147725,0.44136807,0.47358644,0.47996438,0.664731,0.45309225,0.39912066,0.51951444,0.4899272,0.37526965,0.36773726,0.49888632,0.27797815,0.47093126,0.29273394,0.4274232,0.4976993,0.46488896,0.48889026,0.6683161,0.5452185,0.449389,0.37061217,0.41135532,0.44762287,0.46863082,0.4527752,0.45291758,0.42831722,0.42374203,0.4235936,0.39323685,0.3848848,0.37599602,0.28237742,0.38360626,0.41548422,0.5772126,0.56075275,0.4033654,0.3656407,0.5100759,0.40870866,0.4196451,0.48038638,0.3773584,0.49406895,0.43943515,0.33821332,0.485037,0.49291384,0.52273697,0.5015252,0.6572638,0.60404027,0.6418778,0.7144656,0.5800824,0.7006623,0.37124324,0.38002217,0.37229165,0.38739628,0.37308273,0.38140827,0.43152252,0.35622475,0.35019282,0.39032662,0.35627645,0.481687,0.3961381,0.46334442,0.3749249,0.431267,0.47755605,0.4074416,0.4412983,0.3646129,0.47106114,0.34944355,0.37168217,0.3692166,0.3670069,0.5245345,0.48975787,0.4367208,0.56492364,0.6239396,0.31632105,0.63965183,0.56042016,0.5892992,0.5514739,0.5290023,0.58713007,0.5045105,0.36516345,0.47338545,0.5171962,0.5213948,0.29826862,0.3009712,0.2997531,0.39456046,0.23644093,0.3244964,0.3491425,0.44446418,0.40214607,0.58894336,0.54469514,0.5471702,0.4910325,0.4339178,0.38103682,0.48351672,0.49214813,0.35380685,0.38611215,0.53868407,0.5511031,0.3787351,0.49321333,0.43659523,0.41346207,0.46600717,0.4052942,0.40392476,0.4451589,0.47876325,0.32070112,0.36148357,0.46372095,0.35614628,0.5044266,0.35466376,0.322456,0.38986263,0.4721951,0.40739727,0.47447178,0.51041514,0.5035364,0.48288172,0.45048958,0.4442552,0.46846297,0.5103429,0.53662044,0.4555898,0.5362861,0.5174051,0.6355106,0.53777057,0.59754026,0.39946368,0.50114685,0.47039148,0.40311515,0.28034547,0.3612232,0.4211819,0.3366714,0.47365552,0.48435432,0.47961047,0.36573744,0.49969572,0.36635187,0.38278693,0.2782249,0.53945476,0.66970384,0.6695774,0.4374344,0.446452,0.3968709,0.5623144,0.48948872,0.44194353,0.44977993,0.49017456,0.44158944,0.6657148,0.54866487,0.41748697,0.5667334,0.56996393,0.41161248,0.37472004,0.46588346,0.38772622,0.57075876,0.39475358,0.43632886,0.45023802,0.44426772,0.473449,0.63119763,0.5971987,0.48269412,0.38296616,0.46485636,0.48369777,0.48201582,0.41890642,0.4422728,0.47336853,0.45476452,0.47106984,0.46430203,0.45805156,0.45752782,0.48385692,0.48951963,0.4128997,0.44165176,0.4171469,0.42864716,0.4513834,0.45826796,0.45752454
158,0.40468293,0.39416417,0.3882835,0.41952398,0.41727543,0.3893972,0.3925713,0.36068258,0.35640842,0.29026124,0.26108336,0.36400622,0.34033546,0.49660766,0.4833486,0.35495725,0.35016432,0.4440005,0.35067713,0.39774373,0.4026621,0.383,0.43061215,0.38394618,0.3550879,0.4220064,0.43471292,0.42074662,0.47900814,0.7150405,0.5871994,0.5505199,0.66396743,0.59115154,0.6842582,0.33412462,0.3454425,0.3281195,0.3855992,0.32595158,0.34266797,0.40061238,0.29807585,0.28054196,0.3628527,0.33258188,0.425553,0.35415676,0.42051357,0.2835454,0.40606672,0.43019888,0.3521265,0.41505736,0.33646992,0.3651267,0.31296808,0.2775405,0.34990856,0.3027539,0.5301273,0.47512987,0.32939932,0.5070021,0.5965366,0.38336495,0.5480741,0.44122878,0.5163137,0.50633883,0.5204105,0.46780562,0.39762664,0.3503476,0.36775374,0.39399186,0.4617324,0.17882755,0.24133645,0.20288359,0.33861378,0.15265583,0.2519635,0.227724,0.33513853,0.31342828,0.47025996,0.5652409,0.48087844,0.51955557,0.30907246,0.34652868,0.4683931,0.4520409,0.32561558,0.28052652,0.4233484,0.47432417,0.31971458,0.41954377,0.4158116,0.37310183,0.43759587,0.3730822,0.31799707,0.33764124,0.44944304,0.2735153,0.26662225,0.42138538,0.30818334,0.428243,0.28031278,0.24647711,0.3144244,0.32603422,0.3188666,0.49378794,0.52449995,0.49610624,0.46818295,0.40695834,0.4581677,0.44124526,0.45294136,0.52392465,0.39237314,0.54417723,0.44791043,0.54419774,0.5185055,0.608737,0.35430133,0.44929317,0.4445377,0.27620557,0.23317267,0.34994128,0.3216903,0.28705555,0.50934947,0.43104383,0.4208059,0.30213565,0.3893075,0.3474212,0.29825783,0.17121233,0.47710994,0.59731704,0.60584867,0.36810216,0.426917,0.34440932,0.49175543,0.40641972,0.36420485,0.41615233,0.43285888,0.44945595,0.63760394,0.4103479,0.38504508,0.55270326,0.53751206,0.36780506,0.31832424,0.45316303,0.24687572,0.42892456,0.2586355,0.41975835,0.47184613,0.41135707,0.45994923,0.6731815,0.5111811,0.4251558,0.32966563,0.38409695,0.40987575,0.4256659,0.38364786,0.40217438,0.39375815,0.4003401,0.39427546,0.348984,0.3337859,0.34346437,0.25662753,0.36409798,0.3411056,0.5363251,0.50644463,0.34027788,0.35973844,0.5018425,0.36730248,0.40081978,0.44992343,0.37056792,0.45713463,0.3908741,0.30585077,0.4655675,0.47299948,0.4995854,0.48065323,0.64836794,0.60823524,0.626188,0.71658146,0.563026,0.69186187,0.32881805,0.3365417,0.33185163,0.3501256,0.33039987,0.33133596,0.37687418,0.31407055,0.31797945,0.3554174,0.33782026,0.4162291,0.3477201,0.41985193,0.3601605,0.37709215,0.4109623,0.3546599,0.38178825,0.31615353,0.42049095,0.30944794,0.35211554,0.32767615,0.31084496,0.5325604,0.46055228,0.4082315,0.5669384,0.6589351,0.330425,0.63026065,0.53998834,0.58546686,0.554432,0.5167776,0.60843015,0.47220215,0.33689454,0.46309942,0.52531326,0.49876815,0.27142742,0.30806965,0.31098473,0.38311997,0.22878802,0.28830475,0.30354285,0.3945618,0.35667327,0.56489104,0.5753056,0.5374027,0.50497204,0.39611134,0.3861374,0.48782992,0.48909894,0.34773836,0.36353695,0.5050941,0.52130365,0.32715517,0.44100627,0.3752827,0.3567835,0.42349187,0.37404156,0.3523437,0.39018494,0.4487373,0.27555647,0.32620138,0.44539922,0.32358018,0.4956496,0.3029895,0.2854685,0.35211337,0.4088538,0.375909,0.4882339,0.50179636,0.5040465,0.4487843,0.45910597,0.4072203,0.4394545,0.49026477,0.53895867,0.47481662,0.5409005,0.48972094,0.6034597,0.53291136,0.6134149,0.3934828,0.49397904,0.47849938,0.41163683,0.25090277,0.3498218,0.39657068,0.32481733,0.46717596,0.45316577,0.48366627,0.33253348,0.48088765,0.38053265,0.31702548,0.23658346,0.4919512,0.66256654,0.6591932,0.3803924,0.39481688,0.36932537,0.60086364,0.441191,0.39862818,0.42379618,0.44394732,0.41342795,0.6351465,0.5358714,0.40635937,0.5796557,0.5938621,0.421527,0.34180582,0.4160165,0.36547172,0.52688825,0.38344726,0.43115708,0.41980377,0.40075722,0.45624232,0.6586748,0.5780816,0.47607592,0.34965587,0.44013423,0.4971908,0.47881702,0.43485633,0.4556512,0.46067145,0.4481441,0.46042493,0.453462,0.44544443,0.44633946,0.48728034,0.49471784,0.40466216,0.43536443,0.40975678,0.42011032,0.42823744,0.43795767,0.44314036
159,0.38086036,0.35740316,0.33626157,0.38935208,0.39558813,0.3832593,0.38638043,0.33851078,0.32920623,0.27300784,0.26461983,0.35632235,0.2813963,0.45382616,0.429232,0.31835312,0.3505563,0.43901873,0.33158186,0.39587688,0.39656413,0.38626045,0.40213907,0.3492061,0.33987918,0.4147393,0.4118901,0.39344227,0.46984464,0.7090499,0.5845466,0.52428013,0.6765693,0.58077955,0.67198104,0.31664607,0.31861943,0.30071685,0.37118903,0.30901706,0.32037154,0.37343103,0.27696878,0.2588426,0.34440386,0.33844963,0.3857692,0.33210865,0.40589526,0.2876953,0.37171307,0.3908781,0.32454696,0.37768167,0.3144703,0.33411914,0.30326223,0.27274635,0.31698456,0.27169114,0.5304875,0.46795812,0.31615552,0.50850284,0.63764966,0.41125327,0.5321141,0.44483328,0.5217757,0.4992892,0.51652884,0.4703419,0.37470257,0.33986467,0.3781456,0.40449092,0.45459652,0.17004798,0.23758797,0.21482122,0.35039553,0.15381649,0.24089153,0.20544581,0.3137076,0.29126835,0.46860382,0.5906604,0.45136046,0.50135183,0.28758734,0.3585875,0.47443894,0.446294,0.32289806,0.27022237,0.4069875,0.46152335,0.28997144,0.37783617,0.386827,0.3450548,0.39930072,0.34655666,0.28264397,0.31036675,0.42522803,0.24303208,0.24235387,0.41717088,0.29289985,0.42147142,0.24767834,0.21826822,0.28570896,0.2944368,0.30255613,0.50195843,0.52470106,0.504651,0.43847755,0.40962967,0.43905088,0.4087082,0.43755484,0.5225985,0.4097731,0.5391648,0.436319,0.5169577,0.5212078,0.613282,0.35630578,0.4448302,0.4650634,0.27823266,0.23215441,0.3515814,0.3116243,0.26702437,0.50465626,0.40711975,0.42205906,0.27720767,0.35818347,0.36096373,0.26166677,0.15446855,0.4360003,0.5941106,0.6021465,0.3245406,0.38900185,0.3222222,0.5221514,0.3654328,0.33243433,0.4060263,0.40181014,0.42463222,0.61396396,0.38944235,0.3865463,0.5751192,0.5876581,0.3669565,0.28870314,0.41814914,0.23969434,0.39642042,0.24671988,0.4221642,0.44577906,0.37238744,0.43624812,0.68011314,0.48763832,0.40287066,0.30492267,0.36623544,0.38383958,0.3935243,0.33203876,0.3666341,0.37293068,0.39122123,0.3814506,0.32284826,0.3047702,0.32443574,0.24697588,0.35954124,0.28851148,0.49682176,0.45940426,0.29573712,0.37046474,0.50094354,0.34713185,0.39568982,0.4314254,0.38213196,0.42607677,0.35545775,0.28684607,0.45570785,0.46262106,0.48528415,0.47440314,0.64139825,0.61730236,0.6087657,0.71333605,0.5525634,0.6801571,0.30856255,0.30913728,0.30756715,0.3336318,0.30402505,0.30097154,0.33856347,0.2865557,0.3006895,0.33987296,0.33755338,0.37000003,0.3196813,0.39127088,0.36388636,0.34400436,0.36544207,0.32314742,0.33833882,0.28428394,0.37864187,0.29127896,0.35148016,0.3028527,0.27211282,0.53737354,0.4401079,0.39628798,0.56615686,0.68377304,0.3614078,0.62308425,0.5241865,0.5857057,0.56489164,0.5183681,0.62382436,0.45198318,0.32405734,0.47074807,0.54542315,0.47990808,0.25877365,0.3357803,0.33932328,0.39154017,0.24026455,0.27092135,0.27523696,0.3564405,0.32684004,0.5462665,0.6026081,0.5273866,0.5150285,0.36662656,0.40172502,0.48970097,0.4873787,0.36339724,0.3525991,0.47783068,0.49590242,0.28792557,0.4009266,0.33268565,0.31868097,0.3876043,0.35204747,0.31441587,0.35090768,0.4219702,0.24480587,0.302605,0.4353223,0.3086926,0.48546377,0.2644507,0.25667888,0.32884493,0.36640885,0.3608027,0.5049483,0.49855247,0.5090632,0.4291598,0.4714162,0.38691118,0.41534162,0.47427258,0.5486081,0.5036773,0.55040497,0.47848588,0.5791555,0.5333216,0.627964,0.4033201,0.49586204,0.494827,0.436521,0.2424438,0.35619137,0.38913774,0.32872826,0.46926928,0.43464577,0.49853736,0.3177382,0.475749,0.41461062,0.2710219,0.21395668,0.45635837,0.6587281,0.6501471,0.33635885,0.35598153,0.35952392,0.6415161,0.40266782,0.37035444,0.4107353,0.40586838,0.39509782,0.6061345,0.5319938,0.41159865,0.587763,0.61530334,0.4297036,0.32020825,0.3790572,0.3614194,0.48642367,0.38539454,0.43078193,0.39251828,0.36901596,0.44261447,0.6782217,0.56252146,0.467733,0.33341846,0.42450488,0.5019425,0.47477695,0.4521444,0.47029993,0.451376,0.4419915,0.45385355,0.4477405,0.43788937,0.43955365,0.49618748,0.50372034,0.39778313,0.42995968,0.4026237,0.41201642,0.4132342,0.42327368,0.43329376
160,0.37558338,0.34470686,0.3107623,0.3810582,0.39230657,0.39284074,0.3982008,0.33629224,0.3255725,0.2747549,0.28722948,0.3685879,0.25670883,0.42571777,0.39267826,0.30792698,0.36617517,0.44835365,0.3362821,0.4107126,0.40399995,0.4061229,0.3911857,0.33516422,0.34639978,0.42542467,0.40464336,0.38549083,0.4722768,0.70119464,0.58540916,0.51127726,0.68877363,0.57648045,0.65998435,0.32091108,0.31605744,0.29789343,0.38028014,0.31011856,0.3191881,0.37091464,0.27270806,0.25944334,0.35020682,0.3623634,0.37112755,0.33275715,0.40939024,0.31565604,0.36220598,0.37510446,0.31934965,0.35984942,0.30895686,0.32234937,0.31703684,0.29207703,0.3077468,0.2627045,0.5305184,0.47034195,0.32383046,0.51535696,0.66727024,0.44532266,0.52503496,0.46013263,0.53580725,0.505962,0.51666266,0.48270845,0.36574745,0.35020164,0.40671167,0.43108144,0.45501554,0.18235755,0.2528569,0.2428226,0.37732938,0.17415562,0.24762541,0.20350403,0.30779016,0.2887598,0.48500997,0.61452556,0.43204957,0.4905558,0.28102833,0.37396094,0.47807577,0.4511607,0.34017506,0.27983692,0.40005594,0.45718232,0.27582258,0.35939765,0.37319958,0.33800054,0.37781078,0.34018,0.2703944,0.3081913,0.40714994,0.23554978,0.24281833,0.42587543,0.2974799,0.42537105,0.23504491,0.21227528,0.2794112,0.29384288,0.3114851,0.51210546,0.52677315,0.5170495,0.42843962,0.42079404,0.43173227,0.39353177,0.43431696,0.52762794,0.43710318,0.54299045,0.44237942,0.50163394,0.5271841,0.6180176,0.37297735,0.44776598,0.49067724,0.3020609,0.25514227,0.37058106,0.3203136,0.26582393,0.50539905,0.3972513,0.43593073,0.27612963,0.34867817,0.38975832,0.25331724,0.1601611,0.41234457,0.59897846,0.602099,0.3027459,0.37218255,0.3192044,0.55551493,0.34740224,0.3288546,0.41160756,0.3877664,0.41069877,0.598525,0.3901373,0.4021023,0.5839903,0.62756693,0.37187144,0.28401688,0.40190023,0.2548286,0.37754452,0.25362748,0.4318556,0.4260804,0.35653937,0.4219681,0.68554205,0.47464597,0.38817057,0.30129454,0.36427015,0.37601066,0.38012606,0.30778688,0.35445446,0.3710163,0.3991496,0.38827348,0.3198779,0.30181333,0.32187828,0.25438794,0.36997923,0.26801103,0.46521395,0.42336002,0.2793452,0.39465967,0.5062618,0.35228077,0.40669966,0.4299954,0.40850326,0.41032568,0.3400448,0.28480187,0.4564905,0.4604022,0.4796354,0.47773042,0.63744664,0.62439805,0.5908486,0.70776623,0.5487299,0.66809845,0.31271565,0.30340472,0.3034784,0.34064928,0.29937688,0.29626513,0.32699144,0.2814075,0.30157232,0.34615487,0.3543445,0.35524243,0.31872162,0.38493183,0.38259402,0.33678156,0.3500635,0.31715024,0.32101712,0.27606952,0.3601801,0.297834,0.3678934,0.3004551,0.2584168,0.5408898,0.43095008,0.3965909,0.5620098,0.6961019,0.39859685,0.6146881,0.5100391,0.5896825,0.57627016,0.5302997,0.63101506,0.43810263,0.3267589,0.49150142,0.56898314,0.46345332,0.2637422,0.36961722,0.37293458,0.4080453,0.26704624,0.26918387,0.26856214,0.33003512,0.31489208,0.533701,0.6228873,0.5179811,0.51879966,0.34834704,0.42253765,0.4878862,0.48820752,0.3904763,0.35617077,0.45367536,0.47652733,0.27062592,0.38278392,0.31707248,0.30518803,0.36723718,0.34490147,0.2995159,0.33626607,0.40371755,0.23504454,0.2973024,0.43454808,0.30923578,0.4772683,0.24913421,0.24493384,0.32769278,0.3570676,0.36747977,0.52020586,0.49959096,0.51627254,0.4271584,0.48321807,0.38391304,0.40234354,0.46316543,0.56001437,0.53154796,0.5579102,0.48064992,0.5597251,0.5371785,0.6377613,0.4189933,0.50360245,0.51421666,0.4695714,0.25603044,0.37982967,0.39535218,0.34574267,0.4768602,0.428082,0.5156329,0.31679314,0.47255173,0.45392767,0.2560982,0.21428984,0.42935616,0.65405804,0.63807076,0.3142415,0.33846194,0.36812252,0.67155,0.38457322,0.3669796,0.4116218,0.38613534,0.3901572,0.58398086,0.53118587,0.43077582,0.59004927,0.630106,0.43332496,0.31533614,0.36420432,0.37073305,0.45297208,0.3942232,0.43373573,0.37524816,0.3553361,0.43575698,0.6829878,0.54596907,0.45907643,0.33655575,0.4235744,0.49697435,0.47112498,0.46686918,0.48305658,0.44770235,0.43916342,0.45243788,0.44869655,0.43699804,0.43836084,0.50764406,0.51330096,0.39585537,0.4272488,0.3993578,0.40802926,0.41035733,0.41824135,0.43040544
161,0.38803297,0.35725707,0.3125689,0.39377436,0.40650177,0.41387364,0.4221097,0.3515291,0.34135434,0.29296136,0.320104,0.39508933,0.26634845,0.41419274,0.3726804,0.32291594,0.39140546,0.46630672,0.3590437,0.43709508,0.42299676,0.4329512,0.39941058,0.34287408,0.37050223,0.44806546,0.4102081,0.3937584,0.4762329,0.69065994,0.5856445,0.5104705,0.69742054,0.57709587,0.6491501,0.34168777,0.33566898,0.31636342,0.406509,0.32817742,0.33777452,0.39263898,0.2847131,0.281758,0.37474933,0.39415488,0.38368767,0.35262552,0.4285799,0.35633948,0.37416488,0.38349527,0.3335198,0.36462945,0.32112798,0.3330103,0.35021988,0.3287441,0.3211235,0.27659577,0.5333529,0.4797958,0.34374052,0.52579445,0.6829334,0.47799033,0.52416444,0.48177952,0.5554039,0.52228314,0.52300733,0.50049216,0.36361563,0.3752749,0.44376007,0.4666607,0.45916995,0.21475507,0.27781075,0.27642047,0.4051372,0.20944192,0.26592508,0.22266142,0.31236264,0.3031657,0.5134347,0.63270414,0.4206346,0.4869243,0.28843224,0.38777927,0.47738743,0.46541715,0.3646846,0.30698395,0.39796755,0.461473,0.28033397,0.36404085,0.37704322,0.34980464,0.37601578,0.35395277,0.2835544,0.3294797,0.39795807,0.24992673,0.26798058,0.44266266,0.31660864,0.44074667,0.24525675,0.22913353,0.29666147,0.32378134,0.34038204,0.52057004,0.52854156,0.5279657,0.43643212,0.43558323,0.43381268,0.39628273,0.4400702,0.5333563,0.46346503,0.5478655,0.45842224,0.49281862,0.5329736,0.62057155,0.39275134,0.4535082,0.51172173,0.3413024,0.29539695,0.39874035,0.34294906,0.28238457,0.50783366,0.39743575,0.45095122,0.28872374,0.35137537,0.41725516,0.27321863,0.1873423,0.4008105,0.6046639,0.6010324,0.30524698,0.37763906,0.33336058,0.5792322,0.35644287,0.35361847,0.42680734,0.39272082,0.409729,0.58914334,0.4044449,0.42467943,0.58091056,0.64736843,0.38149542,0.302916,0.40406638,0.28577468,0.37074873,0.2727852,0.4443816,0.41787934,0.36410606,0.41898993,0.68469447,0.46680623,0.38407588,0.3174582,0.37964278,0.3863101,0.38805586,0.31181905,0.36535585,0.38656688,0.4205006,0.4108889,0.3383664,0.3214472,0.33356592,0.27582306,0.39229265,0.27982944,0.44379294,0.3963315,0.29226997,0.42297712,0.5144772,0.37786233,0.43024632,0.44437155,0.4391339,0.4147022,0.34537148,0.30042788,0.46669057,0.4622449,0.4806246,0.48017263,0.6337456,0.6216277,0.5725469,0.70023465,0.5464537,0.65544754,0.33652088,0.31909364,0.31778583,0.36668497,0.31633747,0.31582353,0.34361362,0.29951322,0.31913352,0.37041807,0.38142765,0.37320474,0.3422145,0.40001693,0.4061277,0.3518494,0.36297858,0.33295667,0.33177513,0.29210585,0.3690815,0.32554457,0.39341897,0.32026148,0.27022398,0.5450003,0.43073124,0.3997413,0.5534361,0.6948276,0.42778713,0.60109746,0.4922316,0.59516245,0.5812183,0.54362243,0.62956476,0.42236194,0.34266827,0.51794285,0.5858226,0.4464896,0.28442568,0.39097905,0.3943826,0.41703463,0.30041265,0.276542,0.28221485,0.31166855,0.31802803,0.5257106,0.6330513,0.5085558,0.514323,0.340632,0.44039685,0.48215377,0.49200976,0.41216427,0.37249473,0.4277104,0.4615154,0.2770719,0.3871435,0.32858974,0.31452262,0.3663663,0.35416028,0.30937642,0.34587744,0.3972945,0.247408,0.31059057,0.44049904,0.3186794,0.47334164,0.25923914,0.25373685,0.34836218,0.38048312,0.3931392,0.5293958,0.5017125,0.5222669,0.43945172,0.4899619,0.3949247,0.40389186,0.45808047,0.56576854,0.5470757,0.5585503,0.49012563,0.53997743,0.54099244,0.63935643,0.42681494,0.50976026,0.5290246,0.49888727,0.28720587,0.41277808,0.4093456,0.37011757,0.48590857,0.42905158,0.52446496,0.31995517,0.45712936,0.47856146,0.27296957,0.2369254,0.40349644,0.64325845,0.61655575,0.31629452,0.34414503,0.38998225,0.68088955,0.39022407,0.38969782,0.42218456,0.38874298,0.3982685,0.56854635,0.5241728,0.45565456,0.5863813,0.6343443,0.43299744,0.32732219,0.37137997,0.38446048,0.42611226,0.4011107,0.4382827,0.3722161,0.36103463,0.4373584,0.67018735,0.52249974,0.4520222,0.35519138,0.43726805,0.48546332,0.4694104,0.47654483,0.49159572,0.44984755,0.44159997,0.45449564,0.45451713,0.44182077,0.441925,0.5170302,0.51935863,0.40090713,0.42851114,0.40292352,0.41084865,0.4185659,0.4228701,0.4339942
162,0.41147688,0.3882477,0.3353339,0.4197901,0.43132284,0.4391258,0.44916844,0.37720105,0.3678492,0.3204526,0.35072598,0.42462125,0.3053169,0.41354924,0.362442,0.35881454,0.4208207,0.48289075,0.3907039,0.46631548,0.44650546,0.45412165,0.42033318,0.36702707,0.4024712,0.47231498,0.4203783,0.40944287,0.47088996,0.6735846,0.57893956,0.51556164,0.69637394,0.5765377,0.636306,0.36991662,0.36887836,0.34736228,0.43763897,0.3580197,0.36899373,0.42970437,0.30824837,0.31937572,0.40652612,0.4219924,0.4173833,0.3844252,0.45718595,0.39522114,0.39845568,0.40921932,0.35958552,0.3888587,0.34740674,0.36192936,0.39237544,0.36989555,0.3496731,0.30803555,0.5383949,0.4905246,0.36430684,0.53378445,0.6823398,0.5017881,0.5248863,0.49965167,0.57393426,0.539869,0.53296924,0.5165411,0.36129165,0.40523526,0.47737655,0.50105375,0.4623721,0.2620077,0.30162817,0.30356574,0.41970384,0.25095144,0.28729358,0.25982717,0.32060778,0.32697228,0.54136693,0.6403383,0.41134226,0.48678905,0.30580306,0.39698902,0.47240165,0.48410156,0.38245222,0.34517458,0.3949455,0.4690759,0.30110464,0.38423225,0.39546883,0.37366745,0.39044297,0.38208133,0.31837305,0.3658136,0.39722934,0.28030658,0.31209084,0.4604319,0.34047925,0.4630137,0.27546334,0.26549715,0.3325318,0.37603635,0.37930626,0.5242061,0.52641386,0.53193885,0.45388827,0.4487676,0.43982583,0.4108687,0.44832164,0.5336394,0.47972602,0.5453237,0.47325534,0.48422024,0.53467476,0.6176341,0.40402877,0.4575388,0.51982075,0.38397732,0.34078953,0.4262389,0.37028137,0.31157878,0.5062648,0.4018412,0.45681664,0.30300146,0.3537923,0.4295828,0.31561068,0.23255612,0.3938222,0.60289973,0.59213823,0.32947615,0.3989985,0.36046925,0.5847357,0.38753346,0.39975765,0.44468334,0.41213113,0.4206627,0.57746947,0.42012563,0.44663912,0.56918794,0.64250106,0.394339,0.33884317,0.4180054,0.32166296,0.36917698,0.2960695,0.45507073,0.42144257,0.38792226,0.4244985,0.6725482,0.45825645,0.3899646,0.3453739,0.40691262,0.40856278,0.41185912,0.3379724,0.39217737,0.4124853,0.44720796,0.44044435,0.3709995,0.35523155,0.35332012,0.30566594,0.41900334,0.31871748,0.42961556,0.37380764,0.33148327,0.44776565,0.5190725,0.41394424,0.45856804,0.46640503,0.46129718,0.4342889,0.36648613,0.32967675,0.48160166,0.46212706,0.48228917,0.47235957,0.62348706,0.60285515,0.5531993,0.6870865,0.5380415,0.638556,0.37002367,0.3502986,0.34373727,0.4014233,0.35010096,0.35237205,0.38144872,0.33516502,0.34714323,0.40307972,0.4104893,0.4160784,0.38172996,0.43062806,0.4249651,0.3802875,0.3949711,0.36216,0.36629352,0.32761595,0.4004722,0.36505395,0.41732657,0.3554464,0.30247533,0.54855984,0.43371382,0.39728954,0.53837377,0.6791749,0.4391226,0.5792322,0.4675281,0.5979122,0.5746304,0.54834145,0.61909366,0.40056676,0.3665978,0.541155,0.5901293,0.4282718,0.3151416,0.38828814,0.3921026,0.40846094,0.32978728,0.28606457,0.31033695,0.29845482,0.33026332,0.51947176,0.63041234,0.4968264,0.50132656,0.34126356,0.44801572,0.4734544,0.4975106,0.4148465,0.3968631,0.39788485,0.447975,0.303035,0.4065065,0.36115053,0.34006944,0.3824028,0.376977,0.33928806,0.37222064,0.40164977,0.27864277,0.33738568,0.44811207,0.32950053,0.47318065,0.29140875,0.28180882,0.38414618,0.4261004,0.42945457,0.53007823,0.5009404,0.5233229,0.45725998,0.48934045,0.41240346,0.4174565,0.45757264,0.5602658,0.5450933,0.54896224,0.49799272,0.51623267,0.5410004,0.63049114,0.4184492,0.508046,0.5331214,0.51309794,0.32736078,0.44482777,0.42286712,0.39498067,0.49091744,0.43241,0.5190876,0.31888723,0.4216414,0.47723675,0.3160382,0.27742758,0.37477365,0.6220144,0.5807689,0.3398051,0.3684272,0.4178515,0.6658276,0.41332924,0.4316952,0.43787262,0.40918776,0.41566962,0.55382997,0.50377274,0.47670174,0.57667863,0.6250377,0.4311032,0.35164362,0.39319584,0.39376098,0.40288803,0.40120134,0.44281694,0.38271698,0.3812818,0.4448747,0.6400618,0.4910654,0.44762495,0.3802705,0.45885405,0.47315955,0.47050124,0.4802065,0.49446788,0.45600125,0.44929475,0.45678142,0.4611223,0.44946915,0.44797018,0.5199183,0.518538,0.4120158,0.43428835,0.41381347,0.42079845,0.43298367,0.43395784,0.44134578
163,0.43648955,0.42525625,0.36836168,0.44802424,0.4572518,0.46206027,0.47223857,0.40453392,0.39485374,0.34777275,0.3696912,0.44515076,0.363846,0.4149717,0.35434118,0.40861788,0.45193928,0.4879828,0.42237806,0.48994058,0.4657954,0.461104,0.44237953,0.3983468,0.43025357,0.48807013,0.42441937,0.42071044,0.449645,0.6438192,0.55897313,0.5187274,0.67808646,0.5673389,0.61546284,0.39605963,0.40281022,0.3785099,0.4604183,0.3917823,0.40268028,0.4677305,0.3367731,0.3608139,0.43185753,0.43725583,0.46027932,0.4202174,0.48739216,0.4211959,0.4236971,0.44115648,0.38840917,0.42480505,0.38100624,0.40120706,0.42998445,0.40071937,0.38140708,0.3469733,0.541577,0.49643472,0.37628582,0.53238815,0.66385204,0.5114705,0.52261937,0.5037311,0.5831972,0.54991674,0.54042864,0.5235548,0.35558888,0.4302813,0.4977766,0.5246549,0.46157897,0.31403375,0.31591016,0.31777498,0.41319227,0.2875655,0.3046583,0.30706832,0.32719097,0.35084152,0.55573356,0.63350517,0.39915356,0.48532006,0.32826898,0.40093678,0.46487653,0.500241,0.3850346,0.38532844,0.38731903,0.4721299,0.33275798,0.40975475,0.42250046,0.401123,0.413259,0.41532236,0.36629525,0.4045151,0.40212303,0.31794462,0.3635732,0.47257334,0.35907474,0.48392636,0.31883863,0.31409952,0.37832177,0.43583,0.4173259,0.5210324,0.5174558,0.52547383,0.4697166,0.45668235,0.4430987,0.427738,0.4516363,0.524174,0.48230803,0.52840495,0.4761399,0.4711368,0.529007,0.6060826,0.40027836,0.4572577,0.5102569,0.4168247,0.3776212,0.4467139,0.390959,0.3445793,0.49410963,0.40514025,0.44809666,0.30973163,0.34595236,0.42251813,0.37050435,0.2868739,0.38564056,0.5864266,0.5694263,0.3693125,0.42568135,0.3965024,0.56992203,0.4291598,0.4549563,0.4609291,0.43707222,0.4404375,0.55322397,0.42576477,0.46343452,0.5514482,0.61275774,0.40811443,0.38073593,0.43499786,0.35111368,0.36618698,0.316701,0.46069828,0.43284443,0.4165263,0.43243784,0.6444724,0.44636706,0.4023169,0.373583,0.43588743,0.43353862,0.4399093,0.3748897,0.4238814,0.43934852,0.47077447,0.46741685,0.40729085,0.3921593,0.3735612,0.33802027,0.44056317,0.37407374,0.41739967,0.35282978,0.38992125,0.46688694,0.51247567,0.44954363,0.48323703,0.4847795,0.46724728,0.45672798,0.3948348,0.3643208,0.4938514,0.45326862,0.47593614,0.449991,0.59799033,0.5650498,0.5319838,0.6618534,0.5172513,0.6119632,0.40148056,0.3864294,0.37151572,0.43218595,0.39215845,0.39429304,0.42684346,0.37806973,0.37655246,0.4309083,0.43454748,0.46868166,0.4256632,0.46742138,0.43442884,0.41101986,0.43272898,0.39469156,0.41519424,0.37334228,0.44465262,0.40366542,0.43062833,0.39385045,0.34550908,0.5478086,0.4346891,0.3863161,0.51529926,0.6488472,0.4313504,0.54734766,0.43712258,0.5922997,0.55434114,0.5374835,0.59849906,0.37479523,0.39158502,0.552165,0.58018523,0.41097912,0.34927762,0.36210987,0.3680486,0.3823153,0.34813145,0.2935119,0.3439591,0.29071012,0.3453243,0.5115653,0.6128835,0.48043442,0.48218438,0.34840786,0.4423531,0.46360192,0.50207984,0.3950451,0.42364517,0.36677003,0.43426785,0.34071124,0.4302133,0.40425226,0.3726528,0.40787062,0.4073765,0.38009182,0.40397412,0.4123304,0.32222772,0.37000278,0.45199025,0.33708173,0.4745985,0.33835503,0.32465857,0.4254808,0.476921,0.46653873,0.522217,0.49391595,0.5168548,0.47023234,0.48173258,0.4270406,0.4359146,0.45772853,0.5413187,0.5276849,0.5266399,0.4950497,0.4868625,0.53364754,0.6100425,0.39461058,0.4959634,0.52359027,0.5049996,0.3666085,0.4692472,0.42709658,0.4139435,0.4851162,0.433556,0.49885738,0.31134516,0.36900717,0.45167425,0.37454635,0.32721528,0.34508234,0.5873469,0.53017026,0.37792957,0.40216923,0.44554645,0.62795883,0.44092774,0.480737,0.45583245,0.43640217,0.43716064,0.5311357,0.46807396,0.4874395,0.560226,0.60044634,0.4300573,0.38105962,0.4191467,0.3937204,0.38158122,0.3953714,0.4456971,0.40271243,0.40701616,0.45302373,0.5943557,0.45586544,0.4454523,0.40193066,0.47790173,0.46516517,0.47403163,0.47831127,0.49116752,0.46320096,0.4605135,0.4562436,0.46435145,0.45637703,0.45364577,0.5139001,0.509485,0.42638007,0.44397062,0.42993402,0.4357797,0.447323,0.44676092,0.44895017
164,0.45464116,0.45451388,0.40106562,0.4681235,0.4752212,0.47697103,0.4857451,0.42648533,0.41413102,0.36788893,0.3743801,0.44938418,0.42742997,0.41269615,0.34507564,0.46224517,0.48199704,0.47418752,0.44627315,0.5006755,0.47301838,0.45060408,0.4543177,0.4277792,0.44474474,0.48869285,0.41464305,0.4181833,0.4124789,0.595361,0.5228554,0.51378816,0.6356703,0.54445827,0.58090675,0.41351503,0.42551374,0.39902505,0.4649999,0.42228147,0.429823,0.4925439,0.36565027,0.39521667,0.43983772,0.43554515,0.4985978,0.45220116,0.51045585,0.42898807,0.4402425,0.46827877,0.41252708,0.46306005,0.4151234,0.4439352,0.4523296,0.41185036,0.40469864,0.38375026,0.53884023,0.49415666,0.3764721,0.51843226,0.62769765,0.50505984,0.51318,0.48909527,0.5758782,0.545412,0.53973013,0.51705396,0.34811044,0.444286,0.4992925,0.53035754,0.4552859,0.36092237,0.31797653,0.32070616,0.38592005,0.31231958,0.31628415,0.3550124,0.33087066,0.36891818,0.5482203,0.6093663,0.38267535,0.47866467,0.35303235,0.40095243,0.45706165,0.507491,0.3703742,0.4190597,0.37584946,0.46551055,0.37095118,0.4325569,0.4518625,0.42504972,0.43553013,0.4449784,0.4167089,0.4342765,0.40956098,0.35596132,0.4105269,0.47404644,0.3677393,0.49644643,0.3685803,0.36669746,0.42583072,0.48748496,0.44538313,0.509473,0.5007647,0.5076593,0.47546986,0.45734474,0.43860555,0.43848768,0.4447062,0.5028774,0.4722556,0.493318,0.46053904,0.45084134,0.51331043,0.5826309,0.38153177,0.45165086,0.48196918,0.43057472,0.39657864,0.45642036,0.3970515,0.3724311,0.4662499,0.40433714,0.4239712,0.30601484,0.32559648,0.3986837,0.42707035,0.33880526,0.37428755,0.5495782,0.53014046,0.41625288,0.44820645,0.43706372,0.5369332,0.46721387,0.5042606,0.47190693,0.4576068,0.46477073,0.5093068,0.41578633,0.4722063,0.5295928,0.561037,0.42040035,0.41675732,0.44823632,0.36802065,0.36098272,0.33146736,0.45963234,0.44735873,0.4394497,0.43707222,0.5964744,0.43133378,0.41694796,0.3940149,0.45724726,0.4528269,0.45913893,0.41045594,0.44958448,0.45851249,0.4838222,0.4835063,0.43803158,0.42252824,0.38837355,0.36849612,0.45046356,0.43104482,0.40399474,0.33415386,0.4555837,0.47949615,0.488352,0.47445166,0.49630925,0.48833096,0.45503122,0.46870038,0.4218673,0.39628124,0.49640042,0.43100202,0.45466977,0.41352084,0.54991674,0.5093666,0.5078439,0.61794806,0.4815694,0.57065964,0.4221085,0.41636255,0.39235738,0.44874984,0.43347588,0.4297667,0.46443123,0.41869667,0.39961126,0.44177753,0.4477279,0.51318425,0.46210578,0.4989475,0.43240604,0.43466792,0.46330062,0.422103,0.46646625,0.41860908,0.49131224,0.43040505,0.42843893,0.4234496,0.3886356,0.5392735,0.43138546,0.36875117,0.4852197,0.6042526,0.40894035,0.5042718,0.40455157,0.5723903,0.5194099,0.5078589,0.5662173,0.34997106,0.4119539,0.54365337,0.5539441,0.3968347,0.382051,0.32107916,0.3336209,0.34501472,0.35415578,0.29847667,0.37445933,0.29082832,0.35943514,0.49787948,0.57925385,0.45897,0.46131194,0.36098754,0.4249421,0.45461053,0.5030246,0.3575616,0.44741768,0.3386492,0.42004332,0.38243076,0.4500585,0.44626218,0.40331933,0.43387738,0.43877217,0.42101526,0.43071106,0.42450953,0.3712473,0.4022277,0.44841865,0.34126118,0.47597477,0.391479,0.37722448,0.46424377,0.5163549,0.49505115,0.5065619,0.47892544,0.5022105,0.47105184,0.46841133,0.43181828,0.45175165,0.45442647,0.50958616,0.5000504,0.4904594,0.4751537,0.45091596,0.5154432,0.5765733,0.36120266,0.47337514,0.49953848,0.4716783,0.39670387,0.48191863,0.41612822,0.42234483,0.46278256,0.4293138,0.4651891,0.3003727,0.31007886,0.41007543,0.43538097,0.375873,0.31877464,0.53697395,0.46838006,0.4213213,0.4356554,0.4676368,0.57187635,0.45865437,0.5224777,0.47245347,0.4575113,0.4578714,0.49398208,0.4202326,0.48395193,0.5364038,0.5599972,0.43199328,0.4084257,0.44030407,0.38414708,0.3631679,0.38661745,0.4458591,0.42792916,0.42927364,0.45716897,0.5358044,0.4216091,0.44414353,0.41442728,0.48561034,0.46366444,0.47856468,0.47254732,0.48204884,0.46798882,0.47235394,0.45098206,0.46148488,0.45941746,0.45632604,0.49886715,0.49280775,0.4414975,0.45583895,0.44802344,0.45243722,0.45615697,0.45651433,0.45364612
165,0.46137065,0.46677765,0.42633194,0.4740995,0.47967958,0.47985104,0.48584053,0.43907446,0.42154548,0.37935868,0.3685395,0.43686745,0.48081765,0.4063686,0.33663854,0.5079124,0.5059247,0.44052324,0.45701784,0.49443385,0.46469083,0.42496076,0.45040444,0.44891188,0.44280416,0.47204345,0.39173797,0.39998862,0.3667472,0.5276289,0.47424775,0.49757883,0.56743795,0.5076619,0.5312287,0.4196177,0.43132123,0.4049093,0.44798028,0.44502532,0.44511905,0.4950307,0.39344022,0.4177592,0.4271776,0.41752082,0.5206035,0.4738411,0.5186186,0.4188417,0.4425869,0.48215535,0.42770478,0.4936279,0.4442361,0.48461795,0.45540264,0.4039827,0.41423687,0.41388378,0.52945596,0.4845776,0.36736307,0.4951802,0.57837343,0.48458117,0.49273568,0.45812336,0.54830694,0.52210164,0.5286124,0.49661294,0.34268206,0.4449056,0.48034707,0.51475066,0.44252852,0.39775574,0.3110256,0.31871194,0.34561142,0.32538024,0.32541293,0.3977646,0.33416936,0.38153505,0.51704735,0.5676557,0.36452934,0.46537253,0.37991932,0.40015408,0.45085296,0.5027311,0.3429129,0.4411268,0.36442262,0.45009512,0.41325325,0.44836828,0.47753814,0.44139093,0.4500893,0.46543658,0.45999354,0.449744,0.4168471,0.39218053,0.44668686,0.463322,0.36903584,0.4984023,0.41995424,0.4174654,0.46908775,0.51959413,0.4576451,0.48910975,0.47791985,0.48081642,0.46804804,0.45075595,0.42438874,0.43867472,0.42576095,0.47103655,0.45335922,0.4418157,0.4262672,0.42253318,0.48646075,0.54528856,0.3534271,0.44085693,0.43908405,0.42349398,0.39610878,0.45366642,0.38774368,0.39043978,0.423906,0.3993813,0.38890898,0.29545197,0.29861948,0.36493888,0.47652462,0.38066065,0.36110836,0.4913091,0.4767997,0.46048257,0.46110192,0.47569913,0.491571,0.49034256,0.5348677,0.4745436,0.4665346,0.4879492,0.44758317,0.39267674,0.4712206,0.50615793,0.49610507,0.42964485,0.4392716,0.45452854,0.37391767,0.35845503,0.34015435,0.45130542,0.46059063,0.45081,0.43491155,0.5285933,0.41474077,0.4306445,0.40637612,0.46782315,0.46162313,0.46082118,0.43609113,0.46234977,0.46495828,0.4819582,0.48338225,0.45753133,0.4403257,0.39580533,0.39506558,0.44802773,0.47549146,0.39050278,0.3216926,0.5135873,0.4840346,0.44613412,0.48191386,0.49311835,0.47074226,0.42834333,0.4622759,0.44122034,0.42123032,0.48582703,0.3971541,0.4183063,0.36893153,0.47992703,0.44377145,0.480832,0.5540984,0.43431813,0.51416314,0.4284864,0.43338674,0.40282032,0.44635588,0.46644953,0.45090443,0.48239988,0.45169735,0.41345593,0.43070444,0.44620323,0.5349707,0.48239368,0.5150177,0.41880354,0.44543537,0.4771681,0.4389895,0.5070134,0.45409098,0.5308947,0.43987823,0.41197804,0.43841812,0.42451945,0.52310556,0.4254986,0.3498242,0.45369592,0.5489395,0.3796502,0.45151594,0.3747247,0.5355656,0.4714553,0.4622765,0.523094,0.33082893,0.42576787,0.512524,0.50995314,0.38662168,0.41138995,0.27836192,0.3025603,0.30604303,0.35207826,0.3039957,0.39745829,0.30159837,0.37284154,0.47543633,0.53173953,0.43571952,0.4435141,0.37836322,0.4018169,0.44821694,0.49899518,0.31358412,0.46359244,0.31771943,0.4063662,0.4228302,0.46177936,0.4766483,0.4259069,0.4525372,0.46516138,0.45267376,0.44628754,0.43361527,0.42062426,0.43163332,0.4375725,0.34574828,0.47782022,0.44287795,0.4346566,0.49466044,0.53330547,0.50751126,0.48462686,0.4571858,0.4810392,0.45794094,0.45110637,0.42397043,0.45919016,0.4445529,0.46895495,0.46789923,0.44301724,0.4380581,0.40948376,0.48500177,0.53002775,0.3266068,0.44280913,0.46320882,0.4177963,0.4133844,0.48054904,0.39081463,0.4195251,0.4243667,0.4189415,0.42226097,0.2920383,0.2587147,0.36363927,0.48685992,0.41554537,0.3005354,0.47286904,0.40363663,0.4599054,0.46142855,0.479224,0.5057151,0.45787796,0.5451275,0.48309654,0.46368712,0.4736504,0.44333255,0.36864576,0.465343,0.50661075,0.50738674,0.43860847,0.42904913,0.45192704,0.36902308,0.350578,0.37777096,0.44358578,0.45309383,0.44166562,0.45423084,0.4709267,0.39206767,0.44218916,0.41862053,0.48014128,0.46839008,0.4822974,0.46526232,0.46866345,0.46767604,0.48181692,0.4410543,0.45213008,0.45706195,0.45471206,0.4771037,0.47108877,0.45557806,0.46758214,0.4649705,0.46758825,0.45674083,0.46006075,0.45372507
166,0.4568145,0.46168756,0.4410929,0.46572465,0.47042114,0.47076064,0.4726674,0.44090512,0.41698718,0.3865548,0.3609255,0.4130679,0.5128943,0.39968082,0.3337586,0.53533757,0.5185934,0.3961318,0.45375896,0.47370067,0.44507882,0.3933088,0.43330625,0.45772654,0.42762777,0.4408068,0.36542502,0.37345475,0.32496154,0.44990537,0.42344084,0.4693469,0.48234817,0.46131352,0.47148234,0.4149986,0.42260438,0.4001504,0.41386262,0.4581212,0.44753507,0.47371095,0.42035553,0.43056935,0.4006665,0.39104602,0.5194719,0.48212746,0.50835216,0.3971634,0.42981493,0.47804025,0.43251035,0.50743234,0.46423706,0.51711637,0.44283578,0.38682777,0.4129568,0.43828115,0.5156958,0.47102746,0.35412344,0.47064528,0.5251562,0.45641693,0.45822412,0.41957843,0.5027926,0.47946492,0.5082673,0.46471378,0.34103286,0.43244696,0.44408113,0.47987804,0.42242914,0.42544863,0.30245727,0.31933668,0.30537888,0.33302456,0.33752617,0.4345147,0.34032565,0.39338824,0.46741155,0.513065,0.34939256,0.44645104,0.40958184,0.40301248,0.44713387,0.4870657,0.31412745,0.4510043,0.35665533,0.43143606,0.45633692,0.45499647,0.49360594,0.44854236,0.45277962,0.47404873,0.48953402,0.45207393,0.42145997,0.42737943,0.47217894,0.4440932,0.37005103,0.49251518,0.46870404,0.46346557,0.5035145,0.52723837,0.45320392,0.46212348,0.452663,0.45056924,0.44960782,0.43938944,0.40277532,0.42792335,0.3976495,0.4346675,0.4315592,0.3834269,0.38077438,0.38730887,0.45068973,0.49525604,0.32477066,0.42573062,0.39258072,0.40311676,0.38298607,0.4409856,0.36987844,0.4008967,0.37817332,0.39297065,0.35332143,0.28560096,0.27464202,0.3324412,0.5127477,0.41184884,0.34790128,0.4193172,0.4170779,0.49279276,0.46283793,0.504417,0.44386536,0.4943293,0.54077196,0.46859375,0.4623009,0.5034658,0.38127616,0.36481568,0.46159914,0.48429117,0.43267608,0.43619013,0.44709703,0.45280445,0.37577125,0.36404976,0.34385645,0.43659514,0.46765378,0.44892856,0.42506617,0.44970933,0.39697707,0.44131723,0.41643828,0.47080263,0.45934218,0.4450052,0.44822812,0.46070597,0.4589164,0.46623394,0.46722162,0.46332866,0.44308338,0.39872614,0.4188248,0.43782508,0.4987676,0.3812124,0.32025358,0.5509616,0.48024905,0.3954341,0.47167468,0.4760086,0.43575218,0.39703906,0.43911192,0.44858083,0.43943885,0.4640808,0.36181062,0.37608287,0.3274346,0.40239394,0.38283777,0.45235038,0.4794652,0.38442108,0.44919083,0.42209458,0.43720856,0.40619344,0.42651448,0.48557493,0.4557755,0.47594,0.47545448,0.42104816,0.40375942,0.43184486,0.52685946,0.48383728,0.510334,0.3983828,0.44130388,0.4698609,0.4427232,0.5253348,0.47388467,0.5549426,0.43346268,0.38919863,0.4406659,0.45065004,0.5033064,0.42054787,0.33596194,0.42963687,0.4910663,0.3535478,0.39545584,0.35266387,0.48576266,0.41694582,0.4109258,0.47477275,0.3199829,0.43494123,0.4634241,0.45203456,0.37932512,0.43767086,0.24878913,0.28639054,0.2758906,0.3506328,0.31502473,0.41419056,0.32392246,0.38858175,0.44417778,0.47817475,0.4161504,0.43217698,0.39935902,0.38283253,0.445202,0.4904318,0.27828214,0.4701679,0.30723146,0.3948084,0.45797935,0.4632643,0.48802572,0.43757197,0.4578961,0.48166558,0.46977663,0.44943023,0.43522453,0.4670967,0.4589796,0.42399493,0.3557786,0.48146057,0.48630276,0.491452,0.5129028,0.52369857,0.50102156,0.45985124,0.43308523,0.45703945,0.43491802,0.43303204,0.40565547,0.45472714,0.42719302,0.42694145,0.43718848,0.39328033,0.3912948,0.36687165,0.44588697,0.47486156,0.2999503,0.41000184,0.42215064,0.35944617,0.4184679,0.4668374,0.36021462,0.41070014,0.38048032,0.4050917,0.3796036,0.29335183,0.22593717,0.32569584,0.52109987,0.44449753,0.29364923,0.40451995,0.34654555,0.48499313,0.47529447,0.47766632,0.44120032,0.44043353,0.54359734,0.48436567,0.45428196,0.4813916,0.38877323,0.3247612,0.4363725,0.4750115,0.4523944,0.4508231,0.44192156,0.452999,0.3552401,0.34619474,0.37054095,0.44080698,0.47031748,0.44055045,0.44284925,0.41211528,0.36945295,0.43817115,0.4202693,0.4671512,0.4778285,0.4834771,0.4588099,0.45421043,0.46118122,0.48643306,0.42862666,0.4383159,0.44993722,0.44953793,0.45303828,0.44860458,0.46703082,0.47688773,0.47829863,0.47900167,0.44959572,0.4567436,0.44948047
167,0.4447287,0.4450356,0.44602433,0.44728518,0.45156026,0.45365965,0.45101655,0.4331651,0.40292445,0.397179,0.36197084,0.3881071,0.51923156,0.39863816,0.34238797,0.5381591,0.51701504,0.35607103,0.44019678,0.44537488,0.4225616,0.36735582,0.41083732,0.45319995,0.4085643,0.40405753,0.34912354,0.35178018,0.3000952,0.37938097,0.38348666,0.43244746,0.3993308,0.41351637,0.41307694,0.4027439,0.407434,0.3937547,0.37347883,0.46190506,0.43991652,0.43533728,0.4468267,0.44016433,0.37407947,0.36907175,0.49470115,0.47791713,0.48227987,0.3745448,0.40526843,0.45636037,0.42762524,0.49975967,0.47363958,0.5355711,0.42359775,0.37293455,0.4084358,0.46026644,0.5006377,0.45756716,0.34388223,0.45293176,0.47788435,0.4297148,0.41242364,0.38572037,0.44917822,0.42427793,0.48278436,0.4274261,0.3437664,0.4123319,0.4010665,0.4354916,0.39693698,0.44843355,0.3022602,0.32981104,0.2801357,0.34515733,0.3585409,0.46767992,0.35235742,0.4103831,0.4123017,0.4550239,0.3426681,0.4252751,0.44164822,0.41346958,0.44581866,0.46591967,0.297902,0.45279148,0.3561675,0.41737324,0.4944518,0.4512543,0.49573848,0.44612938,0.4431987,0.47077674,0.50286967,0.44586655,0.4222031,0.46278033,0.49036482,0.423654,0.3791971,0.48392218,0.5104135,0.5031819,0.5253174,0.5115716,0.4362384,0.43331233,0.43001783,0.42375168,0.42609608,0.4273219,0.38121784,0.40942007,0.3680782,0.40332577,0.4149265,0.3335666,0.337724,0.35126498,0.41249081,0.43842453,0.3054711,0.40849152,0.35637653,0.38230276,0.3695347,0.42420924,0.35511225,0.4111791,0.34442985,0.39024347,0.33027604,0.28533193,0.2633685,0.31377122,0.53212076,0.4373582,0.33784798,0.350772,0.3627625,0.5075227,0.45565557,0.5177268,0.40617138,0.4806526,0.5220483,0.45681146,0.44805196,0.5075,0.3288365,0.34294164,0.4474725,0.4663832,0.38414142,0.4423455,0.44452488,0.4420215,0.38303635,0.38072017,0.34609056,0.41889456,0.46446368,0.4353098,0.40976807,0.3775649,0.37849542,0.4480868,0.431189,0.47149363,0.4489555,0.41892067,0.44857666,0.4478362,0.44459176,0.4424953,0.4408953,0.45607725,0.43148017,0.40332136,0.443091,0.4277428,0.4987404,0.38135615,0.33403593,0.5603084,0.46975186,0.35134706,0.44920188,0.45213875,0.39512604,0.3726276,0.40831724,0.44302723,0.45505917,0.43897772,0.33884972,0.3431783,0.3012114,0.3385727,0.34142864,0.4247967,0.41078156,0.34232318,0.3878911,0.40761727,0.43283424,0.4097082,0.39628273,0.4892339,0.44833323,0.44903964,0.49100074,0.42900765,0.3754552,0.41280314,0.49060354,0.46950373,0.48623964,0.37966084,0.4241393,0.44342446,0.4333844,0.51617974,0.47768527,0.55774117,0.41804686,0.37049964,0.43666786,0.46823823,0.48444825,0.41900948,0.33267492,0.4202455,0.4398931,0.339736,0.3466627,0.34177837,0.43344605,0.3665948,0.3673313,0.42956004,0.318648,0.44439152,0.41066256,0.3914075,0.37336266,0.46195188,0.24396741,0.29236102,0.26347154,0.35886988,0.33643422,0.4293632,0.35504985,0.41001058,0.4084645,0.42930195,0.40429428,0.42805687,0.42217556,0.37668628,0.4450802,0.47980148,0.26410416,0.46893942,0.30943063,0.38713458,0.48444042,0.45376655,0.47856167,0.43810835,0.4482878,0.4860003,0.47246125,0.4422179,0.42788646,0.5083462,0.4851702,0.41388142,0.3756837,0.48683375,0.5182897,0.541353,0.51665,0.48998174,0.47778746,0.43723333,0.41249058,0.43476522,0.40996188,0.41830683,0.38420305,0.43921006,0.40556142,0.39310643,0.41455287,0.35458305,0.34869125,0.33082643,0.40661904,0.41992792,0.28827655,0.3818575,0.38672584,0.31617397,0.41787177,0.44561777,0.337508,0.40466493,0.34704655,0.39416045,0.34983525,0.30971065,0.21733744,0.3079761,0.5344904,0.46601337,0.29959115,0.34635475,0.30593038,0.49278742,0.47707543,0.46469155,0.39049014,0.41457194,0.51805085,0.47636855,0.43553618,0.48097578,0.34405264,0.2989873,0.40640193,0.44664693,0.40604472,0.467992,0.44943255,0.44415298,0.35100624,0.3508272,0.36537772,0.44059953,0.47329262,0.42638084,0.42521748,0.3731663,0.35423592,0.43170577,0.42591235,0.45462966,0.48924953,0.48074588,0.4548662,0.44230753,0.44967008,0.48486075,0.41722006,0.42391258,0.44049397,0.44300064,0.43176934,0.42999238,0.47457153,0.48196518,0.48641533,0.4855349,0.43789563,0.4480982,0.44287112
168,0.43180355,0.42409906,0.44524547,0.42677033,0.4307621,0.43527004,0.42954075,0.41966105,0.3835468,0.41869128,0.37935853,0.3742246,0.50305766,0.41003263,0.36870298,0.51515955,0.49985233,0.33390456,0.42358997,0.4171745,0.40453383,0.3563556,0.39162138,0.43772718,0.39862496,0.37585834,0.35545197,0.34891558,0.30232874,0.3333229,0.36526218,0.39692333,0.3379262,0.37532726,0.37089783,0.38803452,0.39618054,0.39570218,0.34079486,0.4585313,0.42737365,0.39345607,0.472285,0.4535898,0.3623719,0.36308348,0.4518905,0.46480206,0.44875267,0.36051726,0.37599915,0.42336288,0.4154127,0.47150636,0.4738029,0.5362606,0.40755194,0.37179255,0.4082492,0.48245648,0.48774198,0.44910654,0.3450733,0.44749638,0.4432319,0.41360575,0.3673289,0.36805034,0.40355313,0.37184983,0.45895264,0.39471188,0.35240152,0.39614043,0.36837432,0.3979814,0.37231222,0.47039238,0.32009158,0.35410768,0.28268173,0.37049106,0.39159852,0.4996256,0.3727292,0.43705672,0.3696755,0.40568358,0.35015696,0.40787026,0.47321957,0.4322745,0.44617096,0.44864863,0.30491447,0.45167902,0.366963,0.41584626,0.520449,0.43783227,0.48236284,0.43510643,0.42460454,0.45825225,0.50166494,0.43584692,0.41900185,0.49827984,0.5045946,0.41007575,0.40429044,0.4783493,0.5413155,0.5344994,0.530533,0.47750494,0.41293606,0.40880978,0.41527578,0.40574166,0.40583494,0.4182828,0.36920157,0.3890299,0.34671858,0.3871599,0.41178966,0.30708066,0.31163588,0.3255307,0.38131112,0.38555354,0.3040166,0.39312944,0.34150463,0.37256977,0.36811405,0.4088956,0.35582143,0.4290325,0.33498734,0.3976654,0.3310109,0.30255306,0.2732774,0.31862172,0.53294325,0.46324465,0.33702376,0.30477336,0.32628253,0.50445986,0.44590825,0.5151912,0.38918835,0.4544755,0.48226282,0.4439256,0.42998782,0.5017358,0.30600536,0.3372553,0.43442807,0.45326626,0.35691032,0.4508898,0.43888605,0.42170036,0.4051911,0.40901595,0.352911,0.40377367,0.4490025,0.41433486,0.39366224,0.33090422,0.36204633,0.45164078,0.4550576,0.47466734,0.43675625,0.39249343,0.44385523,0.4310194,0.4290861,0.41978765,0.41484338,0.43945888,0.40968817,0.4162646,0.4703594,0.42635122,0.47980016,0.3951807,0.3656866,0.5402045,0.454393,0.3268089,0.42365527,0.42985842,0.3629277,0.36374182,0.38181174,0.42784673,0.4740832,0.42272526,0.34090504,0.3347954,0.29967606,0.3045157,0.32906616,0.40228447,0.36394584,0.31623203,0.3441329,0.39182684,0.42812777,0.42060068,0.3666592,0.4802145,0.43642506,0.41358274,0.50114006,0.44379058,0.36208943,0.39849693,0.43643218,0.44662923,0.45067933,0.36948362,0.3992807,0.40659675,0.41407713,0.4818363,0.4702785,0.5369285,0.4026426,0.3638282,0.43365937,0.4801292,0.47006357,0.42228886,0.3436054,0.42815632,0.40245405,0.34303775,0.31652102,0.34290516,0.39272112,0.33184922,0.34319964,0.39481005,0.32767946,0.4606836,0.37405753,0.3433287,0.36816972,0.48296636,0.2714934,0.3229179,0.274826,0.38120797,0.370187,0.44742945,0.38783935,0.43874842,0.3776036,0.39471242,0.4024415,0.42960754,0.4446364,0.38632262,0.4462385,0.4720254,0.27758935,0.463264,0.32482922,0.38539457,0.49901116,0.43433976,0.45192865,0.4292987,0.42765775,0.47899103,0.46522862,0.4283264,0.4139312,0.5417676,0.508728,0.41186202,0.4073665,0.49259824,0.5373821,0.5776284,0.50365156,0.43998525,0.44254127,0.42182773,0.40062433,0.41811118,0.3925149,0.41008827,0.36940467,0.41832042,0.38580972,0.37665477,0.40665603,0.3390436,0.32521042,0.3107852,0.37757963,0.3751894,0.2948412,0.3644242,0.3658666,0.3007969,0.416544,0.42160168,0.33489993,0.40909693,0.33791256,0.3948003,0.34398675,0.3422957,0.23540093,0.31784216,0.5263549,0.48366,0.31834352,0.31134745,0.28701347,0.48618844,0.47104973,0.44680366,0.36299613,0.3896717,0.4715275,0.4637238,0.41781345,0.47654146,0.32302654,0.29890606,0.38558087,0.42562783,0.37533143,0.4872137,0.45544004,0.42651984,0.36435333,0.36430892,0.36248365,0.4458245,0.4608643,0.40413895,0.40709445,0.36393902,0.3457797,0.42434585,0.44037127,0.44931924,0.4986971,0.4741091,0.45359656,0.43523535,0.4372659,0.47789022,0.41086924,0.41394228,0.4323284,0.43776214,0.41740084,0.41889247,0.4775394,0.4820658,0.48886287,0.48717597,0.42690307,0.4376634,0.43692943
169,0.42631873,0.40466437,0.44460806,0.41385013,0.4172863,0.4218713,0.4158004,0.40566453,0.36461398,0.45405647,0.41354927,0.38005883,0.4744479,0.43996507,0.4177444,0.470292,0.4652956,0.3373018,0.41137856,0.39480257,0.3949249,0.36447147,0.3825201,0.41467172,0.40699056,0.3672885,0.3948111,0.37475234,0.33792832,0.3221799,0.37461078,0.37577263,0.30912516,0.35838538,0.35734773,0.3773019,0.39786893,0.41302317,0.32862708,0.45096996,0.41437232,0.36309478,0.49403664,0.47419262,0.37646443,0.37670794,0.40112484,0.4474088,0.41776553,0.3583778,0.35098585,0.38916355,0.39965308,0.42890608,0.46769378,0.5188893,0.4003872,0.38680187,0.41678333,0.50467104,0.4801901,0.44967303,0.36409736,0.45639074,0.42400858,0.4135875,0.336536,0.37283936,0.37991837,0.33718354,0.4433501,0.3754995,0.3679752,0.39495012,0.3597751,0.38143513,0.35513046,0.49099666,0.36115077,0.38885164,0.32220244,0.41118854,0.43312144,0.53000593,0.40183854,0.47385186,0.35295346,0.37563252,0.3770551,0.40151015,0.4991456,0.4558063,0.44668877,0.44386217,0.34009457,0.449171,0.3907087,0.43097988,0.5280512,0.41824475,0.45452884,0.4177439,0.40107092,0.43970725,0.48974848,0.42539763,0.4097268,0.5308951,0.5160632,0.40898722,0.44958627,0.4803162,0.55881464,0.55396456,0.5155779,0.4315894,0.38744912,0.39343774,0.41210425,0.39775905,0.3970425,0.4134047,0.3708775,0.37174284,0.33909586,0.39286685,0.4255511,0.31183818,0.3115283,0.31936538,0.36493453,0.34663987,0.32480764,0.38356906,0.35302487,0.37952188,0.3852522,0.39666918,0.38047206,0.457858,0.35701922,0.41998643,0.36221272,0.34242058,0.31208095,0.35100666,0.51556855,0.49172857,0.35163626,0.29159656,0.31552973,0.48796442,0.44157916,0.49812704,0.3972824,0.4235077,0.42737183,0.43371844,0.4155108,0.4904313,0.3243705,0.3551725,0.42551535,0.44411474,0.35030183,0.46293217,0.4365206,0.39421603,0.44743127,0.4480964,0.3695441,0.39543518,0.42000967,0.39100483,0.37991437,0.31966472,0.3506423,0.45347342,0.48789677,0.48377243,0.43099415,0.37346858,0.44272643,0.41959533,0.4206733,0.4066201,0.39908314,0.41925523,0.3853226,0.44140342,0.49851942,0.4386117,0.45206156,0.42542967,0.41567183,0.49404433,0.43328127,0.3290192,0.4043316,0.41561168,0.35003644,0.37408563,0.36969033,0.40709943,0.5000125,0.42569813,0.37684307,0.3617638,0.32802853,0.30816093,0.34950307,0.38987333,0.34917808,0.31165844,0.3294343,0.38222924,0.4300282,0.44298643,0.34886435,0.46372545,0.42792714,0.38406825,0.5090701,0.46750715,0.37517434,0.3926051,0.37974018,0.42373812,0.414731,0.36822528,0.37417328,0.3720587,0.39077058,0.4314288,0.4582058,0.49456733,0.39349017,0.37238452,0.4364406,0.4886703,0.46236497,0.43150228,0.37009057,0.45170665,0.382782,0.3629007,0.31192222,0.35411862,0.37416723,0.3195478,0.34503743,0.3741724,0.34688133,0.4877016,0.36737356,0.31820664,0.36446682,0.49611676,0.33584514,0.37478605,0.31306258,0.41502377,0.41287315,0.46952307,0.4131699,0.4730379,0.36125976,0.3799251,0.41326144,0.4349767,0.46379736,0.40927747,0.44656026,0.4721769,0.32017606,0.45383626,0.3506681,0.38986433,0.4993533,0.40841058,0.41504627,0.4137634,0.4017199,0.46237576,0.45364198,0.41217938,0.39536574,0.5636083,0.5263787,0.41919792,0.4493167,0.49721143,0.54248446,0.59429127,0.4725627,0.3850968,0.39963895,0.41623852,0.40011948,0.4081574,0.39008006,0.4089421,0.36720362,0.39777943,0.37145284,0.38317227,0.41612095,0.3527457,0.33033577,0.31324324,0.36579278,0.34665263,0.31924766,0.36160722,0.36445895,0.31817043,0.4149514,0.3960153,0.3602072,0.42586026,0.36155954,0.4136865,0.36794123,0.38688117,0.2819579,0.35702237,0.4986325,0.49720547,0.3480056,0.30570182,0.29198724,0.47224388,0.4634412,0.43042868,0.36277765,0.37390178,0.41035748,0.4519915,0.41214117,0.47303575,0.3383703,0.3291497,0.37964085,0.41456982,0.36192995,0.5041417,0.4618186,0.40247014,0.4002123,0.38628215,0.36293444,0.4572408,0.4344064,0.37942827,0.39288667,0.38838604,0.34258372,0.41808933,0.46538606,0.4559855,0.50185984,0.46496838,0.45262218,0.43268225,0.4294767,0.4682007,0.41328916,0.41344643,0.42878047,0.43601692,0.41113836,0.41635698,0.47625506,0.47806782,0.4861923,0.48501343,0.42275155,0.43059963,0.4346875
170,0.43515563,0.3888014,0.44937164,0.41612488,0.41810504,0.41594577,0.41187626,0.39667353,0.35340112,0.49681947,0.4535995,0.40752378,0.44798276,0.48727438,0.48537892,0.4146629,0.41410697,0.36614445,0.40721682,0.3804307,0.3937612,0.38895077,0.3853002,0.38774973,0.43425402,0.38196492,0.46809852,0.42942703,0.40251526,0.34676254,0.40899992,0.37804675,0.31411168,0.3690846,0.37685427,0.37649003,0.4156695,0.4454225,0.34418467,0.44255516,0.40311134,0.35390157,0.50764376,0.49854892,0.4179815,0.40225726,0.35511065,0.42954823,0.3962262,0.36333692,0.33872968,0.36442637,0.38606238,0.38451457,0.45909536,0.4879421,0.40210432,0.41468033,0.43316448,0.5234809,0.47965163,0.46069798,0.4015155,0.4762237,0.41851193,0.4282971,0.3277338,0.39730367,0.38469696,0.3278008,0.4388823,0.3736044,0.3889335,0.41430128,0.38057935,0.39228436,0.34822765,0.5065663,0.42179438,0.42209092,0.39976153,0.45980182,0.47138992,0.55483,0.43521675,0.5143174,0.36549026,0.36964533,0.42269385,0.4107694,0.51376694,0.47713077,0.4455444,0.455218,0.39685506,0.44218564,0.42192736,0.45776182,0.5147936,0.3990813,0.41790304,0.39804813,0.37589756,0.41796693,0.47076285,0.41706496,0.39042416,0.554799,0.52388483,0.42113042,0.5108704,0.49093112,0.5618989,0.55812085,0.4822386,0.38289034,0.36103725,0.38853368,0.42037308,0.39674076,0.40488148,0.41145742,0.38251954,0.35904518,0.34419152,0.41986153,0.45160985,0.3476059,0.3402131,0.3364433,0.36651865,0.32642692,0.3646136,0.3817958,0.3885489,0.40107298,0.41779968,0.38525298,0.42890325,0.49326333,0.40858746,0.45565033,0.42103285,0.40138203,0.380494,0.40356788,0.48395517,0.51912755,0.3826942,0.31153935,0.33021355,0.46611038,0.4482185,0.46915376,0.42534024,0.39551294,0.36757776,0.4270386,0.41031572,0.47782892,0.3887859,0.3968438,0.41990143,0.43753716,0.35828888,0.4764313,0.4397977,0.3668581,0.505898,0.4922498,0.39705697,0.395397,0.37900224,0.36931464,0.36825833,0.3434091,0.3458357,0.45415878,0.52382064,0.49944782,0.43849626,0.3635682,0.4517732,0.42107433,0.42533517,0.40630656,0.39750215,0.40286788,0.3687662,0.47546452,0.5194591,0.46474096,0.42867312,0.46890882,0.4770713,0.4333171,0.40384132,0.3578229,0.3960122,0.41091403,0.35985115,0.40032223,0.3753021,0.38458493,0.53045684,0.4523932,0.44515333,0.4247381,0.3827274,0.34979695,0.39804322,0.39096567,0.3683166,0.32969326,0.34875464,0.38514367,0.44067574,0.4745165,0.35020176,0.44629645,0.42743036,0.3707919,0.5167471,0.49534804,0.41599378,0.39068058,0.3357376,0.40686095,0.38757434,0.36876044,0.3573806,0.3518588,0.3719196,0.380998,0.44731915,0.44055474,0.39220947,0.39386547,0.44558167,0.4942177,0.46190923,0.44706476,0.41014272,0.4835198,0.38056877,0.39352593,0.33275938,0.3706067,0.38133302,0.33070427,0.37294748,0.36721155,0.3746562,0.5247808,0.3944504,0.31953025,0.36435202,0.4965086,0.4298853,0.43574512,0.3748613,0.4517694,0.45536834,0.49165028,0.42469415,0.50679773,0.36563772,0.3853565,0.4392546,0.44302335,0.4762706,0.43954772,0.444515,0.48294833,0.38335094,0.43806994,0.37912473,0.39764708,0.48588207,0.38300246,0.37764657,0.39528996,0.37490726,0.43826035,0.44098234,0.3989134,0.37238768,0.5698579,0.5350163,0.4336278,0.49568006,0.50026286,0.5327971,0.58794314,0.4278197,0.33828878,0.35364386,0.41920504,0.40999904,0.4029565,0.40519872,0.4126655,0.37711018,0.37997693,0.36133826,0.41108376,0.43804714,0.39318314,0.36605975,0.33967957,0.37273964,0.33474487,0.35631177,0.3740758,0.38180986,0.365297,0.41005594,0.36784938,0.41306067,0.44936243,0.4168629,0.45018297,0.41809788,0.43295667,0.35233426,0.41595727,0.45791999,0.50220346,0.3835478,0.32826197,0.31863123,0.4591003,0.4594259,0.41765195,0.38627928,0.37189567,0.34669837,0.44360772,0.4243025,0.4724545,0.39698952,0.38617817,0.3870868,0.41370243,0.3626056,0.51463753,0.4665489,0.3775982,0.4564148,0.4144781,0.3704997,0.47292855,0.39740825,0.35607958,0.3822598,0.44090632,0.34298804,0.41324365,0.49834895,0.4755741,0.49566603,0.45545316,0.44863626,0.4323454,0.42986348,0.45922858,0.42590725,0.42475763,0.43143153,0.43873426,0.41084528,0.42019734,0.47224218,0.47223702,0.47964087,0.48083705,0.42935845,0.43144116,0.43768767
171,0.45947018,0.37508124,0.46140975,0.43515566,0.43380928,0.41610447,0.41578925,0.39653566,0.35598475,0.5317849,0.48176757,0.45241997,0.43532932,0.5374244,0.5513916,0.3651848,0.35704324,0.41136202,0.4095363,0.37345004,0.39846736,0.42003626,0.39450288,0.3633485,0.474352,0.41779807,0.5551644,0.49831957,0.4754402,0.39859435,0.4574835,0.40501288,0.3485845,0.4037694,0.42452574,0.3882409,0.44411907,0.48386005,0.38524482,0.43658665,0.39444003,0.3666924,0.5085967,0.51835495,0.47542942,0.42702055,0.32591134,0.4130686,0.38701355,0.36801293,0.34454262,0.3565844,0.38065368,0.3535851,0.45098487,0.45137176,0.41065508,0.4480025,0.4516298,0.5334026,0.48618305,0.4813271,0.44941512,0.4994893,0.42310417,0.45075858,0.34357303,0.43092033,0.41813034,0.34529406,0.44517505,0.38927507,0.41131943,0.45338896,0.4297854,0.4305697,0.35102582,0.5130144,0.48790506,0.4408535,0.49756593,0.5026047,0.49312612,0.56820947,0.46329248,0.5468077,0.4035878,0.38629472,0.47435963,0.43378523,0.5131407,0.4899318,0.4422924,0.4810551,0.45355076,0.42874312,0.44907126,0.48369035,0.48363677,0.38695255,0.38372326,0.38149783,0.35376787,0.3973803,0.4467293,0.41343212,0.36250472,0.56374246,0.526677,0.44247156,0.57234937,0.5069775,0.5500087,0.54539526,0.44118106,0.34354597,0.33579776,0.3927662,0.43636966,0.4004249,0.42919204,0.41221476,0.39937323,0.35136867,0.3591994,0.46017593,0.48205292,0.4080765,0.39592975,0.37632954,0.38538074,0.326588,0.41129857,0.3878656,0.43846723,0.42921153,0.45496958,0.3734479,0.48960865,0.5240645,0.4732548,0.49553952,0.4911148,0.46170798,0.4604997,0.45585543,0.4457476,0.53817266,0.42317274,0.3600852,0.36324626,0.44762748,0.46617797,0.435958,0.46229473,0.37474993,0.31717318,0.42360982,0.41510123,0.46868664,0.4855111,0.45164356,0.4170022,0.434445,0.374346,0.48732296,0.44767922,0.3489675,0.56613004,0.52834415,0.43065923,0.40541598,0.3357004,0.3537763,0.35909054,0.3957408,0.34901547,0.45286125,0.5527732,0.5178802,0.46041244,0.35970882,0.47226644,0.43717456,0.44271454,0.4157016,0.4069244,0.39715376,0.36861607,0.5066563,0.52336055,0.50224084,0.4189656,0.51257545,0.5318778,0.37769628,0.36888972,0.40422204,0.39701185,0.4120693,0.38605914,0.4317625,0.3930675,0.3665972,0.5579255,0.5005818,0.5262389,0.50670666,0.4477142,0.4185974,0.4597173,0.40584686,0.41337135,0.36416963,0.39772692,0.40254086,0.45639393,0.50592715,0.37127447,0.43460768,0.434551,0.37609693,0.522464,0.51807386,0.47251415,0.3875023,0.3146897,0.39728275,0.37402916,0.36318037,0.35621437,0.35262045,0.3651247,0.34772152,0.44110104,0.3908967,0.39833188,0.4213586,0.45794094,0.49452686,0.4682487,0.46703863,0.45597696,0.51237744,0.39154133,0.4258268,0.37367448,0.38655257,0.41332966,0.36323795,0.4210009,0.3725206,0.4077248,0.56739485,0.45310253,0.3481577,0.36997026,0.48294222,0.5254069,0.48581418,0.44489467,0.48180452,0.48620874,0.50669426,0.42093775,0.5316054,0.39299697,0.40780085,0.47872636,0.4522828,0.4791084,0.46989644,0.44032228,0.5036967,0.44486952,0.41603762,0.39989275,0.40577582,0.4622061,0.36696163,0.35097492,0.3792827,0.3521676,0.41133168,0.42706582,0.39307702,0.34829906,0.55804044,0.5323394,0.4510815,0.5356106,0.502809,0.5085372,0.55860996,0.3817632,0.3108226,0.3125257,0.4279531,0.42677528,0.40131956,0.43485633,0.4186493,0.3961669,0.36709204,0.3555312,0.45147172,0.46361545,0.44983676,0.42773262,0.38752106,0.39633664,0.33842757,0.39512503,0.39859042,0.41184673,0.42843822,0.40006605,0.3400732,0.48053515,0.47104713,0.487224,0.49486136,0.47941598,0.4657836,0.42654458,0.4724629,0.41505522,0.49427885,0.41689187,0.37326702,0.3591015,0.45298657,0.46169934,0.40857068,0.4240053,0.38206443,0.29632342,0.43851796,0.44954574,0.47448444,0.48815683,0.45329663,0.4021494,0.4216152,0.3726128,0.5166067,0.4661758,0.35968438,0.520311,0.44252834,0.38950416,0.48980454,0.35907465,0.3388687,0.37412348,0.50499207,0.34682915,0.40910015,0.53187174,0.50284,0.48035398,0.44773963,0.4421008,0.4329551,0.43772164,0.45344976,0.44581982,0.44492844,0.4396415,0.4452638,0.4144167,0.42739472,0.46711504,0.46634427,0.47065267,0.4757587,0.44521493,0.4405165,0.44498947
172,0.491368,0.3619474,0.47609818,0.4639138,0.45723808,0.41880617,0.42366552,0.40490383,0.37235942,0.54496396,0.4863235,0.50531256,0.43558538,0.5728694,0.59408313,0.33096436,0.30791068,0.45940003,0.4119677,0.37213305,0.4066548,0.44689947,0.40267715,0.3471777,0.5186253,0.46803644,0.626468,0.5599691,0.5334054,0.46386155,0.50789046,0.44936985,0.40611738,0.45102444,0.48902696,0.41022918,0.4733225,0.51658183,0.4408409,0.4343425,0.38904566,0.39580756,0.4941379,0.5271719,0.5304164,0.44368,0.31886533,0.39621145,0.3877754,0.3681108,0.36733067,0.36632976,0.38495684,0.3438428,0.44393602,0.41516745,0.4244271,0.47868446,0.4657992,0.53016216,0.49805647,0.50726956,0.4932024,0.51984763,0.4365658,0.47394118,0.3816206,0.46323574,0.47400784,0.38603312,0.4600815,0.41935056,0.42960584,0.50395787,0.49923882,0.48906717,0.36114892,0.50662416,0.5420809,0.43954307,0.58435255,0.52790636,0.49218038,0.5663176,0.4769333,0.5625146,0.459396,0.42027542,0.5134638,0.46275857,0.4971205,0.49160072,0.43836248,0.51473874,0.4876245,0.4110203,0.46266246,0.49941525,0.44148752,0.383661,0.3619315,0.37117893,0.3393528,0.38212082,0.4187521,0.4153304,0.33415455,0.5540417,0.5231135,0.46669316,0.6147717,0.52316034,0.5229955,0.5169689,0.40437058,0.32098225,0.31432045,0.4037768,0.4553909,0.4098698,0.4626074,0.41702268,0.42067966,0.34974712,0.38283792,0.50245804,0.51112545,0.482523,0.47046894,0.4334569,0.41786334,0.3468167,0.4503746,0.40027776,0.4908334,0.45513463,0.48573864,0.36244297,0.5455875,0.53945124,0.5296307,0.52809125,0.5509474,0.5018424,0.52371454,0.48774016,0.407111,0.542538,0.46109703,0.42971766,0.40549326,0.43394598,0.48922592,0.4066498,0.49851426,0.3611537,0.28535563,0.42241582,0.42464164,0.46496484,0.5833314,0.50339764,0.4174934,0.43794742,0.396009,0.49245474,0.457081,0.34466046,0.61073565,0.5434692,0.45999885,0.42673174,0.30301785,0.34798828,0.3553739,0.46689805,0.36017677,0.44811514,0.5656052,0.53260213,0.4894504,0.35950094,0.497609,0.46160218,0.4652629,0.4281952,0.4204831,0.40399206,0.38516158,0.5215258,0.5054646,0.54620236,0.42084625,0.5424216,0.56269604,0.33965683,0.33575663,0.45503017,0.40052626,0.41411006,0.41784644,0.45690054,0.41428685,0.35855034,0.5753689,0.5605898,0.59447324,0.5824056,0.50334734,0.49524814,0.5181071,0.4317055,0.47112867,0.4042119,0.46380073,0.43002987,0.47116783,0.5272862,0.4065271,0.43184268,0.4450529,0.39620623,0.5210687,0.5289141,0.5264926,0.38256326,0.31893438,0.3910945,0.37290195,0.3493842,0.3720905,0.37270346,0.37171745,0.3390923,0.4395354,0.35612583,0.4101936,0.44642377,0.469428,0.48635605,0.48018372,0.48621467,0.4945953,0.53061074,0.41083056,0.4506625,0.4270567,0.39768106,0.4657449,0.41271877,0.47939494,0.38945165,0.43995777,0.60802335,0.5350281,0.40239605,0.38016036,0.45701006,0.591728,0.508172,0.5019402,0.49836794,0.49673352,0.50917435,0.40252367,0.5413917,0.43937743,0.44270527,0.5233052,0.4604534,0.47051883,0.49407578,0.43582967,0.5301069,0.48275447,0.39217934,0.40663925,0.4132383,0.43254125,0.3648841,0.34179974,0.36878124,0.33847004,0.3873243,0.41035002,0.39554986,0.32960632,0.5278188,0.5169159,0.46789256,0.556945,0.5051729,0.47186854,0.51015615,0.34561208,0.30624226,0.2829981,0.44087982,0.44651964,0.4047701,0.47100613,0.42614236,0.4222896,0.36227942,0.35781544,0.49321648,0.48654422,0.51093316,0.50470656,0.45000577,0.43277073,0.35777175,0.4237804,0.42905813,0.44651702,0.4889607,0.38583612,0.3183835,0.5430624,0.48488694,0.55005044,0.5346196,0.5334215,0.47354227,0.4794184,0.5062098,0.37770292,0.47274965,0.4397165,0.43335018,0.40332273,0.4529977,0.46804523,0.40335995,0.46592733,0.3986866,0.26791683,0.43524507,0.47598472,0.47736016,0.58345175,0.510369,0.41989055,0.43641487,0.38963133,0.5109902,0.45955145,0.35310045,0.57393265,0.46191087,0.41757262,0.5056416,0.32988834,0.33252755,0.37019223,0.5642484,0.35441273,0.40549928,0.55647594,0.52876836,0.45962003,0.44292337,0.43798935,0.435902,0.4489292,0.45082164,0.46729642,0.46753675,0.4510471,0.45363855,0.42203763,0.43673998,0.46140552,0.4604059,0.46069017,0.469772,0.46414343,0.45334917,0.45360577
173,0.51787174,0.35072246,0.4835907,0.4910062,0.479189,0.42173505,0.4321659,0.41700444,0.395948,0.5298581,0.46565893,0.5544908,0.43819392,0.5836342,0.602944,0.30927613,0.2726154,0.5012886,0.4081231,0.3769861,0.4187664,0.46607116,0.40800163,0.3390076,0.55840653,0.52252275,0.665945,0.5994558,0.5632409,0.5275604,0.54912,0.49832898,0.4774421,0.498843,0.55593216,0.436019,0.49468786,0.53457195,0.4976727,0.43315685,0.38646892,0.43381435,0.46437868,0.5222031,0.5680565,0.44841233,0.3317897,0.37551907,0.39176732,0.36225954,0.39952222,0.38803762,0.39465636,0.3524927,0.43608275,0.38101548,0.44038808,0.49952385,0.47121006,0.51199216,0.5118012,0.53119594,0.5201405,0.5328531,0.45921153,0.4938487,0.43397525,0.48824513,0.5395678,0.441481,0.48006055,0.45726815,0.4384414,0.55374354,0.5738145,0.5539874,0.3763067,0.48460862,0.57342696,0.41993004,0.63941413,0.5295599,0.4688175,0.54728407,0.47226995,0.55884075,0.5211256,0.46502385,0.52896965,0.4887081,0.46871734,0.48231545,0.43545678,0.5472814,0.49025384,0.39077562,0.45926946,0.5023239,0.39508978,0.38616213,0.35425392,0.36548504,0.3327333,0.3719363,0.38811517,0.4198073,0.31259388,0.524543,0.5111345,0.4877201,0.627228,0.5349647,0.48206368,0.4752226,0.3755091,0.31352863,0.2973438,0.4191964,0.47347406,0.42534915,0.49219522,0.42635855,0.44615623,0.35341507,0.41320243,0.5350448,0.5332698,0.55685806,0.5490786,0.4959206,0.45830974,0.38435227,0.47315955,0.41665977,0.5365907,0.47354397,0.50285304,0.35407558,0.5845347,0.53326744,0.5648536,0.54293525,0.58430576,0.51096356,0.5536213,0.49031907,0.3695377,0.52854407,0.4855854,0.5076569,0.44787547,0.41876188,0.506473,0.38373375,0.52624726,0.35490462,0.27322403,0.42097446,0.4323135,0.4627393,0.6567201,0.5382292,0.42106295,0.4497584,0.42367983,0.4904653,0.46273106,0.3512715,0.62926096,0.5321594,0.47478512,0.45708945,0.28677258,0.35074815,0.35879076,0.54299676,0.37722522,0.4384015,0.55690694,0.5386593,0.51340216,0.36386395,0.51543,0.48381796,0.48428848,0.43914843,0.43314016,0.41909614,0.4108593,0.5121961,0.46785957,0.58939475,0.42454824,0.5501993,0.5609288,0.31801796,0.309671,0.50183976,0.40014532,0.4162841,0.44983223,0.47225326,0.43547413,0.35938808,0.5790822,0.6191344,0.634773,0.63611054,0.5360431,0.56134325,0.5604867,0.46285245,0.5286906,0.44032866,0.5307806,0.45893908,0.47929043,0.53192234,0.4475472,0.43525967,0.45353726,0.42538753,0.508158,0.52551323,0.5635506,0.37493056,0.34505442,0.38274848,0.37825963,0.32958746,0.39958677,0.40432334,0.38671288,0.35213253,0.43949023,0.33667216,0.42330235,0.46207738,0.47654086,0.4670994,0.4952623,0.49837548,0.51493245,0.534322,0.43512243,0.4611025,0.48415774,0.40123987,0.5296021,0.4713981,0.5370295,0.41659093,0.46399924,0.63887006,0.6238864,0.47530076,0.3908113,0.4208952,0.61780035,0.49724802,0.5331475,0.49771783,0.48288023,0.49561605,0.37099716,0.53373647,0.4942481,0.48477462,0.5612016,0.46537575,0.45120808,0.50628287,0.43292135,0.55574954,0.48979425,0.36906782,0.39870924,0.41846827,0.39923584,0.37470368,0.3493414,0.36193988,0.3347219,0.36845487,0.39018974,0.4025464,0.32003334,0.48013404,0.48841923,0.4807351,0.55234927,0.50567746,0.42644602,0.44927597,0.32188544,0.32024148,0.26611787,0.45672402,0.46526402,0.4141841,0.5016863,0.43543562,0.45289698,0.36609498,0.3706294,0.5266107,0.5027669,0.5676349,0.5825803,0.51568246,0.4767411,0.39175546,0.43641677,0.45948458,0.47950724,0.535619,0.36895666,0.30650374,0.58759975,0.48715892,0.59208167,0.5572113,0.5660033,0.45224202,0.4981144,0.50940186,0.3464136,0.43851432,0.44607756,0.4988639,0.44151786,0.45100352,0.47126615,0.40133458,0.5033183,0.418422,0.26175275,0.4309705,0.49393606,0.47675055,0.6573723,0.5433395,0.43829396,0.4549147,0.41263634,0.49961168,0.4466657,0.35624993,0.60486525,0.46560717,0.44573158,0.519283,0.31373334,0.33692902,0.37218413,0.6097033,0.3645306,0.4026887,0.56468606,0.54600066,0.4380398,0.44091314,0.44092727,0.44300172,0.4592624,0.4500529,0.48523983,0.48697466,0.46247143,0.46134508,0.433734,0.44776925,0.45519716,0.4538012,0.45065996,0.46264783,0.47957298,0.4643599,0.4603062
174,0.5289995,0.34400684,0.47588274,0.5075544,0.4937537,0.4251632,0.44052595,0.4269466,0.41770884,0.4859629,0.42433912,0.58876246,0.4344208,0.565663,0.5736554,0.29612327,0.25259256,0.5317063,0.39628488,0.38981056,0.43478248,0.47879303,0.41266757,0.3357053,0.5849958,0.56977487,0.6687937,0.60768986,0.55995876,0.57599276,0.5716413,0.5383177,0.5488277,0.53861266,0.61060363,0.45775506,0.5026862,0.5319951,0.54443705,0.4288279,0.38568908,0.4737343,0.42267847,0.50183004,0.57922345,0.4371853,0.35968468,0.35055327,0.3937436,0.351244,0.43059716,0.41407958,0.4035742,0.3726391,0.42522097,0.35004047,0.45389697,0.5053064,0.46521106,0.47891107,0.52388304,0.5461819,0.52414423,0.53612643,0.49044898,0.5087233,0.48898032,0.50338763,0.59812325,0.49942315,0.50018954,0.49540126,0.43537965,0.59078705,0.6355212,0.6087806,0.3949368,0.44686362,0.5771561,0.38814303,0.6564627,0.5055539,0.426755,0.5098387,0.4509718,0.5359349,0.5743338,0.5126364,0.51871514,0.50505155,0.43316787,0.4645183,0.43473303,0.5705043,0.46317905,0.3684333,0.44103864,0.49330506,0.35018128,0.39045474,0.35812426,0.36146843,0.3311015,0.36429128,0.3572728,0.42242277,0.30096334,0.47647527,0.4888474,0.5001839,0.60649693,0.5394843,0.43064404,0.4238217,0.3525581,0.31632286,0.28551152,0.4372149,0.4878908,0.44411314,0.5065026,0.43922588,0.47134435,0.3594959,0.44454062,0.5489177,0.54272085,0.61406255,0.6131404,0.54782116,0.49859828,0.43363646,0.4778063,0.43455616,0.568712,0.48197055,0.5019922,0.350825,0.59791315,0.5019018,0.57256675,0.5327567,0.5822842,0.4883652,0.5473676,0.46411523,0.33365032,0.49457797,0.49047354,0.57542264,0.48248634,0.3977545,0.50917137,0.3684173,0.5394673,0.35746488,0.27974972,0.41759107,0.4340986,0.4575568,0.69431996,0.54747444,0.42679214,0.46872437,0.45721152,0.4811426,0.45909336,0.3636339,0.617158,0.49673146,0.46998194,0.4900166,0.2867518,0.35773188,0.36783242,0.6067895,0.39805532,0.42357132,0.5253081,0.53424585,0.5225557,0.37344858,0.5147423,0.49541467,0.49442312,0.4472387,0.44325304,0.4356094,0.43587002,0.47699663,0.41647997,0.622231,0.4222637,0.5320509,0.5233197,0.30841336,0.29381692,0.5386922,0.3933614,0.42083645,0.47974345,0.47957823,0.45573667,0.3642267,0.56560385,0.6633884,0.6401113,0.6595408,0.53847176,0.6031715,0.5779914,0.49244317,0.5755807,0.467481,0.583319,0.48046735,0.4764292,0.51581067,0.4856128,0.4395814,0.45612204,0.4578159,0.48214242,0.5070364,0.5741864,0.36205366,0.3875706,0.36991587,0.38459224,0.3076786,0.4299367,0.43820074,0.40334794,0.38057375,0.437102,0.3296469,0.4321365,0.46416265,0.4764546,0.43596154,0.51034355,0.4997736,0.5119467,0.5220087,0.46271732,0.45430672,0.534796,0.39733613,0.591207,0.52795,0.582761,0.45132938,0.47413886,0.6521459,0.6977379,0.55214655,0.39875773,0.37843418,0.6033758,0.45725957,0.53516245,0.47889346,0.44560477,0.46438995,0.33215964,0.50875396,0.5430958,0.52650285,0.5811235,0.4659373,0.42589006,0.50188494,0.43287078,0.57421434,0.4688917,0.34721836,0.38019368,0.41991907,0.36448014,0.39107874,0.3696293,0.3560803,0.3384531,0.35460818,0.36791104,0.40880698,0.3193331,0.4190916,0.4490636,0.48589322,0.52084714,0.50223583,0.37775174,0.38498914,0.30908406,0.34619763,0.2610674,0.4731615,0.4792569,0.42806867,0.5162612,0.44627824,0.4814916,0.37555078,0.39166012,0.544276,0.5094816,0.609448,0.6442256,0.569531,0.519798,0.4359028,0.43349832,0.4849845,0.5059064,0.56326294,0.35122198,0.3065686,0.60635585,0.47429162,0.6064234,0.5535307,0.568352,0.40548712,0.48185313,0.48295653,0.31972298,0.3936873,0.4338537,0.5562453,0.46596688,0.43976182,0.4652202,0.40221447,0.52964073,0.43899664,0.27647692,0.42398039,0.49822575,0.46871787,0.69659036,0.5450812,0.4560356,0.47356537,0.4405571,0.48353752,0.4277019,0.36515382,0.60704726,0.4511443,0.464794,0.5288792,0.30983895,0.3476016,0.37887946,0.63575226,0.37590808,0.40055543,0.55271065,0.55087876,0.42027777,0.44193968,0.4514728,0.45359635,0.46642292,0.45084432,0.496354,0.49979547,0.47099942,0.466251,0.4476216,0.4592574,0.44881073,0.44669944,0.44116583,0.4547744,0.4871334,0.47004408,0.46294674
175,0.5215198,0.3432142,0.4523549,0.50975066,0.4987366,0.42994744,0.44838715,0.431996,0.4315546,0.4202604,0.372198,0.59854424,0.42224482,0.5201242,0.50592214,0.29052866,0.24794203,0.54610246,0.37965953,0.4100796,0.4513179,0.4849052,0.41869694,0.33509168,0.5889759,0.5977294,0.6328053,0.57836896,0.5228766,0.59891534,0.5705729,0.5569479,0.60466164,0.5645097,0.6407786,0.4716032,0.49550065,0.5062235,0.5751082,0.42065054,0.3868905,0.5089085,0.375644,0.46468583,0.5591255,0.407308,0.39581466,0.3255735,0.3924897,0.3366903,0.45212862,0.4382804,0.40806925,0.39827216,0.41219863,0.32458094,0.4606676,0.49419406,0.4469753,0.43314695,0.53098214,0.54593515,0.50306207,0.53007495,0.52847385,0.51880366,0.5301604,0.50626534,0.6334041,0.5436618,0.51305985,0.52381283,0.41885912,0.6040921,0.6688727,0.63888776,0.41304424,0.3972374,0.5507605,0.35218185,0.63431644,0.45917067,0.37230983,0.45477772,0.4165828,0.49395263,0.605079,0.55444586,0.4846717,0.5079209,0.39663854,0.4435808,0.4363861,0.5774318,0.41399562,0.34446728,0.41146663,0.47240293,0.31239676,0.39413407,0.37245354,0.35825518,0.3321764,0.35852256,0.3305906,0.42032206,0.2994075,0.41451412,0.45622078,0.5005529,0.55384386,0.5357255,0.3754559,0.3679901,0.33352157,0.3244713,0.27925646,0.456126,0.4968339,0.46148056,0.50152814,0.45285705,0.48616737,0.36470932,0.4674661,0.5412986,0.53533703,0.6376671,0.6453884,0.57128274,0.5282599,0.48353067,0.46529624,0.4503739,0.58170855,0.47968474,0.4806744,0.35457584,0.5785079,0.4462734,0.55139047,0.49612713,0.54311866,0.43808025,0.5076399,0.4165898,0.30119333,0.44136095,0.47089508,0.61311376,0.50170666,0.37382695,0.49543163,0.36198485,0.535922,0.36882076,0.3030118,0.41218978,0.42983466,0.44839287,0.69227284,0.5270972,0.43308353,0.4912702,0.49385062,0.4654527,0.44334608,0.3775565,0.5725083,0.44532177,0.44581696,0.51526845,0.30058265,0.36453936,0.37888473,0.6416694,0.4168422,0.4062164,0.47453406,0.5199595,0.51343817,0.38565937,0.49153966,0.49296454,0.49385634,0.4524388,0.4503349,0.44862455,0.4533131,0.4221103,0.35911116,0.6332621,0.4120692,0.4900142,0.4538399,0.30817103,0.28995726,0.5589812,0.38136056,0.42916805,0.5032618,0.48024806,0.4723668,0.36812073,0.53067327,0.6814369,0.6066873,0.64620227,0.50867355,0.6136896,0.5684882,0.5131833,0.6054235,0.4853212,0.61117715,0.4911159,0.46131793,0.4786247,0.5153288,0.441499,0.4524731,0.48686388,0.44436625,0.4723253,0.5529834,0.34283844,0.43766922,0.35457537,0.38838008,0.28747138,0.45526594,0.46692124,0.41687596,0.4174675,0.43040672,0.33226416,0.43295425,0.45363253,0.4674064,0.3952913,0.5225414,0.48935863,0.48621747,0.49760085,0.4938062,0.43645066,0.5664585,0.38879028,0.6342066,0.56905246,0.60653925,0.48965228,0.46621394,0.6387654,0.7375887,0.6133724,0.40306824,0.33616352,0.5529349,0.40354508,0.51065123,0.4469624,0.39220762,0.41704002,0.29516366,0.46754086,0.57028645,0.5595386,0.5751405,0.4635861,0.40061355,0.48350802,0.43594173,0.5801903,0.4283649,0.3275646,0.35667902,0.4151017,0.33176675,0.40810373,0.39898118,0.3510614,0.34645838,0.34708074,0.34732163,0.41122112,0.32485244,0.35394052,0.4051604,0.48023272,0.46840933,0.4931542,0.33254015,0.32708895,0.30660424,0.37691012,0.26715896,0.48736006,0.48642284,0.44396225,0.51148945,0.45792744,0.49678275,0.3856681,0.41359752,0.543132,0.50586444,0.6243941,0.6728036,0.5945169,0.5501605,0.48153016,0.4194397,0.50151,0.5221332,0.5694033,0.33378884,0.31894895,0.5922967,0.44347772,0.5888735,0.52052623,0.53820634,0.34498385,0.43835557,0.4338273,0.29723883,0.34351924,0.4036591,0.5894351,0.47255856,0.4183469,0.4494622,0.40570852,0.54242134,0.4557955,0.3097738,0.41422075,0.48766026,0.45270395,0.69493324,0.51556087,0.47039497,0.4908275,0.4721263,0.4649572,0.40489328,0.37695238,0.5784144,0.4210511,0.4704355,0.5308716,0.31604564,0.3589028,0.3867807,0.63816786,0.3866095,0.39910427,0.5210786,0.5423276,0.4115505,0.4472123,0.46601912,0.46491644,0.46915784,0.45314777,0.49861968,0.50377387,0.47452632,0.46737227,0.46054804,0.46971446,0.44300473,0.44016093,0.4332261,0.44746497,0.48475245,0.46942753,0.46058363
176,0.49718815,0.34958434,0.41814393,0.49697724,0.49339992,0.43457076,0.4515343,0.43328366,0.43687135,0.3497093,0.32244417,0.5763577,0.4025485,0.45681942,0.4114286,0.29176196,0.25685212,0.5432936,0.36255747,0.43428853,0.46479958,0.4818952,0.42794156,0.33708918,0.5615192,0.5946461,0.561247,0.51358557,0.4566556,0.5925443,0.54702705,0.54549134,0.63447475,0.57226586,0.63905025,0.47926688,0.47461438,0.45946145,0.58843863,0.41283244,0.39119032,0.53173244,0.33172196,0.41297436,0.5084626,0.36226273,0.43082002,0.30731678,0.38892484,0.32024473,0.46086988,0.456138,0.40805426,0.4247812,0.40148732,0.307612,0.4578167,0.46729106,0.4184913,0.38107312,0.530801,0.5253274,0.45593432,0.51712865,0.5705289,0.52578783,0.538813,0.49363023,0.6350495,0.5580714,0.5119301,0.5304848,0.38480622,0.58302045,0.6628109,0.63502955,0.42218703,0.34377787,0.49291646,0.31807032,0.57269394,0.39954266,0.31358403,0.3889129,0.3711278,0.43497556,0.6036112,0.58488023,0.4317194,0.496144,0.36419392,0.4254127,0.43932888,0.5631432,0.35542285,0.32073915,0.3719101,0.43896073,0.2869159,0.39602086,0.39684477,0.35733503,0.33598348,0.35669896,0.31388593,0.41343835,0.3073338,0.34776863,0.41647056,0.48953322,0.47680008,0.5250258,0.3261424,0.314843,0.31912112,0.333605,0.27822587,0.47349265,0.49911347,0.47330302,0.4803826,0.46222422,0.4795761,0.36783537,0.47397453,0.5159832,0.5083216,0.61688143,0.6343097,0.54960275,0.5386633,0.5192497,0.43508855,0.45811,0.5734419,0.4680349,0.43939897,0.36417085,0.5254554,0.37911457,0.5100035,0.43921742,0.47400936,0.3681702,0.43980885,0.36029953,0.2751409,0.37472457,0.4213582,0.60664326,0.49793682,0.35253635,0.4679288,0.3604802,0.51673055,0.38751447,0.33832306,0.40377998,0.4231472,0.43449944,0.65000093,0.47805348,0.43593246,0.5132973,0.52825457,0.44599915,0.41725147,0.39090788,0.49766007,0.38867188,0.4043766,0.521566,0.32548144,0.3686938,0.38931033,0.63683283,0.42015752,0.39173612,0.4145663,0.498238,0.48766062,0.39754665,0.44922185,0.47657055,0.4830122,0.45392263,0.4525961,0.45635906,0.46097472,0.36301875,0.30642647,0.6124603,0.39566088,0.4350981,0.36984035,0.31394076,0.2970441,0.56029373,0.3675815,0.44071472,0.5166983,0.47413152,0.48386785,0.36774102,0.47501484,0.6634037,0.53836143,0.59515697,0.45184523,0.5948595,0.5373676,0.51835406,0.6170709,0.4950978,0.61169624,0.49305552,0.4365725,0.42662475,0.5347254,0.44024888,0.4444131,0.50416064,0.40009585,0.42269513,0.50197625,0.32013017,0.4812506,0.34052548,0.3869553,0.2725347,0.47047645,0.48464164,0.42507395,0.45319173,0.41982844,0.3415825,0.42412272,0.43619412,0.44930208,0.35171816,0.53070164,0.4668994,0.4421983,0.471193,0.5296476,0.42088735,0.5666084,0.37736323,0.6457109,0.5833013,0.6010776,0.52565396,0.43619975,0.5904669,0.73256236,0.64344007,0.40204638,0.30196637,0.4806865,0.35669854,0.46615103,0.41245824,0.33399826,0.3602958,0.26612708,0.4123719,0.56406885,0.5795676,0.54214805,0.4622499,0.3776464,0.46251324,0.44099414,0.5705859,0.38100877,0.3120952,0.3305387,0.39938405,0.3054991,0.42013466,0.43199724,0.34853938,0.35684803,0.34931147,0.33375517,0.40983734,0.33458173,0.29691702,0.36608136,0.46385223,0.40654504,0.47829634,0.29721823,0.28400987,0.31507495,0.40424198,0.28386983,0.49721783,0.48705575,0.45983297,0.49149773,0.46932638,0.48823342,0.39338303,0.42857227,0.5251017,0.49129587,0.6065109,0.6566855,0.57556343,0.5579375,0.5185454,0.39917588,0.5055068,0.52720183,0.55634063,0.31741938,0.34071103,0.5442484,0.39798975,0.543709,0.46371043,0.48261982,0.2872121,0.3813763,0.37488902,0.28004903,0.29680803,0.3570602,0.5858616,0.46002078,0.39003354,0.4270995,0.40781525,0.5422625,0.4655218,0.35572684,0.40036884,0.4665253,0.42987832,0.6501525,0.46197018,0.4774486,0.5074262,0.50478417,0.4490265,0.3833021,0.39023998,0.5218468,0.38046873,0.46236923,0.5212106,0.32995653,0.36767337,0.3944732,0.6169148,0.39124826,0.40041417,0.47465855,0.5215252,0.41641873,0.45765883,0.479579,0.4752132,0.46611685,0.45564997,0.4908884,0.49741077,0.47201294,0.46515444,0.46978575,0.47809768,0.43916377,0.43584466,0.42851675,0.4426754,0.47282624,0.4636489,0.4535349
177,0.46185425,0.36467075,0.38014728,0.47156313,0.47876522,0.4375285,0.4457212,0.43407828,0.4366796,0.29441732,0.28769314,0.5209872,0.3779112,0.39307594,0.3158023,0.30071038,0.2798384,0.52574885,0.34924176,0.45849654,0.47496524,0.4676556,0.440847,0.34441045,0.50210136,0.55516714,0.4694932,0.43197265,0.37574258,0.5621899,0.50988686,0.50393254,0.6376626,0.55921936,0.60453355,0.4828435,0.44334477,0.4006706,0.58182067,0.41165066,0.40015775,0.53504306,0.29943627,0.35711473,0.43754262,0.31660402,0.45716888,0.30346346,0.38754117,0.3066368,0.45869145,0.46588904,0.40635213,0.45077077,0.3987204,0.3051795,0.4462058,0.42866057,0.3854189,0.33403602,0.5255629,0.48581824,0.38696054,0.50179434,0.6145011,0.5316782,0.5045622,0.46651298,0.6032272,0.5359546,0.49772623,0.5085401,0.33116552,0.523188,0.6126119,0.59647804,0.41442144,0.2981147,0.4077779,0.28846878,0.4769321,0.33903015,0.260301,0.32660282,0.31711695,0.36854726,0.5689212,0.6044142,0.3683903,0.47186768,0.33815482,0.41306898,0.44184557,0.52915025,0.30156055,0.30422798,0.3244405,0.39687788,0.27835575,0.39614308,0.42974198,0.36161128,0.34515426,0.36336708,0.31297645,0.40499306,0.3251504,0.28959957,0.37807682,0.4728264,0.39116207,0.5111432,0.29317442,0.2744835,0.31562814,0.34584242,0.28468606,0.4873223,0.4953518,0.48008484,0.45155132,0.46269956,0.44901934,0.37131825,0.4626914,0.48256594,0.46558,0.5515474,0.5760452,0.47613254,0.5279112,0.5325818,0.3864089,0.45189568,0.5460124,0.45007706,0.3854759,0.37732843,0.450366,0.32156953,0.46558556,0.37636885,0.39391303,0.29073548,0.35187292,0.30964074,0.26215723,0.30802083,0.3435468,0.5538085,0.4693961,0.33773333,0.43227243,0.35846147,0.4901898,0.41164723,0.38036293,0.39255857,0.41846082,0.41692075,0.5721571,0.4092015,0.43283367,0.53262395,0.55556536,0.42767912,0.38751155,0.4031189,0.4064382,0.33559385,0.34885833,0.5035937,0.359831,0.3719009,0.39955097,0.59247,0.3951755,0.38531747,0.35913008,0.47327435,0.45170957,0.40821683,0.39722496,0.44944218,0.46468887,0.45178986,0.4492766,0.45993564,0.46040243,0.31796566,0.27079085,0.55768275,0.37689504,0.38335285,0.29508933,0.3239063,0.31447098,0.5450728,0.35754317,0.45394737,0.51896685,0.46125832,0.49010673,0.36356044,0.41072118,0.6067584,0.45375654,0.5182058,0.38192812,0.5565178,0.49734247,0.5051438,0.61420965,0.49559385,0.5883538,0.48903778,0.40744796,0.37213886,0.5408574,0.4379545,0.43406275,0.5018131,0.36029577,0.36731592,0.43449804,0.30317327,0.5059544,0.33266932,0.38156688,0.26829788,0.47384936,0.48749006,0.42825407,0.47997743,0.40864328,0.35832274,0.40794313,0.4183865,0.42468575,0.3155473,0.5373909,0.43351594,0.38724613,0.4547659,0.5712301,0.41919917,0.5293261,0.36260322,0.6220835,0.56590587,0.5655114,0.5540512,0.3825768,0.5094529,0.679382,0.63709307,0.39161354,0.2835328,0.40793225,0.32838118,0.4094654,0.38505578,0.28060386,0.3066198,0.24456751,0.35029522,0.5225367,0.5887316,0.49015346,0.46527755,0.35385093,0.45110515,0.44622785,0.547511,0.33827233,0.3064499,0.3003685,0.37053588,0.29046264,0.42518213,0.46196866,0.34998283,0.37033945,0.36563024,0.3319058,0.4069513,0.34948632,0.25920367,0.34098265,0.44209105,0.34726736,0.4613331,0.27813733,0.2627564,0.3383872,0.4245436,0.31352165,0.5035498,0.48302355,0.47632363,0.46544152,0.4789864,0.45505187,0.4007454,0.43438524,0.4977567,0.46872562,0.5614966,0.5927886,0.5064688,0.5417905,0.5422141,0.3742305,0.49415562,0.52241975,0.5306304,0.30530342,0.3685354,0.47304857,0.35123274,0.48632437,0.39879954,0.41946992,0.24324203,0.32210788,0.32241726,0.27332094,0.26386103,0.29735738,0.543728,0.4304804,0.35986593,0.4029856,0.40460262,0.53466445,0.46730736,0.4065612,0.3830026,0.44216996,0.4047749,0.56705534,0.39856035,0.47541854,0.5253157,0.5354708,0.44244865,0.3692062,0.40413883,0.4482965,0.33537948,0.44087306,0.49900824,0.35066295,0.37547567,0.40512463,0.5793076,0.3828839,0.40725493,0.42274624,0.49302724,0.43689564,0.47313425,0.48987314,0.48611695,0.45679218,0.45692652,0.4731997,0.48036537,0.46395054,0.46140343,0.4760335,0.48493817,0.4388248,0.43566293,0.4296115,0.4423997,0.45436168,0.4548452,0.44359207
178,0.42473316,0.3869177,0.34635797,0.4395056,0.45819327,0.4401321,0.43324736,0.4401314,0.43677363,0.2676765,0.2775666,0.44248846,0.35376668,0.34579405,0.2440749,0.32012948,0.32126594,0.49619845,0.34404454,0.47816902,0.4814184,0.44259202,0.45345122,0.3618109,0.4255078,0.485333,0.38258713,0.36250412,0.30425778,0.5205699,0.47720775,0.44328085,0.6204317,0.52516955,0.54196656,0.4837389,0.40934056,0.34648362,0.55135477,0.42376244,0.41784018,0.51631576,0.2871909,0.31413215,0.36728126,0.29037517,0.47306544,0.32092798,0.39438447,0.30362448,0.45118362,0.4696282,0.40951914,0.47821867,0.40978757,0.32607028,0.43221077,0.3880468,0.35696605,0.30490026,0.5211387,0.43904722,0.31262526,0.49228135,0.658554,0.5377854,0.43223742,0.43612826,0.54679817,0.48193073,0.47822663,0.46176386,0.26871923,0.43480188,0.52210075,0.5293368,0.38921955,0.2721751,0.3138981,0.26750255,0.36657396,0.29149997,0.22384265,0.28459144,0.2655895,0.31233215,0.50877696,0.6144716,0.3075014,0.44038996,0.32077426,0.4084731,0.443062,0.4837634,0.26352423,0.3065632,0.278353,0.3577592,0.2927591,0.398279,0.47008002,0.37564924,0.36367148,0.3850169,0.33255506,0.40166423,0.35467815,0.25412023,0.3532209,0.45797285,0.31808785,0.4987745,0.28619596,0.25805885,0.33392683,0.36966303,0.30360636,0.49666876,0.48929572,0.48838106,0.427475,0.45452058,0.40263343,0.38101125,0.43829736,0.45546833,0.42470366,0.45651862,0.47761422,0.36646312,0.49878392,0.5245577,0.32764208,0.43112272,0.5054677,0.42982075,0.33424783,0.3937864,0.37380317,0.28934813,0.43336445,0.32674268,0.32952914,0.22166002,0.26065224,0.27743053,0.27175337,0.25778455,0.2570514,0.46699038,0.42615807,0.3314332,0.3981233,0.3577835,0.47552207,0.4366234,0.42372298,0.38339284,0.41731453,0.40313336,0.47398868,0.3411828,0.4276807,0.54833376,0.5751902,0.4169948,0.36480758,0.4159391,0.3247715,0.29381126,0.28871265,0.46494693,0.40262368,0.38084307,0.4119333,0.5214156,0.34474352,0.3899251,0.32161167,0.45030028,0.4159292,0.4159315,0.3486293,0.4181571,0.44339725,0.44802654,0.44278315,0.46442413,0.45706952,0.2991659,0.2617723,0.4797624,0.36075944,0.34856847,0.24645695,0.33960187,0.34406996,0.5156148,0.35633916,0.4654914,0.5086715,0.4431292,0.4874964,0.3606512,0.35635015,0.52137184,0.38101915,0.43880624,0.31976125,0.5120545,0.46845832,0.476937,0.6023314,0.48681176,0.5477032,0.48198313,0.3821262,0.33017543,0.5307521,0.44078767,0.4254208,0.4766471,0.33801812,0.32305524,0.37182933,0.30488375,0.50765353,0.33567443,0.37737578,0.28161797,0.46806914,0.4759187,0.431298,0.49747744,0.40411198,0.3872291,0.39284235,0.40671518,0.40008196,0.29796553,0.547124,0.3972023,0.33506885,0.45992056,0.6176425,0.43956387,0.4616099,0.3502958,0.5687961,0.520732,0.509224,0.57321256,0.31561798,0.41631767,0.5834147,0.5959883,0.3720521,0.28830457,0.35466993,0.32246906,0.3535163,0.3732518,0.24158311,0.2714019,0.23186539,0.2956433,0.45504138,0.5904538,0.43335083,0.4735691,0.3278445,0.45710528,0.45099846,0.5173282,0.30793744,0.3201697,0.27052763,0.33673173,0.29255113,0.4280411,0.48550108,0.35773396,0.3894147,0.39994866,0.34485433,0.4070507,0.371083,0.2491846,0.33739257,0.42469046,0.30273983,0.44937554,0.28204933,0.26994896,0.3835267,0.44073772,0.35937002,0.5106659,0.47835007,0.49782175,0.4455759,0.4854613,0.40714386,0.41239896,0.43326634,0.47492662,0.45049965,0.5033333,0.4916635,0.4005839,0.5077702,0.5541014,0.34773323,0.46812475,0.51010287,0.49895376,0.30359238,0.40082476,0.3980214,0.3209584,0.43553782,0.34719065,0.37224117,0.21814093,0.27045158,0.2917656,0.28504223,0.25364384,0.23750648,0.4756782,0.3949499,0.33412957,0.38421005,0.3982166,0.5328434,0.4587659,0.45325118,0.36873168,0.41956574,0.38758025,0.46289176,0.347524,0.4664595,0.5464217,0.56420434,0.4502771,0.3696133,0.4191747,0.37699366,0.29669407,0.41048068,0.46817,0.37863094,0.38689157,0.4223774,0.53818375,0.3631296,0.4192674,0.3795657,0.46457213,0.47196978,0.49322215,0.49791968,0.500578,0.4430168,0.45742473,0.44834918,0.45443726,0.45248443,0.4588077,0.48475552,0.49334496,0.44271687,0.4406012,0.43911853,0.4481831,0.43402922,0.44489777,0.43412447
179,0.39240462,0.41313842,0.32547015,0.40795314,0.43513098,0.44180652,0.41781172,0.45631418,0.444316,0.27334914,0.29559484,0.35949504,0.33507013,0.3257796,0.20962615,0.3460203,0.37593955,0.46112403,0.34716898,0.48880094,0.48329636,0.4133046,0.4643043,0.39040256,0.35137054,0.39950985,0.32312503,0.32285178,0.26360402,0.48263448,0.46708775,0.37843207,0.5917327,0.47769806,0.4642697,0.48565662,0.38508618,0.31388906,0.50347173,0.4513584,0.44702688,0.4819342,0.3001597,0.29598278,0.31832755,0.2936433,0.47879985,0.3593594,0.40769875,0.3155386,0.4451455,0.46959987,0.42430344,0.5037253,0.4365716,0.3725697,0.4214218,0.3575617,0.34240407,0.30085975,0.51614916,0.39603624,0.25402662,0.49373612,0.6963016,0.5404278,0.3422315,0.41683683,0.47364676,0.40652266,0.45776737,0.4028744,0.218382,0.33832607,0.40492803,0.43962985,0.35463554,0.26972404,0.2379721,0.26284882,0.27254298,0.26657113,0.21348637,0.2712206,0.23341829,0.2802546,0.43536872,0.6109013,0.26540464,0.4085537,0.31626272,0.41176793,0.44319272,0.43134713,0.2500222,0.33272052,0.24916126,0.33380538,0.33558568,0.40943134,0.51229906,0.40291014,0.39203596,0.42214182,0.3713437,0.4096412,0.39663053,0.2478153,0.3474439,0.44668812,0.2702969,0.48760477,0.30946168,0.27185223,0.3775049,0.40438542,0.33486474,0.49968484,0.48492947,0.502434,0.4170313,0.44173074,0.3533242,0.40203738,0.4094936,0.4452008,0.4029016,0.3604272,0.36448646,0.25844157,0.45518726,0.49662352,0.27850226,0.4019505,0.46133873,0.4116705,0.29892927,0.41291994,0.313363,0.2857516,0.4217676,0.30426025,0.29855472,0.17726134,0.1954304,0.27140507,0.30794832,0.23127536,0.18932657,0.37043387,0.3869574,0.33195087,0.37407118,0.35970488,0.48546544,0.45850962,0.45985976,0.38041493,0.41963014,0.3973589,0.3843413,0.29858288,0.42394063,0.55877554,0.58871895,0.41661054,0.3568798,0.43420905,0.26985022,0.27396375,0.23851432,0.41385323,0.44948715,0.40224174,0.42748332,0.44341996,0.28852642,0.40557766,0.30873367,0.4307245,0.3877043,0.4209717,0.3152878,0.39024287,0.4226647,0.44282064,0.43439612,0.474701,0.45763874,0.30947477,0.28091943,0.39858058,0.3508784,0.33924428,0.2324168,0.35873997,0.38259375,0.47943178,0.36498016,0.47218582,0.48936257,0.4250083,0.47748417,0.3637562,0.32171792,0.4234236,0.33975607,0.37909737,0.2843673,0.4757668,0.46833402,0.43815404,0.58617145,0.47661808,0.49856445,0.47666565,0.36953264,0.31148762,0.50760204,0.45197058,0.4228779,0.43553773,0.339013,0.30197483,0.33085424,0.32966068,0.48926118,0.3511153,0.3769085,0.31592503,0.45947653,0.45554066,0.4408034,0.50590485,0.4118774,0.42770782,0.38547605,0.4054243,0.38432106,0.3059402,0.55617285,0.36746207,0.29886127,0.4880178,0.6606595,0.4801851,0.38296065,0.3510763,0.49343732,0.45636037,0.4447026,0.58106256,0.2558845,0.331514,0.45847875,0.5204627,0.3507752,0.3188464,0.33329985,0.3437648,0.3155112,0.38105398,0.22572146,0.26380092,0.23475204,0.26073098,0.3750237,0.5827992,0.38470542,0.48580253,0.30407518,0.48034772,0.45541412,0.47984686,0.3004118,0.35628104,0.25421968,0.30874988,0.31733164,0.43622702,0.5004408,0.37574735,0.41349941,0.4491384,0.372531,0.41564354,0.39759225,0.26886222,0.35619316,0.4190356,0.2800159,0.44303027,0.3120834,0.30902228,0.4477986,0.45407143,0.41480497,0.5199197,0.47685137,0.524332,0.43954545,0.48732898,0.35833433,0.42939085,0.42699027,0.46726373,0.44750944,0.4459075,0.38096035,0.29213682,0.4631633,0.55482537,0.33015236,0.4334405,0.4938611,0.46834698,0.3142458,0.433372,0.33661416,0.31452358,0.4050406,0.32314044,0.35570282,0.21713932,0.24380794,0.29249159,0.317943,0.26832157,0.19550802,0.401906,0.37088865,0.31731498,0.37577143,0.39050922,0.54521173,0.4442631,0.485356,0.36280727,0.40455875,0.3844506,0.3655419,0.32791826,0.4541703,0.569664,0.5914033,0.4696005,0.38764763,0.4385748,0.32179713,0.27820936,0.37733003,0.43499324,0.41100827,0.40404627,0.44489545,0.5031718,0.34309864,0.43355662,0.35480368,0.4407602,0.51399714,0.5133898,0.50311404,0.51630056,0.42673874,0.45593467,0.42234203,0.4247724,0.43972623,0.45793924,0.49957407,0.50448394,0.4496713,0.44867167,0.45453605,0.45800135,0.416104,0.43461317,0.42818245
180,0.3700584,0.44111034,0.3239254,0.3859976,0.4165522,0.4438338,0.40610784,0.4808926,0.46194717,0.3066355,0.33973092,0.29163182,0.32718295,0.3376553,0.21546404,0.37211847,0.42979428,0.43156347,0.35901833,0.49295178,0.48468623,0.3938458,0.47714946,0.42466214,0.29330212,0.3183913,0.2991154,0.31199092,0.2604176,0.45905608,0.48524344,0.32269895,0.56238216,0.43406364,0.3948884,0.49236885,0.37942195,0.3088524,0.45773095,0.48756123,0.48308495,0.44833577,0.33536392,0.3017214,0.29868108,0.32192567,0.4786501,0.41133466,0.42342183,0.34300673,0.4462336,0.46927187,0.4510794,0.52099586,0.47214428,0.4341145,0.41544265,0.34448087,0.34599367,0.32031637,0.506416,0.36156365,0.21899611,0.5062945,0.7210988,0.53311217,0.2604398,0.41291896,0.39255485,0.3259134,0.43488455,0.3467711,0.19073737,0.2553383,0.29083824,0.3422351,0.3189388,0.2838026,0.19094062,0.27805158,0.21398003,0.26335543,0.23089619,0.28235325,0.22709511,0.27518448,0.365718,0.5908127,0.25113577,0.38320702,0.32663992,0.41862956,0.44212848,0.3764601,0.26613316,0.37436327,0.24453081,0.32796395,0.4014942,0.43381524,0.5471695,0.44143254,0.4241933,0.46554258,0.42007548,0.43028334,0.44540763,0.2681454,0.35815105,0.436738,0.24879071,0.476943,0.35663798,0.3140876,0.43592322,0.4391246,0.37288758,0.49536845,0.48418725,0.5190721,0.4217013,0.42839,0.3141939,0.4329744,0.38654473,0.45118245,0.40185434,0.28974628,0.27272373,0.18193097,0.4055994,0.4518326,0.2515734,0.3728304,0.4234,0.4003284,0.2827369,0.4354065,0.27524504,0.30307177,0.4301027,0.31183985,0.30150834,0.16323176,0.17108195,0.29378188,0.36497942,0.22439672,0.15025577,0.2880417,0.36485735,0.3379983,0.36374164,0.3633664,0.51294094,0.4786118,0.48520106,0.3869092,0.42583814,0.39635125,0.3298909,0.29188967,0.42324954,0.561926,0.59579957,0.42287466,0.3635809,0.46236572,0.24259558,0.28573063,0.20501174,0.36270946,0.49189997,0.43599236,0.4446677,0.37689716,0.24448577,0.42864156,0.31955448,0.416793,0.37135616,0.4253431,0.30330443,0.37385714,0.4079928,0.43885013,0.42761102,0.49034142,0.46492153,0.3429553,0.32099634,0.33284664,0.35095087,0.35919702,0.2569968,0.37856176,0.42542714,0.4484762,0.38462162,0.47697115,0.47160247,0.41696143,0.46775976,0.37348044,0.30446175,0.33199638,0.331722,0.34682977,0.2831142,0.45788535,0.4998639,0.39570713,0.573839,0.47626847,0.45422328,0.4771967,0.37273934,0.3171354,0.48178145,0.46724138,0.42913416,0.39638063,0.3595539,0.30300066,0.31576782,0.36890137,0.4641863,0.3805186,0.38219112,0.36820066,0.45510098,0.438173,0.45910713,0.506203,0.4305038,0.47323024,0.38592955,0.41451657,0.38303375,0.3381583,0.5581503,0.34947127,0.2811142,0.5286537,0.6908653,0.52334976,0.31372944,0.36716408,0.40833956,0.38418713,0.38234603,0.5747804,0.21623485,0.2633296,0.33358508,0.4191716,0.33280239,0.3680388,0.34289664,0.3939211,0.30333796,0.40238792,0.23460013,0.28214002,0.25593874,0.24880028,0.29837495,0.5627418,0.3506073,0.4994895,0.28837138,0.51252216,0.45868033,0.43491763,0.3251754,0.4048159,0.2597567,0.28955775,0.36410633,0.45406494,0.50737613,0.40545738,0.43646514,0.5002213,0.41115266,0.43641666,0.42363438,0.3124236,0.39080903,0.4252166,0.27836484,0.43832245,0.36328834,0.37383577,0.51623386,0.46627033,0.46707505,0.5271719,0.47909835,0.54826164,0.44768822,0.4841698,0.3213729,0.44757336,0.41730347,0.47429946,0.45859492,0.39902475,0.29218885,0.21106726,0.41650742,0.54280484,0.32885,0.399281,0.47828597,0.44532186,0.33324087,0.46347734,0.29586768,0.3245014,0.39602134,0.32736656,0.3682503,0.24367903,0.25469926,0.32628763,0.3673036,0.30183008,0.17704862,0.33763173,0.36735564,0.3119395,0.37830496,0.38404906,0.56594217,0.4357493,0.5019442,0.3674803,0.4033078,0.39259437,0.29989907,0.34279546,0.4437015,0.59140664,0.61417705,0.48986346,0.4181752,0.46653903,0.2854131,0.28610188,0.34173274,0.40638095,0.44012934,0.42394182,0.4665493,0.47694576,0.32991728,0.44663864,0.3501654,0.42572984,0.5507575,0.52733606,0.50132555,0.5254459,0.40992498,0.4495122,0.4020787,0.39921147,0.42762846,0.45770413,0.5173578,0.5152276,0.45693618,0.45560938,0.4688872,0.4670037,0.4038176,0.42513683,0.42679697
181,0.36184263,0.46691272,0.34141096,0.37968525,0.40845373,0.44853032,0.4053384,0.50626135,0.48484164,0.3567466,0.39874086,0.25290963,0.33459568,0.37564734,0.2569089,0.39833128,0.47431713,0.41419792,0.3809144,0.49506038,0.48684114,0.3913292,0.49083036,0.45947358,0.26237777,0.26357168,0.30716527,0.32507604,0.28805473,0.45231643,0.51797646,0.29085544,0.539987,0.40750116,0.35534036,0.5032562,0.3944743,0.32896692,0.43127787,0.5212818,0.5173483,0.4310854,0.38178253,0.3256872,0.3075216,0.364688,0.48031834,0.46525,0.4414322,0.3816599,0.45611325,0.47335574,0.48278746,0.5285153,0.50631887,0.4927748,0.41657776,0.34975776,0.3673313,0.35688278,0.4958329,0.34198186,0.20631497,0.5245692,0.7268578,0.5165399,0.20896544,0.4180599,0.32778352,0.2660338,0.41430447,0.30760568,0.18507436,0.20408641,0.21515082,0.26932707,0.29163998,0.30758354,0.17132792,0.30656835,0.19070013,0.27593288,0.26865214,0.31110972,0.24202336,0.2935742,0.31960043,0.56135374,0.2624497,0.3719134,0.34956998,0.42365542,0.44036606,0.3373311,0.30781138,0.41842952,0.25985643,0.33730647,0.47248104,0.46805093,0.5701042,0.48390716,0.4570011,0.5056554,0.47062218,0.4593881,0.49179983,0.30906263,0.38206184,0.43144965,0.25232095,0.4724282,0.4147723,0.3748419,0.4933735,0.4680067,0.41206568,0.48616624,0.48626658,0.53196967,0.43681422,0.4190514,0.29629138,0.468732,0.37769046,0.46445143,0.4127485,0.2563521,0.22291692,0.14517842,0.36716446,0.40790698,0.24660267,0.35326803,0.39848813,0.3992347,0.2865406,0.45997095,0.26159117,0.33388478,0.44983327,0.34249786,0.32887208,0.17619866,0.18174815,0.33869895,0.43054268,0.23567645,0.13827544,0.23846318,0.3613194,0.35235953,0.36672387,0.37167045,0.5390511,0.49629533,0.5030993,0.4037425,0.4347184,0.39891607,0.317288,0.31489673,0.42700735,0.5555697,0.5928181,0.431196,0.38386217,0.49843648,0.24041548,0.32536456,0.18947281,0.32710108,0.525427,0.4756222,0.4642421,0.33727485,0.2224349,0.4548883,0.34886858,0.41465253,0.36874107,0.42915487,0.3121211,0.37273663,0.40322566,0.43944427,0.42645124,0.5061337,0.47687972,0.38774338,0.37077454,0.29419103,0.3629938,0.4026009,0.31550193,0.40083003,0.46809998,0.4279657,0.41418433,0.48188934,0.46061003,0.42120028,0.45987535,0.39179546,0.3037739,0.26987746,0.34912792,0.3407068,0.31151056,0.45932135,0.54440284,0.36594138,0.5710481,0.48600805,0.4289408,0.483776,0.3914685,0.3435532,0.46449208,0.4820377,0.44518137,0.3770584,0.3917183,0.32096183,0.32539263,0.4115372,0.44836754,0.4208499,0.3968423,0.4273945,0.4578675,0.4337356,0.48217568,0.50226814,0.4553867,0.5149387,0.39506805,0.43090957,0.39675152,0.38662726,0.5541686,0.34756064,0.28030208,0.567319,0.7023548,0.54896635,0.27096447,0.39101818,0.3417058,0.32642168,0.33858025,0.5573853,0.20047234,0.22244228,0.24826851,0.3294781,0.3224607,0.4215462,0.36939555,0.45489976,0.3122091,0.42607427,0.26320285,0.3197848,0.29148462,0.25917807,0.24801114,0.5354407,0.33519915,0.5103161,0.28697965,0.5393953,0.46005192,0.39653906,0.37387177,0.4518723,0.2844914,0.28333008,0.4236454,0.47956705,0.5111066,0.44305003,0.4574479,0.5415287,0.45569476,0.46677846,0.44663808,0.3693822,0.4332192,0.4399341,0.29514524,0.4379804,0.4237203,0.44713324,0.5725194,0.48125547,0.50840694,0.52777845,0.48395306,0.56235427,0.4646871,0.47709104,0.30648753,0.46548194,0.41080344,0.48791242,0.47475255,0.37057248,0.24338108,0.1705399,0.382029,0.52283084,0.34080604,0.37637758,0.4663903,0.43145043,0.35849765,0.4893045,0.27898833,0.34414604,0.40249923,0.35212424,0.3984697,0.2933542,0.29707018,0.3813841,0.42434373,0.34759894,0.18121324,0.29712263,0.38108945,0.32066905,0.38900626,0.38441658,0.5821919,0.4366445,0.5097474,0.3829829,0.4140164,0.40664646,0.27644953,0.38109472,0.4381966,0.60510683,0.6261999,0.502296,0.45397478,0.5014108,0.27003428,0.31528178,0.3108688,0.38817903,0.4636056,0.44534332,0.48438776,0.46076012,0.3272412,0.45832527,0.36403328,0.4249552,0.5723511,0.533569,0.49204773,0.5245727,0.3989761,0.44126967,0.39291227,0.3853942,0.4202269,0.45876887,0.5313366,0.5216418,0.46262443,0.45964453,0.4787963,0.47363642,0.4005055,0.42021924,0.43030268
182,0.3682503,0.48480287,0.37585694,0.3882003,0.40954837,0.4489645,0.40923306,0.5245551,0.5057157,0.4102285,0.44728154,0.24972327,0.35816187,0.42885762,0.32730016,0.4191918,0.49413186,0.410267,0.4046742,0.488467,0.48248735,0.39801344,0.50130653,0.49068642,0.2651615,0.24584465,0.34529096,0.36113486,0.33624822,0.4610501,0.5431205,0.2925323,0.5238248,0.40227297,0.35469526,0.5161187,0.42784795,0.37092727,0.4323768,0.5436589,0.5404704,0.43528578,0.42567867,0.3636359,0.34255895,0.40708712,0.48429102,0.50058895,0.45596257,0.41507822,0.47253644,0.48252055,0.50911033,0.52585477,0.53074,0.5286003,0.4251822,0.37033972,0.4044401,0.40293133,0.48639527,0.34171736,0.21773744,0.5354932,0.7023657,0.49742118,0.1971465,0.42403147,0.30010182,0.24350311,0.40352336,0.2941632,0.20315085,0.1917628,0.1891089,0.24106824,0.28464162,0.3370625,0.18144238,0.33560872,0.20027193,0.30017734,0.31403467,0.35402757,0.27535167,0.33026168,0.30513635,0.52961135,0.29672644,0.38110608,0.38284847,0.42529842,0.43993512,0.32914662,0.36026135,0.45031893,0.2892582,0.35926843,0.52848,0.5021055,0.5789457,0.519143,0.48984206,0.53423744,0.51429075,0.486994,0.5258337,0.3624505,0.41443637,0.43435133,0.2805546,0.47550005,0.47023806,0.4348727,0.530606,0.48326698,0.43935508,0.47440588,0.48729205,0.5326906,0.4549873,0.41662365,0.30557778,0.5026607,0.38612708,0.4750896,0.4225449,0.26186734,0.21681893,0.14789405,0.35370153,0.38192508,0.26313734,0.3512472,0.39018545,0.40696165,0.310619,0.4734996,0.27585107,0.37547198,0.47411373,0.3860199,0.36832133,0.2157655,0.22502391,0.38829216,0.4820916,0.2688886,0.15678562,0.23036255,0.37287432,0.37723365,0.38272494,0.38254723,0.5423614,0.5045684,0.5089013,0.42142108,0.44378838,0.4050216,0.3455224,0.35559663,0.4292132,0.5371584,0.5710886,0.43975666,0.41674381,0.5319466,0.26350394,0.37703115,0.19698615,0.31521204,0.5482234,0.51190525,0.4863631,0.3310315,0.2281478,0.48184472,0.3890879,0.4256475,0.3787914,0.43499008,0.34169334,0.38543397,0.4064105,0.43978247,0.42611217,0.51672137,0.48982576,0.4302499,0.41406086,0.28796536,0.38533118,0.4579162,0.3938462,0.4218435,0.49050656,0.41952115,0.44053513,0.48057172,0.4544094,0.42553723,0.45578915,0.42192814,0.32398245,0.2500856,0.38641852,0.3622483,0.3597812,0.4771868,0.5749486,0.36372185,0.5740944,0.4978951,0.42995396,0.49499133,0.42519915,0.3864416,0.46347833,0.49483657,0.4688398,0.3858648,0.42564282,0.35217106,0.3589692,0.4434019,0.44547066,0.4556934,0.41748965,0.47014827,0.4673744,0.44420072,0.50221276,0.49567264,0.48056313,0.53823525,0.41325682,0.4490238,0.42336214,0.4395748,0.54280216,0.36157954,0.29722527,0.5876391,0.6861875,0.5454109,0.26545918,0.41419306,0.31555343,0.30242434,0.32698157,0.53344905,0.21345419,0.21863502,0.21712498,0.28488442,0.32826748,0.4598696,0.39678735,0.49425688,0.3347556,0.44212863,0.3055147,0.3679063,0.3366551,0.29164106,0.23816052,0.5087615,0.3425703,0.5127498,0.30753213,0.54762334,0.46028006,0.3801297,0.42047417,0.48192963,0.3226694,0.29684317,0.48061147,0.50448817,0.5148047,0.48156577,0.4812453,0.56586665,0.4969316,0.49738848,0.46719512,0.42543352,0.47257528,0.45805097,0.3275256,0.4438854,0.47706696,0.5048682,0.59666693,0.4928714,0.5249152,0.5181824,0.489751,0.56094575,0.48180044,0.4681495,0.31906724,0.4840403,0.41498828,0.49783817,0.48212764,0.36683467,0.2387205,0.17413653,0.37120828,0.50110763,0.3605855,0.3731225,0.4582865,0.42521074,0.3839063,0.49604964,0.29114488,0.36966616,0.4218128,0.38873807,0.4314184,0.35323086,0.3550665,0.42845985,0.47145817,0.39716184,0.21263355,0.29195848,0.40599686,0.3467206,0.4058498,0.38951856,0.57862854,0.44456947,0.5053496,0.40152574,0.43264472,0.420398,0.29858086,0.42592022,0.43331942,0.60197526,0.616216,0.50521934,0.4878421,0.533184,0.28028598,0.35713473,0.2984658,0.38596544,0.48349854,0.47025245,0.49836943,0.45729846,0.3406871,0.47136915,0.39061058,0.43728894,0.57275,0.5321376,0.47878745,0.5149618,0.40074104,0.4367007,0.3981427,0.3886295,0.42228734,0.46221974,0.532711,0.5198213,0.46642554,0.46226034,0.48411584,0.47822064,0.40894848,0.424805,0.43835744
183,0.38689864,0.49069995,0.42418724,0.4063237,0.41530254,0.43826553,0.40692723,0.5313206,0.51831925,0.45551226,0.46740547,0.28117567,0.3957373,0.48712996,0.41840693,0.42895582,0.4812312,0.41489115,0.4205742,0.46515515,0.46485424,0.4008862,0.5039435,0.5129941,0.30048117,0.2643359,0.40611175,0.4148013,0.3937217,0.47611073,0.54822177,0.3248852,0.503062,0.4127962,0.38511938,0.5266509,0.46817878,0.42529556,0.45387936,0.5501725,0.54478437,0.4531655,0.45866275,0.40876716,0.39525703,0.43700808,0.48634663,0.5046925,0.4604558,0.42953992,0.48968017,0.4932783,0.52299005,0.5163244,0.54099834,0.53423685,0.43565625,0.39775255,0.44843644,0.44927186,0.47411856,0.35827392,0.25635898,0.52744156,0.6360177,0.47650054,0.22396989,0.42511356,0.30835742,0.2564417,0.4025749,0.30515522,0.25044462,0.21865979,0.20664813,0.25449398,0.30215642,0.36924544,0.22720376,0.35845622,0.24347359,0.33512446,0.36020994,0.40648988,0.32625106,0.37922975,0.31727704,0.49279386,0.3526718,0.4085268,0.42422846,0.42564204,0.44161752,0.34963697,0.4063973,0.46280628,0.33132923,0.3883232,0.5583988,0.52560747,0.573558,0.5365871,0.516917,0.54457104,0.54120433,0.5025193,0.5403224,0.41883156,0.44720963,0.4418601,0.33042616,0.47929114,0.51190656,0.47770366,0.538888,0.48010996,0.44571176,0.4593391,0.48269123,0.51526034,0.47016612,0.4194165,0.34108528,0.5258753,0.40791893,0.4779692,0.42432463,0.30175966,0.25077897,0.19350843,0.36418763,0.3729601,0.30061835,0.36687383,0.39518398,0.41713798,0.34994876,0.46535766,0.31813473,0.4237016,0.49613068,0.4349154,0.4099726,0.28432742,0.3026445,0.42495704,0.5038844,0.32461193,0.21484952,0.2608012,0.39200708,0.41249666,0.41100746,0.3940875,0.5145796,0.4986358,0.4967052,0.43069917,0.45210248,0.4165536,0.40478688,0.40109628,0.4234899,0.5062559,0.5202566,0.44852075,0.4540912,0.5504112,0.3104752,0.4277634,0.23403813,0.32670283,0.5568309,0.53580457,0.50499386,0.35078958,0.26235443,0.5042654,0.43114105,0.4421585,0.3988211,0.44390413,0.39149952,0.40791282,0.41350234,0.4331482,0.42001018,0.5197902,0.4994833,0.46141604,0.44064778,0.31298634,0.4144366,0.51367086,0.4758253,0.43721607,0.4784395,0.4197459,0.45029312,0.46618077,0.44748122,0.41718975,0.45689228,0.46096104,0.36639795,0.2720751,0.43574756,0.40889335,0.4137873,0.5003019,0.5774705,0.3874365,0.57011646,0.501817,0.44846827,0.5067693,0.46607324,0.43632627,0.47498545,0.5048156,0.49313495,0.41788864,0.4536986,0.39112598,0.40840948,0.45556593,0.45096892,0.4704627,0.4361523,0.48061863,0.48043993,0.46478403,0.5131144,0.48930946,0.50033605,0.53643936,0.43497828,0.46128225,0.4548287,0.4849381,0.5185797,0.3853652,0.33149102,0.5801537,0.63279116,0.51254267,0.29560667,0.43235514,0.3270135,0.3117192,0.343409,0.50220627,0.26025853,0.25538307,0.23317203,0.284618,0.35429922,0.47314397,0.4168816,0.4967964,0.3655683,0.44614464,0.35740235,0.41666177,0.38849947,0.34462628,0.26843476,0.4815095,0.3715192,0.50406605,0.35259798,0.5336991,0.4601412,0.38797876,0.44421366,0.48833433,0.3698069,0.33104572,0.52122176,0.5205688,0.51817775,0.5114435,0.5057748,0.56962156,0.52418596,0.5181986,0.48491946,0.46979085,0.49867433,0.47262004,0.37156758,0.45138407,0.512067,0.53380954,0.580795,0.49271056,0.5083957,0.49702504,0.49259037,0.5410902,0.4916081,0.4584008,0.35673344,0.5009635,0.4307093,0.4969936,0.47214314,0.3867618,0.2750771,0.22420973,0.38226834,0.4757831,0.3831937,0.3868103,0.45013753,0.42107478,0.40193987,0.4722222,0.33234176,0.395751,0.44802803,0.43098095,0.45549622,0.41035587,0.4136285,0.44563532,0.49570164,0.44057435,0.277281,0.3201341,0.43369326,0.3916427,0.42901665,0.39410898,0.54523987,0.4548009,0.48365852,0.41589448,0.4552354,0.43163186,0.36122766,0.46215266,0.42325714,0.57687956,0.5742847,0.50190747,0.511465,0.550263,0.31800732,0.40625226,0.3102664,0.40151504,0.5004519,0.49659607,0.5065394,0.4639527,0.36960453,0.48350897,0.42080712,0.452681,0.552781,0.5224826,0.464061,0.49739614,0.41438207,0.43704152,0.41534293,0.40687552,0.43335235,0.46675423,0.5161581,0.50692713,0.4685253,0.46468726,0.48475558,0.4801315,0.42660746,0.43820015,0.44837996
184,0.41307628,0.48048693,0.47257602,0.42652842,0.4212542,0.41818345,0.3959482,0.52585006,0.5210277,0.48334193,0.45872146,0.33876613,0.43976933,0.5307507,0.50271624,0.4302876,0.44828507,0.41797748,0.42702696,0.42898202,0.43376642,0.39295822,0.4902183,0.52147454,0.35786843,0.31299534,0.4686813,0.46819016,0.44377378,0.48067272,0.5288418,0.37598807,0.4681955,0.42748067,0.42545536,0.5304225,0.50153935,0.47462597,0.4817781,0.5402421,0.5298415,0.47351354,0.47508827,0.4472516,0.4494503,0.45160443,0.48301196,0.4847362,0.45736697,0.42713654,0.5007766,0.49938017,0.5227467,0.5037941,0.53629434,0.5113742,0.44145802,0.42067865,0.48425007,0.48135266,0.4563984,0.3847374,0.3221403,0.49620044,0.52937526,0.45175833,0.28734794,0.41979897,0.34183654,0.29842865,0.40692535,0.33476242,0.328812,0.28391838,0.26260525,0.29986057,0.34222123,0.40143985,0.31096536,0.3784028,0.31470755,0.3791649,0.40285873,0.45640546,0.38933864,0.42747417,0.34544927,0.44927305,0.42067865,0.4423281,0.46457964,0.428076,0.44442108,0.385465,0.43539152,0.45980465,0.3827616,0.41405237,0.5573324,0.5296434,0.55357933,0.53077525,0.5307821,0.5337364,0.54409885,0.5005896,0.53259295,0.46266058,0.46760118,0.44903564,0.38997662,0.47540647,0.52875865,0.49466208,0.51905346,0.4623726,0.43674818,0.44206035,0.46983168,0.48050955,0.47771916,0.4246386,0.39020252,0.5307635,0.43201944,0.47081918,0.42025453,0.36074215,0.31829217,0.28764194,0.38849342,0.3752229,0.3544499,0.39580706,0.40596613,0.42404267,0.39562303,0.43974563,0.37785614,0.46658695,0.5035103,0.4766481,0.44659472,0.37472183,0.40020984,0.44313315,0.49451497,0.39343065,0.31719935,0.3201343,0.40957615,0.45083144,0.4427986,0.40726775,0.46455166,0.47842705,0.46777573,0.43206573,0.45764515,0.43339244,0.46718106,0.4392959,0.41043258,0.46735963,0.44539753,0.457215,0.48410276,0.54444593,0.37122077,0.46680456,0.30613697,0.3579759,0.54719615,0.5409577,0.5109929,0.37958786,0.3229482,0.51593894,0.46172953,0.4544458,0.42416108,0.44795665,0.44852123,0.43315107,0.4205195,0.41831625,0.4069501,0.515097,0.50430083,0.47711688,0.4516368,0.35996887,0.44432354,0.5505451,0.5370947,0.44638738,0.44125232,0.4191779,0.4420682,0.4385385,0.43535694,0.39442563,0.45472902,0.49703553,0.42001474,0.32807854,0.47998095,0.46061713,0.45654157,0.5085426,0.54875135,0.42329612,0.544434,0.49158213,0.46634406,0.51480204,0.5009842,0.4785021,0.490396,0.5089868,0.50879383,0.46077803,0.46886697,0.42737338,0.4574074,0.45262715,0.4591326,0.4653337,0.45038766,0.46495765,0.49190128,0.48561984,0.51343614,0.4850154,0.5103705,0.51043725,0.45280278,0.4635467,0.47952253,0.51101685,0.48036575,0.4123013,0.3807382,0.54355717,0.54289883,0.46400833,0.3502076,0.44624177,0.36194336,0.34447056,0.37379014,0.46314237,0.3422251,0.3287912,0.28631264,0.31649742,0.39924186,0.46651357,0.42893797,0.47043702,0.401143,0.44251022,0.41356146,0.45611668,0.44349882,0.40748945,0.33037448,0.44925636,0.41284737,0.48629656,0.41424593,0.503353,0.45909125,0.41133904,0.4421956,0.47755462,0.42199364,0.38046956,0.5364674,0.5201302,0.516288,0.5243703,0.5240077,0.55280656,0.53046536,0.5224277,0.49529076,0.49361584,0.5049629,0.4788906,0.41978654,0.4553272,0.5224276,0.5323304,0.5319727,0.4801338,0.46922323,0.46722707,0.48850977,0.5039489,0.48915163,0.44801888,0.40625167,0.509592,0.44976994,0.4820522,0.4479067,0.41649413,0.34225675,0.31994003,0.40498093,0.44441515,0.40753117,0.4096452,0.43878514,0.4113775,0.41337153,0.4270169,0.39084134,0.41824627,0.4670431,0.46836895,0.4664207,0.45677227,0.45980358,0.4354386,0.49430862,0.47013146,0.37188953,0.36880141,0.4546658,0.4470068,0.45323572,0.39674792,0.4866551,0.45746514,0.44848874,0.42592064,0.47190648,0.44036666,0.43915132,0.48127744,0.4070917,0.5316576,0.5038113,0.4946496,0.5197114,0.54469657,0.37628794,0.45657328,0.34991246,0.42810997,0.5113265,0.51595044,0.50343686,0.46818513,0.40917754,0.48938295,0.44411412,0.46035084,0.5191712,0.50472045,0.44890833,0.4729574,0.43493596,0.44324836,0.43806946,0.43247452,0.44849843,0.47007707,0.48377097,0.48268503,0.46851555,0.46793583,0.48094675,0.47956705,0.44795978,0.45578465,0.45765823
185,0.43796736,0.45406035,0.50030214,0.44066805,0.42385322,0.39539102,0.3807305,0.51063514,0.516592,0.48739296,0.43118218,0.4057828,0.47665226,0.5385695,0.5452064,0.42827627,0.41182742,0.41277388,0.425657,0.39235523,0.39744204,0.37943506,0.45683324,0.51556224,0.41943786,0.37997955,0.5084158,0.49921066,0.46983,0.46538013,0.48523754,0.43034294,0.4268146,0.4403154,0.45798886,0.52655375,0.5191552,0.50156,0.5058685,0.5158921,0.5036066,0.48910952,0.47318006,0.46414825,0.48511666,0.4493707,0.47294343,0.4564882,0.4512044,0.4154909,0.50186414,0.49491778,0.5111946,0.48834178,0.51838875,0.46881542,0.43964732,0.4306982,0.50102955,0.48849887,0.43565878,0.41266134,0.40483606,0.44711018,0.41392675,0.4258528,0.37934256,0.4112907,0.38612315,0.36168414,0.4140537,0.37761056,0.42641708,0.37538868,0.34743357,0.3619111,0.39940238,0.42673352,0.41682076,0.39856067,0.39477354,0.42334697,0.4346684,0.4873489,0.45280015,0.4602324,0.3796841,0.40799448,0.48244396,0.4699277,0.491367,0.43378222,0.4475411,0.42008942,0.44371286,0.44655266,0.4348501,0.4270118,0.52947474,0.51241565,0.5181938,0.5051276,0.5295996,0.5053788,0.52201086,0.48288596,0.50984865,0.4786655,0.46465838,0.45264733,0.43813446,0.4588768,0.5158884,0.48563707,0.47553584,0.43546176,0.42236176,0.42692247,0.4503526,0.43793672,0.4721869,0.43065438,0.43543753,0.5178963,0.45111006,0.45093745,0.4105898,0.41618866,0.40303665,0.41490465,0.41576815,0.3881965,0.41516188,0.4324342,0.4160845,0.424595,0.43485543,0.40898564,0.4353947,0.48641273,0.48454878,0.49160442,0.4657232,0.46187928,0.4857334,0.44285655,0.46194997,0.45358562,0.4427005,0.39177662,0.42331812,0.4763615,0.46093222,0.41798377,0.40708253,0.4487096,0.42963317,0.42647237,0.4547609,0.44565374,0.50410587,0.46266648,0.39316568,0.42975396,0.37585706,0.46362048,0.498695,0.5147444,0.4261566,0.48639548,0.40652132,0.40169415,0.52302885,0.5274602,0.50414646,0.40195927,0.40461323,0.5155252,0.46967912,0.45731732,0.446813,0.4391716,0.48847172,0.45221874,0.42446485,0.39889792,0.38946584,0.5041445,0.50573015,0.476583,0.44984618,0.41405556,0.46626008,0.5511992,0.5548075,0.4490834,0.39893606,0.41168448,0.42296973,0.40275156,0.41848946,0.36786687,0.44031608,0.51892656,0.4644719,0.40041402,0.49962816,0.48841962,0.47597057,0.4886482,0.49193364,0.45802355,0.49383748,0.4734331,0.47344807,0.5164644,0.51944405,0.49915588,0.5044975,0.5032338,0.5096432,0.50181115,0.4679275,0.4491761,0.48735955,0.43994558,0.46523812,0.44980454,0.46149838,0.43763414,0.49799913,0.4966785,0.5059004,0.48094192,0.5084599,0.4675526,0.46138102,0.45558646,0.49053925,0.51220316,0.4358697,0.4382858,0.436999,0.4830587,0.4400867,0.41948837,0.41307324,0.45903522,0.4040693,0.390597,0.40564024,0.42295393,0.4465811,0.416143,0.360616,0.3694422,0.45758918,0.44945234,0.43430793,0.4317575,0.43879563,0.43685508,0.46334413,0.47734854,0.49486074,0.46199343,0.4063082,0.4160418,0.45175847,0.46511853,0.4754408,0.46500576,0.45729053,0.43590745,0.42516443,0.45731002,0.47446984,0.43430823,0.5273626,0.50234604,0.5032181,0.5196204,0.5347292,0.5202246,0.51525265,0.509605,0.49786395,0.48938987,0.48902798,0.4773259,0.45853388,0.45259425,0.508126,0.5053595,0.46518084,0.45939487,0.4257979,0.43586418,0.4769206,0.4576029,0.47094727,0.43740025,0.45121643,0.5080647,0.4666295,0.45198044,0.41592804,0.43890965,0.4204431,0.43904072,0.42950347,0.41444156,0.4362193,0.43590644,0.42473766,0.39334613,0.4213715,0.3821516,0.44548523,0.43062246,0.46425104,0.48358837,0.45996025,0.4860693,0.4868945,0.4113793,0.47135836,0.47889444,0.47503006,0.42177436,0.46664903,0.49140662,0.46567336,0.39600328,0.41955277,0.44633278,0.41056335,0.42991182,0.47099587,0.4412276,0.49795455,0.48229617,0.38817796,0.47558954,0.4271003,0.48278525,0.5123394,0.51779014,0.43602842,0.49917668,0.41568607,0.453913,0.515326,0.52363193,0.48984537,0.45709005,0.4559263,0.48986313,0.4528098,0.45525515,0.48114604,0.48143813,0.43610746,0.44689068,0.45764804,0.45620763,0.4601613,0.45703232,0.46184656,0.47029158,0.44528234,0.4519811,0.46604723,0.47212887,0.47404027,0.47766286,0.4673189,0.47241846,0.46481046
186,0.45293853,0.4224352,0.50326693,0.44467956,0.42247432,0.37556127,0.3660554,0.49026868,0.50927156,0.46825498,0.393111,0.46696398,0.501726,0.5049067,0.53520554,0.4271783,0.37736255,0.40144956,0.41761437,0.36494207,0.36777592,0.37047213,0.41595823,0.5008739,0.47188473,0.45024157,0.51274645,0.4981477,0.46343207,0.4268103,0.4178341,0.47531283,0.3835511,0.44724417,0.47248787,0.51739985,0.51907295,0.5004049,0.5207768,0.4821905,0.47471237,0.4958629,0.459371,0.45764843,0.48927227,0.4248741,0.45843866,0.4268651,0.43772057,0.39413652,0.49409655,0.47968897,0.49428666,0.47047648,0.49244058,0.42198655,0.43029517,0.42596328,0.49930003,0.4746362,0.41203365,0.434794,0.48836163,0.38605472,0.31613547,0.4005057,0.48442805,0.40026537,0.4249275,0.43507144,0.4221939,0.42741233,0.5265137,0.47214407,0.44224763,0.42252037,0.46754,0.4399039,0.5198928,0.41738355,0.46323702,0.45816264,0.4546321,0.49530897,0.5094117,0.47504905,0.41222817,0.37198585,0.5262601,0.48639718,0.50432026,0.441106,0.4512609,0.44239205,0.4308244,0.42430335,0.48081553,0.42568326,0.49146333,0.4837356,0.47372636,0.4712588,0.518282,0.46925953,0.48394066,0.45537102,0.48572978,0.46821687,0.44048643,0.4488545,0.46110564,0.42845756,0.48303655,0.4601614,0.418858,0.40243247,0.40526158,0.4144512,0.42577288,0.39556032,0.45012477,0.4366224,0.46892828,0.4954338,0.46620518,0.4151996,0.38973975,0.45224804,0.4843106,0.54068995,0.43786666,0.40893772,0.47304526,0.4720314,0.41974697,0.4177334,0.4575897,0.38112935,0.47833443,0.4772399,0.43669996,0.4712031,0.453147,0.5249628,0.54055613,0.42030784,0.41873989,0.4920479,0.55894166,0.45597744,0.43165427,0.48424962,0.45876208,0.42475763,0.3458741,0.42182684,0.39325738,0.4129038,0.44343618,0.44689572,0.502166,0.46699235,0.37501144,0.39708003,0.32722044,0.46545732,0.4971111,0.47372946,0.46132022,0.48727247,0.5168384,0.44922122,0.49641305,0.5024414,0.49299914,0.40691712,0.49977016,0.50566834,0.45477098,0.44949573,0.45940688,0.42404863,0.5021834,0.46117175,0.4253562,0.37944144,0.37118575,0.49082226,0.50656116,0.4617471,0.43720365,0.46440125,0.478833,0.5127391,0.5250522,0.4491344,0.36154413,0.40001687,0.39899886,0.36676052,0.4021173,0.34821102,0.42001843,0.52819175,0.49085385,0.4687078,0.4848256,0.47952077,0.46745297,0.43694326,0.40945628,0.4841906,0.41921762,0.45181787,0.46395624,0.5117944,0.5201682,0.4943198,0.51510197,0.48922718,0.49701598,0.533823,0.45520046,0.45419288,0.4870708,0.4143233,0.46740806,0.4301389,0.46608737,0.4021618,0.4997836,0.49550253,0.49591392,0.4771558,0.4976136,0.42016974,0.45936808,0.4376935,0.48996994,0.494658,0.39037338,0.46148965,0.48897827,0.40424526,0.34451723,0.38572362,0.47093454,0.47131175,0.43906936,0.4400819,0.43038622,0.38537765,0.55268395,0.4912705,0.43504685,0.43205923,0.5236498,0.42771316,0.42894903,0.38961756,0.47334185,0.4289663,0.5003135,0.47841892,0.541945,0.500193,0.4789099,0.38387093,0.47659957,0.44290292,0.52818716,0.4212746,0.45584905,0.4509772,0.40007418,0.42924306,0.52392805,0.4850316,0.5063664,0.47631866,0.48208585,0.5056339,0.5432071,0.4813615,0.48563233,0.48513505,0.49905348,0.46127185,0.45542243,0.46912342,0.4791618,0.44103822,0.47913224,0.46473345,0.39428952,0.43239415,0.38539746,0.4065915,0.45745158,0.41025215,0.43617225,0.42664596,0.4844813,0.5017533,0.48290896,0.4060008,0.37720138,0.44477162,0.49000585,0.5489632,0.44891515,0.39130616,0.46845558,0.46106127,0.40754995,0.36803195,0.4252803,0.34994122,0.48169187,0.42593724,0.43456823,0.46655014,0.42815143,0.49550298,0.4942337,0.37611347,0.43589252,0.46618828,0.5665017,0.46469185,0.46898443,0.51398396,0.4618315,0.39196092,0.35062367,0.42991644,0.38079533,0.4254122,0.45306063,0.43073788,0.518765,0.46313605,0.37053668,0.41404712,0.359408,0.46542212,0.49301767,0.48012814,0.48041856,0.52851176,0.49662122,0.47199294,0.5184118,0.52389383,0.4736459,0.4230565,0.5075268,0.48991743,0.44634813,0.43574214,0.4453305,0.45658958,0.4284369,0.42389473,0.47896904,0.4741216,0.47713348,0.47467378,0.46990076,0.46595985,0.40792614,0.419793,0.4622004,0.47588113,0.46613914,0.47502935,0.47975838,0.48401442,0.46868268
187,0.45595872,0.39852163,0.48973832,0.43980792,0.41962075,0.36455452,0.3577841,0.46936408,0.5019863,0.43570992,0.3548007,0.5141227,0.51803964,0.43585998,0.47695804,0.43258077,0.35157818,0.39017347,0.4088542,0.3527843,0.35320878,0.37342355,0.38266957,0.48271257,0.51001805,0.5113478,0.482042,0.4693627,0.4275548,0.36552498,0.33427954,0.50257224,0.33495912,0.4406597,0.4594049,0.50583774,0.5037897,0.47654164,0.52498746,0.44727397,0.44857395,0.49206755,0.44311914,0.4373201,0.46397805,0.383714,0.44390407,0.40010244,0.41586152,0.36763647,0.4809656,0.45775053,0.47721687,0.45313436,0.46554866,0.3836201,0.418197,0.41294226,0.48483446,0.44957948,0.38571605,0.4474859,0.5604518,0.32089177,0.24250604,0.37898803,0.5806981,0.38654637,0.44922993,0.50526303,0.4286005,0.47536725,0.6141652,0.55768174,0.5280262,0.47179148,0.5380704,0.44644126,0.60518765,0.43749452,0.5104268,0.48396462,0.46824777,0.48780534,0.55686474,0.4765713,0.4367263,0.33948854,0.5471896,0.49027357,0.5095698,0.45015705,0.4559783,0.45081967,0.40356135,0.3989553,0.51551545,0.4141417,0.45767596,0.4538984,0.43157244,0.44058168,0.50127137,0.43549126,0.4427894,0.4246635,0.46761316,0.44368073,0.40710664,0.43778417,0.4621346,0.39007518,0.44513726,0.42913213,0.36430076,0.37017775,0.38917658,0.40403938,0.39746347,0.358292,0.41583192,0.44343072,0.48866278,0.47016934,0.47783485,0.36856446,0.35948235,0.46285233,0.5455356,0.63596475,0.4506404,0.4311079,0.5222018,0.5105499,0.41551402,0.40776703,0.46595395,0.36213866,0.50457436,0.4491205,0.37020865,0.42350298,0.41034287,0.560062,0.56156254,0.38133648,0.37704274,0.513269,0.6453322,0.49768144,0.42943445,0.48227158,0.44286034,0.4328038,0.28668946,0.40721437,0.36812308,0.39647603,0.42895657,0.44068822,0.45860457,0.45127553,0.362654,0.36866242,0.29774156,0.4632954,0.4836563,0.43357214,0.47852618,0.47137594,0.61860603,0.4934033,0.47474536,0.47264153,0.48248824,0.38951033,0.5933169,0.48897702,0.42502183,0.43347973,0.46003342,0.41281393,0.4948717,0.46116474,0.42567903,0.36559922,0.3570831,0.47882658,0.5084957,0.43880752,0.42053238,0.50469524,0.486035,0.44171482,0.45599142,0.45330802,0.33593002,0.38876584,0.37666786,0.34001005,0.3911258,0.34137458,0.40365693,0.529456,0.5018829,0.51928604,0.43983537,0.4386591,0.43614545,0.36059555,0.31348696,0.4963098,0.32748526,0.4241032,0.43195352,0.50339323,0.5072871,0.46992117,0.5220218,0.47299382,0.47724447,0.5526508,0.4372536,0.44903222,0.4591928,0.38093162,0.4654749,0.41155505,0.46157867,0.36375627,0.49946022,0.48494098,0.48726907,0.47555605,0.4834421,0.3782505,0.45115367,0.41520658,0.48192754,0.46810195,0.3470543,0.48149043,0.5312642,0.3198181,0.26519907,0.36606973,0.5140378,0.48259887,0.45982566,0.48479894,0.44503826,0.35195437,0.64387214,0.54452187,0.49281535,0.49503106,0.5899594,0.40829736,0.41373077,0.35372677,0.5014414,0.4224024,0.52721214,0.46522728,0.58730674,0.5230859,0.5375864,0.3527382,0.48187146,0.42042702,0.572281,0.37742597,0.45529765,0.45511106,0.37203807,0.39879197,0.5663766,0.5307111,0.48380625,0.44957194,0.46140942,0.49062476,0.55030257,0.44548798,0.4510018,0.45433742,0.50101227,0.42315748,0.4150816,0.45476955,0.4860262,0.42220038,0.44661742,0.42264003,0.33223853,0.40176734,0.35247442,0.3821442,0.43169498,0.36845636,0.39208198,0.41759157,0.5041897,0.49270186,0.49675104,0.3511073,0.3363813,0.43244198,0.53742266,0.6281053,0.45916557,0.3747119,0.50185317,0.48217586,0.38867754,0.34067622,0.4279703,0.33500794,0.49633285,0.4084959,0.3857811,0.4223598,0.3750022,0.49070683,0.48413014,0.33461878,0.39781395,0.44192672,0.6377434,0.48790324,0.45887965,0.5184532,0.4478198,0.3894392,0.28525358,0.418071,0.365806,0.41654876,0.42584145,0.41312763,0.49648067,0.4248837,0.3588818,0.35130534,0.30498508,0.4447322,0.46753207,0.44163316,0.50722754,0.5409207,0.579732,0.48117092,0.5225665,0.5195251,0.45870978,0.3682149,0.5590392,0.4904069,0.43081042,0.40488115,0.41596994,0.43440133,0.42684096,0.40683204,0.49704295,0.49411452,0.4864711,0.4828834,0.4725893,0.45738363,0.3755208,0.3903942,0.45841756,0.47782022,0.4595181,0.47231367,0.48310375,0.4887819,0.46853262
188,0.44801134,0.3878009,0.47059932,0.42814037,0.41569328,0.36446387,0.35812035,0.4517158,0.4940235,0.40404493,0.33165964,0.53804296,0.52382714,0.35618824,0.39358515,0.44576105,0.34543562,0.3818369,0.40487155,0.35642484,0.3536397,0.385592,0.3655753,0.46461815,0.52674943,0.5485048,0.42869103,0.4265049,0.38225308,0.29909676,0.2629767,0.5050033,0.28708842,0.41720495,0.41622314,0.49272838,0.4770764,0.4407475,0.5160021,0.42024514,0.4284051,0.47683787,0.43088877,0.41577998,0.422738,0.34634268,0.43290606,0.38185745,0.39314082,0.3503575,0.4649921,0.43449536,0.46274582,0.44062176,0.4439237,0.36099643,0.4088984,0.40170023,0.46199155,0.4215263,0.3635379,0.45051277,0.6082073,0.2713757,0.19993271,0.36897576,0.6398478,0.37747118,0.45462698,0.55219615,0.43123615,0.5088142,0.67278385,0.61337346,0.5821081,0.49988762,0.5932835,0.4541133,0.65802044,0.46494633,0.5299336,0.50325066,0.48149645,0.4726625,0.58978707,0.46884894,0.4460936,0.31310672,0.54306036,0.4804844,0.5111586,0.4624658,0.46149775,0.44673488,0.37517828,0.38262948,0.5371887,0.40404448,0.43438488,0.42876247,0.40377864,0.42025372,0.48115814,0.41247082,0.40922338,0.39753053,0.4579365,0.41840956,0.3780696,0.4225844,0.45238906,0.35654306,0.41370276,0.4003078,0.3273871,0.34994265,0.38235825,0.39851716,0.37218672,0.33418146,0.3826717,0.45082912,0.49218696,0.44704327,0.48205325,0.32731503,0.33390725,0.44769198,0.57156634,0.68096876,0.4508309,0.44552147,0.55641586,0.5390401,0.4064279,0.4008344,0.46761045,0.35700014,0.5105792,0.418687,0.30937493,0.37232026,0.3600371,0.57002795,0.5523579,0.34597367,0.34584767,0.5224337,0.68953896,0.50649,0.41681504,0.47945806,0.42534018,0.44581753,0.24662364,0.40470967,0.3585192,0.38529998,0.4174132,0.4350998,0.38474128,0.4232422,0.36195597,0.34987316,0.2872557,0.460831,0.46222728,0.40301138,0.48334494,0.44674563,0.68859094,0.5234533,0.46111888,0.4445967,0.47296456,0.35559234,0.6594135,0.4690244,0.39437243,0.4148383,0.44948947,0.4095533,0.47605744,0.45290077,0.42454687,0.36006874,0.34994996,0.46934122,0.5085037,0.41588324,0.4093858,0.52549565,0.48750287,0.36146167,0.37360805,0.46351013,0.3305782,0.3792183,0.36134356,0.32893348,0.38405466,0.34659523,0.3963185,0.5236429,0.49889126,0.5407016,0.38435584,0.38417596,0.39736247,0.28476062,0.23686329,0.4889427,0.24515827,0.39146692,0.37986788,0.4927177,0.48494276,0.43662986,0.5218825,0.45936632,0.45587873,0.5515287,0.4181668,0.44143268,0.41722986,0.3566058,0.4586124,0.39867544,0.44929984,0.33698937,0.49566942,0.46763495,0.47944778,0.47597095,0.46891364,0.3494158,0.44186735,0.39806834,0.46659142,0.43965212,0.31462294,0.4950026,0.55814964,0.25636482,0.21409675,0.36508268,0.5306983,0.49254403,0.46193752,0.51280844,0.44746554,0.32797873,0.70174676,0.56966984,0.5181134,0.5404322,0.63833606,0.3992411,0.3971705,0.33847114,0.5180917,0.42281008,0.5450184,0.4459221,0.62474847,0.52973926,0.5696184,0.32666093,0.4664453,0.4022466,0.6018826,0.3465338,0.45607015,0.45199403,0.35034955,0.37859058,0.5942738,0.5671024,0.46215364,0.42567384,0.44774842,0.47794703,0.5495474,0.42135635,0.41907397,0.42221668,0.501016,0.39147124,0.3814304,0.4364873,0.48711085,0.40330863,0.41788486,0.38852084,0.29321185,0.3744247,0.33615282,0.36837178,0.40647018,0.34162685,0.35478988,0.41372317,0.5064252,0.48045793,0.5019064,0.30599746,0.30760032,0.4071556,0.55078477,0.6607707,0.4562845,0.36353943,0.52934396,0.49371064,0.37322432,0.32016993,0.4334666,0.33868378,0.49022266,0.39196318,0.33739945,0.3722927,0.32293284,0.4816951,0.46407774,0.3029307,0.36561328,0.4194242,0.67863846,0.48517478,0.43708342,0.51266944,0.43373066,0.3929415,0.23992223,0.4113466,0.36640105,0.41004577,0.39839196,0.39737615,0.43554947,0.38073376,0.35586706,0.3021467,0.27088097,0.42832282,0.4418965,0.4103024,0.51731056,0.5340406,0.64180017,0.48164982,0.5240424,0.5102494,0.44619524,0.3116075,0.59694755,0.48830345,0.4146554,0.37230957,0.39950287,0.42044863,0.43048286,0.39822233,0.5080934,0.51016223,0.4859344,0.48051193,0.4706804,0.44684783,0.35456687,0.37060323,0.4556458,0.47684887,0.45572013,0.4695465,0.47644147,0.4849956,0.46389747
189,0.43204278,0.39042267,0.45538366,0.41243002,0.40965912,0.37150553,0.36246118,0.44131976,0.48593768,0.38430247,0.32975018,0.53330344,0.5171133,0.29640463,0.32192278,0.46060452,0.3589202,0.376476,0.40506187,0.37054545,0.36401647,0.39750355,0.36753252,0.45130062,0.5170005,0.5513344,0.3742175,0.38552508,0.34794658,0.24857886,0.22380452,0.48118848,0.25007316,0.38323277,0.35469687,0.48018357,0.44667286,0.40622574,0.49435756,0.4080978,0.41743755,0.45232832,0.42681697,0.4019743,0.38152325,0.32623208,0.4260425,0.3738505,0.37440902,0.34803656,0.44973162,0.41574326,0.45359313,0.43605283,0.43284953,0.35575458,0.403381,0.3970915,0.43722218,0.39877194,0.3504454,0.44508463,0.62500757,0.24944995,0.18812129,0.37278998,0.6481569,0.3789733,0.43894485,0.5606629,0.4286626,0.51790476,0.69657433,0.62671447,0.5879629,0.49640507,0.619511,0.4642902,0.6722566,0.49827623,0.5194363,0.5159459,0.4969974,0.45693046,0.60558087,0.45709434,0.4341455,0.29509494,0.5203134,0.46040395,0.5126828,0.47729936,0.4670946,0.43060356,0.35507637,0.38171732,0.54830545,0.4045181,0.42590073,0.413106,0.3972422,0.41330004,0.46271068,0.40474418,0.39118293,0.37992376,0.45805028,0.40278924,0.3618245,0.40671554,0.44086546,0.33599493,0.3970351,0.3804309,0.31510702,0.34604228,0.38718858,0.3990499,0.3564598,0.32714194,0.3618979,0.45595843,0.4789545,0.4315132,0.4752025,0.30334324,0.32241607,0.41124466,0.5560229,0.6718714,0.43673825,0.44404534,0.5707473,0.54965687,0.39493644,0.3990378,0.46560624,0.36409315,0.49516657,0.39940944,0.27361706,0.33905503,0.32425234,0.561357,0.5238394,0.32705253,0.3302915,0.5213427,0.69168186,0.48021463,0.39862794,0.48025522,0.41492522,0.46082288,0.23276468,0.4118605,0.36241278,0.38242587,0.41417202,0.4341605,0.30656108,0.39518702,0.3711367,0.34539592,0.29367012,0.4603604,0.43793446,0.38769394,0.47825304,0.42682835,0.7168909,0.5296499,0.45753425,0.42579448,0.4648703,0.31547987,0.6844612,0.45175034,0.37541574,0.39860022,0.43121964,0.41517222,0.4563617,0.43854916,0.42026117,0.36095694,0.3488772,0.46321648,0.50444657,0.39974394,0.4088604,0.52063066,0.4824356,0.3013025,0.3115153,0.47498664,0.343394,0.3725719,0.35357574,0.33399448,0.37924615,0.35788888,0.4005738,0.51293504,0.4841336,0.5281114,0.3399331,0.33752164,0.3656722,0.23207785,0.19732107,0.4630096,0.19253278,0.36216238,0.32193577,0.48184937,0.46017003,0.40624246,0.5121819,0.45131218,0.4372542,0.52910745,0.4016581,0.4358709,0.37666816,0.34942394,0.4457818,0.3908274,0.4309024,0.32908377,0.4883192,0.44751674,0.47235048,0.47653162,0.45636025,0.33676097,0.43335506,0.39231515,0.44667917,0.41647062,0.2985372,0.49846923,0.5665764,0.22799988,0.19442098,0.38113505,0.515879,0.50148827,0.44342718,0.5137259,0.4352869,0.3166115,0.71978533,0.56356215,0.5009045,0.54953486,0.6571686,0.40355146,0.38826248,0.34940132,0.52025217,0.43155974,0.55386525,0.42814642,0.6495337,0.52170736,0.56578183,0.30864257,0.4372655,0.39358097,0.6130979,0.33660072,0.45864612,0.4434403,0.34169546,0.3755363,0.60533875,0.58765686,0.44493797,0.40813103,0.44350743,0.47048563,0.5382703,0.4146751,0.39751285,0.3963419,0.49792042,0.3771966,0.3637644,0.41930607,0.48809713,0.39156005,0.39922923,0.37018883,0.28239754,0.35550398,0.33828288,0.36689362,0.38858864,0.33417216,0.33468327,0.415834,0.49006826,0.46686772,0.49544868,0.28261387,0.29836422,0.37654164,0.52626646,0.64316845,0.43836758,0.35547778,0.54437274,0.4912887,0.36417985,0.3118692,0.440784,0.3550343,0.4688546,0.3851919,0.30628523,0.3368879,0.29016504,0.47720397,0.44611096,0.289674,0.34525135,0.40661502,0.6866169,0.45749593,0.4105171,0.503466,0.42640468,0.4008422,0.2219324,0.40926644,0.3772164,0.4081946,0.37978217,0.3896665,0.35601616,0.34600404,0.35922453,0.27759182,0.26022065,0.42265892,0.4225465,0.39271554,0.51151794,0.51451963,0.6682706,0.47436655,0.520692,0.49806643,0.4376909,0.2712336,0.61190814,0.48239446,0.40382957,0.34708932,0.39983833,0.4170177,0.43652013,0.39782187,0.50842774,0.5165782,0.475834,0.46891806,0.46525627,0.43748176,0.34836787,0.3638603,0.45462736,0.4737133,0.45489848,0.46686938,0.461999,0.47384688,0.4559387
190,0.4139042,0.40605518,0.44851282,0.3975267,0.40351167,0.38333392,0.3687393,0.44036406,0.4803097,0.38333797,0.34785026,0.50513726,0.50201696,0.26836216,0.28249544,0.47242862,0.38512692,0.37549192,0.4094183,0.39104137,0.38201752,0.405908,0.38739124,0.4473946,0.48585027,0.5224351,0.33532333,0.357905,0.3323638,0.22146706,0.21605085,0.43995094,0.22867247,0.34891045,0.29407796,0.4700108,0.4218723,0.3833966,0.4641933,0.41283983,0.41852176,0.42324108,0.43534955,0.4002231,0.35126716,0.32551768,0.42074186,0.3767599,0.36127937,0.3575514,0.43830806,0.4041825,0.4518459,0.4373012,0.43496442,0.36761203,0.40090743,0.39923197,0.41914043,0.39012074,0.34622917,0.43507695,0.61567944,0.25322607,0.20093727,0.38549864,0.6114446,0.3904817,0.4070149,0.53235227,0.4216927,0.50376534,0.69182664,0.5997022,0.54644096,0.46185762,0.61778504,0.47564682,0.6539429,0.53064895,0.48677397,0.522304,0.51560485,0.44766408,0.60819525,0.44783524,0.40314364,0.28553247,0.49198264,0.43704346,0.5161999,0.4917617,0.4723343,0.40589508,0.34849688,0.39526352,0.55303335,0.41635552,0.43735203,0.41054088,0.40977335,0.4207019,0.4516022,0.41314098,0.3934251,0.37538296,0.46755803,0.40372393,0.36128366,0.39404833,0.4329352,0.32863566,0.401652,0.37758452,0.32683107,0.35507667,0.4002928,0.40357873,0.35233805,0.33589828,0.35684776,0.4568652,0.45373335,0.427605,0.45903286,0.29925224,0.3263314,0.36497477,0.5060564,0.61711514,0.41181216,0.42735448,0.5666915,0.5421864,0.38281414,0.40135533,0.4599077,0.3799266,0.46596208,0.3976869,0.26693526,0.33042464,0.31124663,0.54264593,0.48978302,0.3269973,0.33418092,0.5136587,0.661154,0.42971107,0.38109767,0.48464623,0.41409317,0.47514725,0.24269749,0.42855957,0.37582594,0.3893885,0.422348,0.438511,0.2466498,0.37644133,0.38688004,0.3534422,0.31258923,0.46131077,0.4184165,0.38915536,0.4678784,0.41942608,0.7101265,0.5115608,0.46315554,0.42136684,0.45955184,0.27925342,0.6735567,0.44193852,0.37404677,0.3876372,0.41183737,0.4295947,0.4432137,0.4236289,0.4153871,0.3676763,0.35452935,0.46086198,0.4974463,0.39664662,0.42124233,0.49433443,0.4743849,0.2731025,0.28497738,0.4838701,0.3673585,0.3720678,0.35474938,0.353413,0.37960073,0.37269372,0.41588816,0.5023449,0.46494317,0.48814502,0.31664452,0.30996308,0.34890267,0.2072414,0.19128239,0.42734477,0.16892768,0.34427497,0.2738741,0.47236633,0.44169548,0.38779286,0.49367577,0.44941154,0.4251089,0.49150822,0.3939838,0.43557364,0.34815964,0.35666433,0.42600948,0.38755512,0.41027626,0.33884504,0.4786868,0.42757294,0.4675087,0.4730618,0.44864357,0.3392925,0.42686132,0.39827663,0.4301708,0.40684265,0.2978447,0.49391216,0.5611159,0.23173144,0.20135447,0.40922126,0.47819474,0.51117605,0.4097587,0.48906413,0.41138324,0.31729862,0.7047004,0.5327754,0.44682813,0.5205672,0.65032357,0.42054477,0.3924199,0.38290066,0.5129037,0.44691956,0.5580352,0.41882947,0.6638391,0.5063377,0.5293779,0.29941407,0.40626064,0.39559048,0.608933,0.3461842,0.46272963,0.4296334,0.34907997,0.38844442,0.6050155,0.5904746,0.4399395,0.39989007,0.44531015,0.4715523,0.5218547,0.425765,0.39272508,0.38330975,0.4933817,0.3847862,0.36510223,0.4088772,0.49246907,0.38979048,0.3973852,0.37414244,0.29604325,0.3451189,0.35288218,0.37498915,0.38097313,0.34428272,0.33224,0.42168108,0.4614406,0.45527038,0.48018962,0.2816723,0.30804196,0.34748673,0.47371608,0.5846926,0.41030273,0.35020754,0.5479583,0.4771611,0.3616616,0.31667462,0.44760785,0.37771878,0.44223243,0.3903722,0.29835132,0.32407027,0.28181627,0.481859,0.44018957,0.2964132,0.3409081,0.40660542,0.6699245,0.41622815,0.3889013,0.49457178,0.42773998,0.41091588,0.2284608,0.4147249,0.39184132,0.4129043,0.37630755,0.39284125,0.2838728,0.3292121,0.36744133,0.2766909,0.27046114,0.4277157,0.41508874,0.39116198,0.49534652,0.49472323,0.66262275,0.46180242,0.51437193,0.48682544,0.4347992,0.2516596,0.60692525,0.47493318,0.40201828,0.3335343,0.41470903,0.42174563,0.44224793,0.40331677,0.498749,0.51292485,0.45978072,0.45186725,0.45798963,0.4315179,0.35594672,0.36932027,0.4555519,0.4705172,0.4565516,0.46493462,0.44503802,0.45955205,0.44784606
191,0.39872485,0.43495092,0.44994998,0.3880248,0.400566,0.4010038,0.38046375,0.44815585,0.47744146,0.40484333,0.3858503,0.46406537,0.48416778,0.2730729,0.27950567,0.48153713,0.42205644,0.38138628,0.42057073,0.41768056,0.4080938,0.4134973,0.4212243,0.45637807,0.44534934,0.47215468,0.31929052,0.35050803,0.33703172,0.21889235,0.23735796,0.39609286,0.2255609,0.3223791,0.2508263,0.46180293,0.408914,0.37843162,0.42954886,0.432822,0.4330469,0.3946506,0.45866466,0.41372496,0.33824497,0.34553087,0.41468045,0.39336494,0.3575156,0.3773652,0.4306557,0.3994675,0.4574221,0.43886426,0.4497566,0.3972472,0.40289333,0.4081539,0.414058,0.40246844,0.35233277,0.42725188,0.5855412,0.2812195,0.23690486,0.40217137,0.54211444,0.40995184,0.3705239,0.4795895,0.415768,0.47489247,0.66234165,0.5410455,0.4708298,0.4089658,0.5929645,0.48834506,0.60800445,0.5556421,0.4430437,0.52234846,0.5356599,0.45114607,0.59962845,0.44686657,0.36565635,0.2866236,0.467884,0.41706854,0.521268,0.5017064,0.4766839,0.38142386,0.35916114,0.4218636,0.55297965,0.43907616,0.4722006,0.42213348,0.43487516,0.44260788,0.4525717,0.43784648,0.41921628,0.38605943,0.4854276,0.42574993,0.3793,0.38903248,0.43176123,0.33501044,0.4321504,0.40049607,0.36234725,0.37481248,0.4196073,0.41004768,0.36072153,0.35957435,0.3670409,0.4539518,0.42610788,0.4376057,0.43962392,0.31531066,0.34783983,0.3247204,0.43774316,0.5299899,0.38405418,0.4032386,0.54637706,0.5193211,0.37316436,0.40745378,0.45252106,0.40484136,0.43491375,0.41656154,0.28832418,0.34690505,0.3225243,0.51914555,0.45839718,0.34691232,0.36214113,0.50523,0.6061809,0.3733362,0.36976534,0.4908547,0.4223095,0.4906607,0.27695695,0.45543805,0.39871234,0.40917906,0.4422232,0.45013183,0.2145093,0.37211552,0.409652,0.37148097,0.3410995,0.46350998,0.41162646,0.40671375,0.4578023,0.42607054,0.6721372,0.47631326,0.4771013,0.43416527,0.45906445,0.25712553,0.6329014,0.4421902,0.39290005,0.38557512,0.39705086,0.4519205,0.43953794,0.41310853,0.41354662,0.3824223,0.37046593,0.4616282,0.4881029,0.41034806,0.4496155,0.45710847,0.4673349,0.2767632,0.295103,0.49086344,0.40118203,0.38047794,0.3694393,0.38683218,0.38906324,0.39234766,0.4394532,0.4970886,0.45114034,0.43473274,0.3171152,0.30612382,0.34945637,0.20842314,0.2154367,0.39236367,0.17020582,0.3390596,0.24498822,0.46413314,0.43615928,0.38666722,0.46767637,0.45308265,0.42224875,0.44756487,0.4019862,0.44408372,0.33865723,0.37616566,0.4008327,0.3923291,0.3947901,0.3658609,0.46601173,0.40839192,0.4654649,0.46073472,0.4480856,0.35714394,0.42492208,0.41359448,0.42530385,0.41754916,0.31263536,0.4846422,0.5434835,0.26423842,0.2328207,0.44100666,0.4309834,0.51760304,0.3720971,0.44660917,0.38245475,0.3290745,0.65829366,0.48922402,0.37607795,0.46277237,0.6198577,0.4487337,0.40725374,0.4293588,0.498303,0.46459126,0.55795884,0.42344475,0.66449744,0.49114296,0.47200856,0.30068934,0.38276908,0.40572608,0.59116554,0.3697383,0.46652186,0.41311288,0.37227055,0.41546717,0.5938524,0.5754053,0.4540642,0.40269315,0.447299,0.48239902,0.50816286,0.45336142,0.40908912,0.38659048,0.49031082,0.41737667,0.3864695,0.4088772,0.49878025,0.39961982,0.41847026,0.40674254,0.33144766,0.34373325,0.37643424,0.38999215,0.38421184,0.36954892,0.3455687,0.4284863,0.43132457,0.45074442,0.46233872,0.3025197,0.33742228,0.32749075,0.41147313,0.5004113,0.38162196,0.35003358,0.53913623,0.45508415,0.36576062,0.33461416,0.45470023,0.406469,0.42025447,0.40955937,0.31522083,0.3358956,0.29937038,0.49320626,0.4446768,0.32552183,0.3575471,0.42270765,0.63247126,0.37483057,0.37591848,0.48754036,0.43779266,0.42511883,0.25881627,0.43020216,0.40904275,0.4283936,0.39105654,0.4101965,0.23541644,0.33216572,0.38276517,0.29654202,0.29920906,0.4409054,0.4236284,0.40504146,0.47379604,0.48017955,0.626588,0.44761646,0.5099842,0.48052436,0.44047025,0.25320104,0.5833148,0.46929613,0.41191953,0.3353638,0.43930712,0.4322942,0.44717407,0.41318974,0.48227736,0.50162214,0.44140607,0.43337175,0.45037252,0.42997783,0.376531,0.38568127,0.4584026,0.46893242,0.46054742,0.46419147,0.4303222,0.44542098,0.4427747
192,0.39054692,0.47172275,0.45523083,0.38684377,0.40310043,0.42460275,0.4017381,0.45992863,0.47377223,0.44597596,0.4413513,0.42332318,0.46735573,0.31016886,0.3125805,0.48909676,0.46775302,0.39427498,0.4392258,0.44834143,0.43945596,0.42416343,0.45741487,0.47561112,0.4115348,0.4167593,0.32931668,0.36569268,0.35997945,0.24117327,0.28654954,0.36527488,0.24282637,0.31061286,0.23605114,0.45441598,0.4106476,0.3939014,0.3969313,0.4615067,0.4576646,0.3731825,0.49214074,0.44266295,0.34616962,0.38565016,0.40852872,0.42563435,0.36800203,0.4072717,0.42396805,0.39948156,0.46646038,0.4356187,0.4720782,0.44155937,0.4121538,0.4243329,0.4238448,0.4368728,0.37265152,0.42845032,0.53892154,0.33375195,0.29668558,0.42023653,0.45984358,0.43289995,0.34329274,0.42073366,0.41804832,0.4421373,0.6077337,0.4683608,0.3896206,0.35948095,0.54735607,0.5039492,0.54218745,0.5680308,0.400733,0.5169465,0.55140495,0.47090766,0.57732934,0.45814303,0.33998528,0.30227524,0.4520107,0.4058651,0.5267114,0.50405824,0.47814584,0.3694607,0.38845906,0.45813382,0.54495496,0.4688783,0.52303463,0.44309232,0.46235093,0.47331783,0.46489272,0.47348532,0.46547863,0.41145235,0.50621307,0.468,0.41790006,0.3960985,0.44030908,0.3588818,0.48430577,0.4521597,0.41826198,0.40391502,0.44389063,0.41643524,0.38106638,0.3953184,0.38801312,0.44968387,0.40643194,0.4577605,0.4235507,0.34876353,0.3870096,0.3045284,0.37437463,0.43470895,0.36339712,0.3811115,0.51140845,0.48513493,0.37055716,0.41878697,0.4490463,0.43890506,0.41547254,0.4540383,0.3328175,0.38360164,0.35468295,0.49464703,0.43339857,0.385888,0.4150498,0.5034415,0.5363454,0.32946062,0.36663112,0.49473208,0.434606,0.50756294,0.33501458,0.4869788,0.431232,0.44001296,0.46642977,0.46752512,0.21365035,0.3837649,0.43886107,0.39611298,0.37501958,0.46836656,0.42286703,0.43426263,0.45320487,0.44605416,0.6046065,0.43721426,0.49479634,0.46006864,0.46297047,0.25693753,0.5675655,0.45253447,0.43144795,0.39906147,0.3907985,0.47580287,0.4424304,0.40930572,0.41670084,0.40597704,0.39777693,0.4635513,0.4756549,0.4390692,0.4943689,0.4235401,0.4622924,0.30993202,0.3380881,0.4971271,0.44453016,0.39573947,0.4001399,0.4299274,0.40710506,0.41800883,0.46285105,0.4968586,0.45187163,0.38690022,0.34000272,0.32673287,0.36468235,0.2340536,0.26830497,0.36864626,0.19704914,0.34266707,0.2405541,0.4567453,0.44555405,0.40539584,0.4380905,0.46090636,0.42999363,0.40909693,0.42923507,0.46295524,0.35198224,0.4067424,0.37760398,0.4095892,0.39241955,0.40813932,0.44913876,0.39164683,0.46446255,0.43931833,0.4554437,0.3905767,0.42986834,0.43360278,0.43618587,0.44979227,0.34506026,0.47413743,0.5127788,0.32316345,0.28641257,0.46520928,0.38664588,0.5110005,0.3438717,0.39800093,0.35843077,0.34878644,0.5802731,0.4490777,0.31763175,0.39463186,0.56364757,0.48487818,0.4250971,0.4734509,0.47475046,0.48031482,0.54957163,0.44461027,0.64213896,0.48264286,0.4124698,0.31418365,0.37236756,0.41880816,0.5612735,0.40022847,0.4670169,0.4010784,0.40635157,0.45255524,0.5664694,0.5429259,0.4863745,0.4149449,0.44483927,0.49806157,0.50043947,0.4908023,0.44513413,0.4053165,0.4886256,0.47351456,0.42796585,0.420001,0.5033868,0.42222726,0.4628695,0.46816382,0.38556924,0.35388187,0.4084882,0.40852523,0.39729872,0.4049717,0.37087557,0.4339334,0.41017488,0.45595196,0.44733804,0.3422256,0.38435346,0.3237456,0.36115974,0.41380128,0.36261612,0.3559376,0.5142603,0.42949432,0.37623647,0.36298814,0.46559033,0.44210723,0.41044533,0.4422762,0.3534438,0.36903685,0.34006792,0.50429934,0.44809973,0.37633318,0.39845213,0.4572972,0.5744997,0.34339222,0.368516,0.48093402,0.452709,0.44454142,0.31098276,0.45168725,0.4304116,0.45415825,0.4193592,0.44021183,0.21855378,0.35159746,0.4064872,0.33379737,0.34117645,0.45978978,0.44871742,0.4289615,0.4510532,0.4688781,0.5600664,0.43673214,0.5095592,0.47962835,0.45445698,0.27643493,0.5387678,0.467235,0.43506792,0.35782722,0.46743837,0.44754413,0.45217493,0.42625308,0.46395648,0.48699716,0.42491117,0.41838324,0.4439348,0.43312874,0.40743315,0.41001284,0.46293774,0.469701,0.46681792,0.46531168,0.42184034,0.43429464,0.44264373
193,0.39156625,0.5046515,0.46208775,0.39385125,0.41070578,0.44839704,0.42894456,0.4698816,0.46638295,0.49676228,0.5027098,0.39440545,0.4551209,0.37623346,0.37875095,0.49262306,0.5081982,0.41043562,0.45966813,0.47348347,0.46685782,0.43764958,0.4835549,0.49642503,0.39558366,0.3726922,0.36583245,0.39990088,0.39783108,0.284998,0.3568156,0.3531971,0.27671587,0.3167815,0.2510149,0.44854367,0.42592448,0.42617163,0.3746931,0.4894873,0.48333624,0.3635746,0.52691156,0.48152816,0.37336367,0.4355947,0.40413275,0.4662626,0.38948596,0.44089645,0.4164454,0.40135214,0.47425345,0.42719868,0.49434793,0.48974112,0.4275228,0.4462937,0.44521683,0.4857965,0.40551257,0.43822354,0.4870846,0.4036286,0.37086713,0.4378411,0.38556087,0.45437974,0.32987502,0.36943015,0.42953998,0.4124159,0.5370989,0.40500414,0.3293785,0.32710445,0.4854287,0.52137464,0.4760576,0.5676924,0.37339357,0.5105803,0.5615354,0.50376594,0.5445429,0.4835191,0.33666855,0.32924137,0.44673902,0.4051092,0.5332712,0.4993366,0.47406185,0.37499666,0.43199784,0.49505022,0.5308981,0.49946412,0.5719325,0.46488088,0.48230186,0.5015179,0.48057932,0.5082419,0.51748544,0.44446132,0.5214778,0.5208213,0.4706814,0.41329423,0.4609548,0.39961103,0.54186076,0.5203654,0.47963035,0.4343357,0.4666969,0.41948956,0.4077801,0.43295068,0.41284686,0.44487295,0.39908007,0.4786815,0.41426584,0.39074868,0.43336642,0.30751625,0.3329101,0.3575924,0.35294858,0.3628233,0.47023496,0.44612387,0.3760012,0.43455067,0.45310238,0.47282416,0.41577342,0.4997317,0.38834774,0.4303036,0.3983595,0.4771977,0.42247653,0.4353273,0.47957468,0.5117862,0.46823844,0.3050594,0.37041175,0.49446672,0.44638604,0.5195855,0.4039971,0.51214343,0.46401322,0.4698384,0.48377398,0.4836796,0.24446677,0.40955514,0.46626276,0.42017418,0.40419036,0.47658083,0.44827232,0.46055335,0.45780635,0.48110718,0.52157474,0.4054957,0.5079321,0.48817977,0.46811512,0.27728918,0.48874727,0.46853492,0.48398656,0.43059862,0.3946862,0.49219295,0.4493999,0.41230908,0.42419538,0.43256056,0.42909095,0.46524683,0.46095294,0.4757503,0.5455885,0.40525612,0.45901132,0.3677119,0.40523708,0.50005156,0.48627436,0.41110307,0.43877354,0.46971115,0.42630395,0.44578978,0.47813746,0.49698302,0.4695177,0.35843384,0.38100725,0.3674842,0.38987404,0.2799576,0.3417397,0.3590223,0.24916956,0.35007408,0.25904745,0.4515946,0.465781,0.44052002,0.41237614,0.4712895,0.4467379,0.38568342,0.47133186,0.48898688,0.38464433,0.4421212,0.3637092,0.4378988,0.40288565,0.45377952,0.43052796,0.38098192,0.46260086,0.4161192,0.46940595,0.43330118,0.43936196,0.45135987,0.45922008,0.4962068,0.39054298,0.46554407,0.47363794,0.39837804,0.34852424,0.4736667,0.35138497,0.48764116,0.32957533,0.3530545,0.34488472,0.3667046,0.48510346,0.42381874,0.2872353,0.3327902,0.48731098,0.52061915,0.4398179,0.5043072,0.44521943,0.49017248,0.53338784,0.47843164,0.5950178,0.4858627,0.36556372,0.3353287,0.37521917,0.42897886,0.52558744,0.42936724,0.4626105,0.39908814,0.44311354,0.48989734,0.5251556,0.4985449,0.52584875,0.43147555,0.43843967,0.51045126,0.4956782,0.5256706,0.4893039,0.43225926,0.4858752,0.5402999,0.4819362,0.43843654,0.50669795,0.45188195,0.519623,0.54209054,0.4459881,0.37316757,0.442136,0.42497116,0.41524842,0.43965676,0.40233654,0.4357948,0.40222582,0.46862215,0.43685526,0.39038402,0.43523622,0.33778805,0.33467904,0.34578118,0.35580206,0.36249092,0.4753738,0.40383804,0.38940167,0.3933305,0.47810584,0.47556192,0.41430953,0.47800896,0.40136966,0.41397348,0.39180392,0.5107487,0.4450292,0.4366971,0.45505345,0.50305074,0.50412697,0.32372195,0.36294436,0.47471967,0.46743473,0.4636805,0.37146622,0.470119,0.45079142,0.48015454,0.45048252,0.47313362,0.23467657,0.38145396,0.4322521,0.37885132,0.38311565,0.48054275,0.48277712,0.45316353,0.4325664,0.4599177,0.4715714,0.43230787,0.51052004,0.4817551,0.4712266,0.31769544,0.4766726,0.4673366,0.469343,0.39997178,0.49273473,0.46524256,0.45564458,0.43877476,0.44894984,0.4737134,0.41397658,0.41066098,0.4398176,0.43962362,0.43978846,0.43492013,0.46802774,0.47181264,0.47502768,0.46936437,0.42127186,0.42825425,0.4464924
194,0.4006855,0.5250005,0.47266218,0.4061457,0.42067483,0.46476707,0.45270547,0.47400993,0.45428398,0.5475612,0.55572194,0.38101944,0.45227653,0.45865986,0.46677887,0.49263647,0.53205824,0.42316568,0.47575203,0.48414624,0.48036242,0.4484284,0.4954753,0.51037383,0.3978413,0.34664083,0.42248735,0.44475633,0.44620323,0.3388023,0.43102294,0.3549781,0.3138868,0.3350203,0.28670356,0.44342008,0.44885495,0.4661185,0.36419052,0.5096888,0.5004228,0.36382517,0.5579051,0.5234787,0.41320708,0.48384643,0.40217003,0.50366765,0.41463858,0.47134978,0.4078396,0.4026927,0.4774734,0.41699862,0.5112072,0.53219664,0.44369817,0.46939957,0.47185692,0.53852654,0.4426486,0.45114344,0.44488505,0.4743748,0.43570304,0.45101798,0.33054146,0.47042155,0.32670537,0.33016893,0.44450945,0.38781083,0.47148868,0.36467117,0.29658806,0.31196302,0.41935325,0.540395,0.42871925,0.55965906,0.36668748,0.50829685,0.5715122,0.5439634,0.5131499,0.52072275,0.35105005,0.35487306,0.4528859,0.4113386,0.5430762,0.4908631,0.4647447,0.39359638,0.48027226,0.52556336,0.51893723,0.5265464,0.60700065,0.48100424,0.48965988,0.5184546,0.4909435,0.53199816,0.55956256,0.4751097,0.525942,0.57403445,0.5261652,0.4327513,0.4928129,0.44832504,0.5914424,0.58716387,0.5307855,0.4582082,0.48290688,0.41654044,0.43194905,0.45982915,0.43614918,0.43808174,0.4018426,0.49127218,0.40984306,0.43001434,0.47202706,0.3265028,0.31414312,0.31034905,0.34874564,0.34471205,0.43478727,0.40967873,0.3844154,0.4501569,0.46437123,0.4943547,0.4329226,0.543434,0.44006568,0.47756392,0.44372326,0.47468662,0.43060476,0.48379743,0.53823006,0.53069717,0.4190391,0.29605722,0.37737003,0.49526954,0.45789075,0.5229484,0.46281075,0.5229928,0.48529541,0.48892617,0.4901848,0.4939904,0.30062395,0.4431779,0.4826347,0.43585885,0.41572866,0.48684478,0.47763893,0.4765754,0.47364482,0.5293632,0.4472979,0.38408595,0.5098122,0.50765586,0.47011372,0.30834666,0.41454974,0.48439392,0.5410212,0.47340447,0.40690482,0.49572846,0.46187618,0.42065135,0.43317267,0.45300388,0.45273983,0.4649124,0.44495705,0.51311153,0.5915348,0.4045092,0.45937166,0.43895265,0.48265323,0.4999876,0.51494056,0.41861802,0.47282416,0.49420372,0.43583283,0.46673325,0.4812817,0.4937847,0.49952653,0.35150185,0.43325782,0.41799644,0.42164344,0.33512777,0.417217,0.35792267,0.31570822,0.3549585,0.29014012,0.44807446,0.4889882,0.48316798,0.39357412,0.48165905,0.46721995,0.37746802,0.5185905,0.5178456,0.4271764,0.47636774,0.35980093,0.47084665,0.4204076,0.49051827,0.41300792,0.37725142,0.45792493,0.39824292,0.4860597,0.47547188,0.44826707,0.46123478,0.4853885,0.54532164,0.43635532,0.46061167,0.4366024,0.47146416,0.39684755,0.4644174,0.32571584,0.45477107,0.3248732,0.31615835,0.33971196,0.37250218,0.40046036,0.41735414,0.28212202,0.28340113,0.408952,0.5496012,0.44889343,0.5205244,0.41601384,0.4920339,0.5173328,0.5182433,0.5376237,0.5025095,0.33572453,0.3540526,0.38823086,0.43318212,0.49491996,0.45040327,0.4548167,0.4068843,0.47441393,0.5198139,0.4821795,0.45468375,0.5610069,0.44588995,0.42990813,0.51477677,0.48830947,0.5476688,0.52679837,0.4575426,0.48006582,0.6028956,0.53633887,0.45768785,0.5129735,0.47968858,0.57436734,0.60880655,0.49648014,0.39442962,0.4681421,0.43449116,0.43058288,0.46217844,0.43327335,0.43232527,0.40508372,0.48100665,0.42890456,0.43296382,0.47294334,0.36314037,0.3294909,0.3037456,0.35602105,0.36161932,0.43100047,0.37999484,0.39894164,0.41431937,0.488264,0.49471107,0.42756996,0.5064161,0.44503534,0.46050566,0.4400355,0.51529145,0.43904883,0.49027345,0.5118972,0.5492094,0.4396798,0.31226906,0.35714722,0.47418642,0.48059893,0.4759213,0.41941765,0.4774108,0.4615745,0.49794662,0.47595522,0.49918926,0.27907646,0.4144229,0.44931084,0.41771817,0.4090122,0.49880683,0.51419187,0.46943578,0.42351556,0.4557012,0.3820034,0.4347895,0.50813055,0.4820909,0.48271435,0.36681643,0.410459,0.46658912,0.50799274,0.4512213,0.51129234,0.48119065,0.45432293,0.44593224,0.44003662,0.46455798,0.40952426,0.41006732,0.43803617,0.44655713,0.46285906,0.45216292,0.4723442,0.47389656,0.48430744,0.47620386,0.4270168,0.42736652,0.45147133
195,0.4163804,0.5296656,0.48585826,0.4211508,0.43087235,0.47047803,0.46638876,0.46998277,0.43768927,0.59087646,0.590895,0.38413444,0.46176928,0.53558606,0.55454975,0.49406365,0.5407362,0.42751053,0.48659107,0.47904715,0.47623655,0.4523159,0.4923233,0.5128318,0.41547632,0.3400784,0.48624074,0.49001294,0.49398556,0.38581315,0.48461315,0.36717,0.3400322,0.35710782,0.3318896,0.43687892,0.4724323,0.5046332,0.36253253,0.5179498,0.50302833,0.3691583,0.58254063,0.5619861,0.45759836,0.52353096,0.40144563,0.5310746,0.44017044,0.49661642,0.39847523,0.4019265,0.4737512,0.40655512,0.5189644,0.5623707,0.4567295,0.4888591,0.4982012,0.5856534,0.47525075,0.4648223,0.42324716,0.5271937,0.46831614,0.4561789,0.3006518,0.47567108,0.33388346,0.3076365,0.4579002,0.37209052,0.42920616,0.35251063,0.29147384,0.31493104,0.36650938,0.5634541,0.4106859,0.5487222,0.38037142,0.5132564,0.5828739,0.58639646,0.49381202,0.561921,0.3730077,0.36957118,0.46834558,0.42128202,0.55615395,0.48265713,0.4538301,0.42107156,0.5235188,0.54650295,0.5123439,0.5451233,0.62458146,0.48710927,0.48188135,0.52046394,0.49209097,0.53918576,0.58396924,0.4960184,0.51714385,0.62067175,0.57494336,0.44970894,0.531974,0.49344197,0.62778854,0.640346,0.5635565,0.4730969,0.49298245,0.4082626,0.44595197,0.4678451,0.45274863,0.42990494,0.41193396,0.48976192,0.40656552,0.45631072,0.4930046,0.3542246,0.31542158,0.29608524,0.3499708,0.32863578,0.41324553,0.3835998,0.39158472,0.46247065,0.48174414,0.4989135,0.4603795,0.5799724,0.47592455,0.5159752,0.48226377,0.48987445,0.4549097,0.52281445,0.58118176,0.56064314,0.3994525,0.30002218,0.38274708,0.5018836,0.46847308,0.51953715,0.4937617,0.51685286,0.49045935,0.49655357,0.48704654,0.49704698,0.36886242,0.4753,0.4850426,0.4390675,0.4039987,0.49662986,0.50346607,0.47776106,0.50170785,0.57739115,0.40192088,0.37442866,0.4973031,0.51140815,0.46467045,0.34061515,0.36243573,0.49698773,0.5917062,0.51707286,0.42481935,0.48541102,0.4792673,0.43260708,0.4415628,0.46221012,0.46191564,0.45976442,0.4283533,0.5453358,0.62593824,0.41941208,0.46579313,0.506186,0.5523766,0.50098234,0.5280847,0.41425905,0.4960101,0.5000186,0.43022108,0.4743518,0.46997637,0.48665327,0.53597486,0.36515477,0.48484144,0.46469346,0.45382208,0.38411257,0.46987748,0.36284932,0.37658983,0.35316885,0.32298097,0.44386142,0.50849885,0.5240075,0.38063136,0.48822182,0.4846996,0.38023373,0.5614019,0.54517674,0.46951833,0.50499564,0.36218017,0.5014463,0.44118163,0.51455384,0.39779007,0.37833408,0.44856986,0.3865215,0.49954265,0.50765973,0.4539596,0.46240968,0.50757784,0.5867248,0.47046536,0.4600433,0.41250166,0.52321464,0.41596726,0.44052953,0.31127316,0.4217365,0.3288811,0.2920753,0.34141785,0.36429405,0.34792995,0.4336861,0.29834557,0.25188968,0.34920022,0.57042193,0.45284912,0.5225478,0.39313442,0.4881224,0.5092316,0.5575428,0.48985058,0.5301182,0.3255612,0.3648968,0.409124,0.43173137,0.47864982,0.45978045,0.44631913,0.42302203,0.4948919,0.5385268,0.4476594,0.42265514,0.5853741,0.45197767,0.41842434,0.51029515,0.47554812,0.55134326,0.5484359,0.4737109,0.4698202,0.6520715,0.58169025,0.4727131,0.5251948,0.50164783,0.6166645,0.6578359,0.52606064,0.41112956,0.482028,0.43463278,0.43823406,0.46569145,0.45486256,0.42390335,0.41575503,0.4840832,0.42111942,0.4580452,0.48705518,0.3908541,0.3409757,0.29052296,0.3606571,0.35115507,0.39262208,0.36283627,0.40123588,0.42006698,0.49715248,0.49499437,0.44708472,0.52576596,0.4749762,0.49896747,0.4744532,0.5224817,0.43296894,0.5264747,0.5571386,0.5893226,0.39880425,0.3090007,0.34991106,0.48323312,0.49095085,0.47889215,0.43897754,0.47039086,0.45900062,0.5064356,0.49092022,0.5129,0.34357423,0.44110638,0.45138687,0.43984008,0.40974718,0.51116073,0.5350094,0.47323334,0.42799863,0.4568686,0.3167295,0.44436637,0.49839425,0.4758415,0.48197716,0.41083628,0.3572298,0.46334144,0.54263115,0.49903852,0.51991034,0.4904999,0.4478066,0.4453242,0.43868402,0.46122494,0.41174737,0.4159103,0.4388537,0.45193517,0.46953663,0.4568084,0.47556442,0.4763298,0.4929361,0.4843305,0.437652,0.43189427,0.4560793
196,0.43811825,0.5201584,0.4981245,0.43787467,0.44118795,0.4679197,0.46940818,0.458468,0.41898572,0.6211911,0.6067284,0.4027587,0.48319137,0.58767056,0.61990756,0.5011996,0.5408381,0.4228835,0.49507925,0.46351534,0.45892283,0.44966766,0.47555837,0.5038081,0.44348633,0.35185263,0.540891,0.5246263,0.5280456,0.4123873,0.5019339,0.3870513,0.34819883,0.37762314,0.37458435,0.4280808,0.49080434,0.5345273,0.3664379,0.5135027,0.49133357,0.3762432,0.59904134,0.59075755,0.49749798,0.5500071,0.40037385,0.54792076,0.46503958,0.5167568,0.38942608,0.39903155,0.46330398,0.39616978,0.5161909,0.576909,0.46480364,0.50189185,0.51948065,0.6200591,0.49608412,0.4785324,0.42660713,0.5498906,0.46203467,0.45273796,0.29727313,0.46828923,0.35135671,0.30495766,0.46667644,0.36950165,0.4179441,0.36801258,0.31256053,0.33614892,0.33929685,0.59056795,0.42401317,0.54033583,0.41127402,0.5267519,0.5939969,0.62434876,0.49135348,0.59695375,0.39349535,0.37196428,0.48919693,0.432813,0.5697255,0.47802308,0.4452809,0.45201227,0.5554762,0.5570414,0.51132065,0.55121225,0.6252209,0.4819302,0.4605114,0.50872993,0.48388973,0.5291507,0.5903266,0.50417745,0.49523604,0.65526325,0.610064,0.46262464,0.5713749,0.5245729,0.6491463,0.6746115,0.57601684,0.4797247,0.49993038,0.39819914,0.44657615,0.45619974,0.45963645,0.42263806,0.42568135,0.47345716,0.40166807,0.4641126,0.49476582,0.38326782,0.33388665,0.31253558,0.35712755,0.31934446,0.40917423,0.37284604,0.39614433,0.470875,0.5023391,0.49035826,0.49070174,0.6054186,0.49014443,0.5384751,0.5080002,0.5200322,0.4892379,0.5484581,0.60638076,0.5977389,0.41061413,0.31518194,0.38386735,0.51475364,0.47639862,0.5140642,0.49178022,0.49770638,0.48193556,0.4968868,0.47854015,0.49385977,0.42975968,0.49832377,0.47636423,0.43104774,0.37524775,0.5034623,0.5214813,0.46392292,0.5384134,0.6106607,0.39401162,0.37719294,0.4715962,0.4985833,0.449664,0.36626434,0.34055218,0.5046239,0.6269224,0.5512389,0.44691563,0.46492818,0.49841502,0.44741592,0.4498682,0.46168044,0.4585654,0.449431,0.41331494,0.568441,0.6472841,0.444818,0.4795058,0.55231357,0.5989871,0.5067221,0.5295024,0.40013632,0.5091569,0.49155152,0.41379052,0.4697762,0.44715866,0.47695112,0.57142365,0.39482206,0.52164865,0.4955227,0.47767287,0.4130308,0.48418123,0.37213397,0.412688,0.34581468,0.34878927,0.438041,0.5206239,0.55496377,0.37236872,0.48866317,0.49462003,0.39057383,0.5934057,0.565942,0.50310564,0.5235828,0.36783835,0.52541906,0.4635446,0.5274706,0.3864021,0.38235137,0.4354679,0.37979725,0.50560063,0.5245946,0.45634615,0.4576799,0.5225303,0.61398834,0.48552355,0.46266165,0.40673506,0.54185444,0.4049432,0.40909407,0.30838662,0.3949864,0.34079868,0.28277403,0.347718,0.34686482,0.332293,0.4705129,0.33105725,0.24039498,0.31811056,0.5837514,0.45456383,0.5127306,0.38139287,0.48254675,0.5118441,0.58925897,0.46375448,0.56145793,0.33341992,0.3678295,0.4329082,0.42691776,0.47880948,0.45683196,0.4389486,0.44343415,0.5044537,0.545313,0.42641073,0.40573463,0.5968914,0.44692895,0.4044904,0.49958473,0.45874363,0.5370683,0.55347574,0.47803578,0.4549401,0.68342304,0.61125714,0.48070312,0.5417875,0.5155524,0.6418979,0.686544,0.53222984,0.42058516,0.48484048,0.42564523,0.43660823,0.45004478,0.46113566,0.41274095,0.43039984,0.47352654,0.4119195,0.46040678,0.47739807,0.41188806,0.36390543,0.30348817,0.3688025,0.33465186,0.36952844,0.356436,0.39658415,0.41238302,0.5069462,0.48053646,0.46908382,0.5373079,0.4872551,0.52257425,0.49061272,0.53333193,0.4283308,0.5431595,0.58601725,0.61923105,0.38707826,0.3138323,0.34081534,0.5008906,0.49738973,0.4749091,0.42732924,0.45298302,0.44614893,0.5091754,0.49501196,0.5144235,0.4109894,0.4530234,0.44027394,0.4423697,0.38794228,0.5153642,0.5424924,0.46412086,0.4453141,0.46163762,0.28759563,0.45909438,0.4809162,0.46156928,0.4669323,0.43755817,0.32648078,0.45718062,0.5663542,0.53285617,0.5162209,0.48931974,0.43828517,0.43699962,0.44432062,0.46354136,0.41974026,0.42713785,0.44220102,0.4549377,0.45899835,0.4483489,0.47804725,0.4800765,0.49864477,0.49148378,0.45170248,0.44128636,0.4601514
197,0.46346614,0.502554,0.50730866,0.4551314,0.4519643,0.46270284,0.46642792,0.44308218,0.40217292,0.63690495,0.6095606,0.43137935,0.5125222,0.6063369,0.65184563,0.51570517,0.5401702,0.4123045,0.5045496,0.4465113,0.43776155,0.44420534,0.4510052,0.48655567,0.47361478,0.37660998,0.5742825,0.54099756,0.5436608,0.41227067,0.48305303,0.4074484,0.33661482,0.39064723,0.4016114,0.4182769,0.5002584,0.55129355,0.3727725,0.49900547,0.47058022,0.38437587,0.6068325,0.606077,0.5265637,0.5644413,0.39979187,0.55796957,0.48881176,0.5339967,0.3825201,0.3956368,0.44938055,0.3877623,0.5047662,0.57715374,0.46769252,0.5078801,0.53127116,0.63733894,0.49946532,0.48851302,0.45122576,0.53944343,0.42298624,0.44167826,0.31683734,0.45141563,0.37281188,0.31953156,0.46745026,0.37924197,0.43533358,0.40435663,0.3537195,0.3691456,0.3393357,0.61836517,0.463023,0.54112625,0.45179802,0.54814166,0.6053203,0.65145,0.5044243,0.6187265,0.4066108,0.3638374,0.51071304,0.44317725,0.58079827,0.47847968,0.44086638,0.47748983,0.5756936,0.56035537,0.5163557,0.5436597,0.61172813,0.46784317,0.43206155,0.48793438,0.4685321,0.5060533,0.5821627,0.50096714,0.46563053,0.674142,0.6272247,0.47030753,0.6021063,0.5345637,0.6544222,0.68904114,0.57092905,0.4817882,0.50850385,0.3896424,0.4352807,0.4308987,0.45751524,0.41871196,0.439372,0.44755664,0.396026,0.45460245,0.48305035,0.40586957,0.36414748,0.3517927,0.36790997,0.31821498,0.42146862,0.3773224,0.3982097,0.4765124,0.5237131,0.47817388,0.5173102,0.6179287,0.48397025,0.54465246,0.52013993,0.55854607,0.5256117,0.56306314,0.61642903,0.63448286,0.44460547,0.33619055,0.37982148,0.5319072,0.48076147,0.511866,0.46454948,0.47487533,0.46798137,0.495537,0.47002554,0.4877548,0.46483245,0.50833356,0.46289024,0.41532698,0.34056616,0.50619227,0.52987635,0.43928444,0.57450366,0.62373024,0.42195576,0.39104396,0.4384973,0.47443196,0.42817974,0.37878016,0.347221,0.5062477,0.6408751,0.5673412,0.47062588,0.44187164,0.51549506,0.46405408,0.45910668,0.45668772,0.44972852,0.4368943,0.40266785,0.5810723,0.6583359,0.47230503,0.49908864,0.5677789,0.61570925,0.519169,0.5271469,0.38194335,0.5163869,0.47704595,0.39548147,0.45948377,0.42054316,0.46609426,0.5979008,0.42993334,0.5367672,0.5046967,0.4897331,0.41482773,0.46157277,0.38035432,0.41303894,0.335184,0.3595738,0.4316729,0.52417433,0.57134813,0.36878768,0.48342717,0.49636582,0.4068251,0.6115153,0.5775359,0.5241867,0.53406966,0.37731352,0.54287,0.4872941,0.5345762,0.38093755,0.38901466,0.42251834,0.3788796,0.504067,0.52719206,0.45695877,0.45062158,0.5284903,0.62508845,0.4782532,0.46513358,0.41786745,0.5252979,0.37097418,0.37858295,0.31473663,0.37791044,0.35484344,0.28578216,0.35385028,0.32558712,0.34787738,0.5155094,0.37075505,0.24585249,0.31502375,0.5918022,0.45766467,0.49734637,0.38292906,0.47964525,0.5243824,0.6090358,0.46216393,0.58827007,0.3524878,0.3630112,0.45140222,0.42095518,0.49169558,0.4445149,0.43352464,0.46064413,0.5074325,0.54450566,0.42122567,0.40241584,0.5962781,0.43288544,0.39162457,0.48611182,0.44148248,0.51054484,0.5466013,0.4720537,0.43805426,0.69611275,0.621707,0.48078996,0.5575767,0.517611,0.6500848,0.69576967,0.52012265,0.425269,0.4836798,0.41091087,0.42680925,0.4215013,0.4534019,0.40192434,0.44499332,0.4520644,0.4024449,0.44290105,0.45244047,0.42007732,0.39124474,0.3339989,0.37813196,0.31702742,0.36516383,0.36051038,0.38772509,0.39726147,0.5198852,0.46238515,0.48791265,0.54325074,0.48302543,0.53030604,0.49053526,0.54712087,0.42719996,0.5456569,0.5999956,0.63823175,0.40053958,0.3227839,0.33052444,0.5233345,0.5004082,0.468985,0.39352727,0.43307906,0.43178728,0.5109746,0.49106005,0.50787276,0.458301,0.44807416,0.42344978,0.42826623,0.3533345,0.51084733,0.53829414,0.4453099,0.46930453,0.46787262,0.29254737,0.47465682,0.45930123,0.44187883,0.44223756,0.44033813,0.3185097,0.44878516,0.5748893,0.5450503,0.50114876,0.47724494,0.4287306,0.42362908,0.4540439,0.46945754,0.43093225,0.44083387,0.44668078,0.45512354,0.43658778,0.43037096,0.47968504,0.4848198,0.4997661,0.49546143,0.4661553,0.452811,0.46348605
198,0.48808014,0.48531434,0.5144291,0.471599,0.46329385,0.45982835,0.4631766,0.428915,0.39178342,0.64099395,0.60801834,0.46263596,0.5449587,0.59233904,0.6498857,0.53704035,0.5441898,0.4009822,0.5172357,0.43626037,0.4214344,0.44076982,0.42752707,0.46553808,0.49860325,0.4066533,0.5842607,0.538882,0.5449682,0.38670892,0.4375706,0.4194541,0.3069718,0.39052266,0.40377367,0.411494,0.501653,0.5551687,0.3816167,0.47982287,0.44788545,0.39510512,0.60685205,0.60873455,0.5448408,0.572831,0.4019921,0.5658549,0.511431,0.5516806,0.38006666,0.39363745,0.43680558,0.38350853,0.48917902,0.5663212,0.4672219,0.5088866,0.53266084,0.6369318,0.48288402,0.48889944,0.48834586,0.4997249,0.36279052,0.42604545,0.35204768,0.42985484,0.3889788,0.34450865,0.45786327,0.39505997,0.47314674,0.45084938,0.40500548,0.40385178,0.3613169,0.6435642,0.51851404,0.555713,0.49282438,0.5757161,0.6187849,0.6657445,0.52816427,0.62594193,0.41047415,0.34699354,0.5289563,0.44979796,0.588488,0.48390627,0.44003135,0.48998198,0.5884298,0.5615641,0.52705395,0.52432215,0.588147,0.4491104,0.40401083,0.46442407,0.45014584,0.4772713,0.5644243,0.4906607,0.43637294,0.6767446,0.62631285,0.47242433,0.6186824,0.52193016,0.64405453,0.685132,0.5522214,0.483023,0.52223176,0.38394645,0.41568944,0.40021747,0.44943875,0.41962838,0.45084253,0.42019883,0.39318934,0.43356514,0.46527764,0.41725433,0.3991585,0.4019571,0.37822673,0.32256445,0.44658563,0.3935257,0.3989191,0.48219192,0.5462771,0.4714391,0.5379551,0.6197167,0.46378934,0.53909594,0.52219534,0.59910053,0.5576523,0.57262164,0.6139962,0.6657605,0.4891971,0.35599276,0.37026218,0.5515666,0.48249888,0.5160836,0.4244496,0.4577819,0.45741674,0.49724025,0.46587083,0.48216143,0.4666563,0.50515056,0.4508309,0.39428407,0.30748716,0.5054199,0.5304094,0.4103587,0.6017544,0.61873037,0.47855413,0.41280067,0.4054758,0.44696325,0.40673262,0.37469932,0.37539476,0.5025214,0.6324411,0.5626487,0.49223384,0.42449814,0.52888054,0.4813784,0.46967018,0.45253614,0.44193926,0.42682698,0.39915237,0.5851326,0.66356605,0.49471667,0.52211607,0.5518902,0.60329354,0.538425,0.52850384,0.3657727,0.5222262,0.46476138,0.38312522,0.4504379,0.3986114,0.45547307,0.61127794,0.45889235,0.5331159,0.49421805,0.49369055,0.39179996,0.41407278,0.3811698,0.37808007,0.32189682,0.35067737,0.42859474,0.52120364,0.5739713,0.3722302,0.47545633,0.4931383,0.42849547,0.61544216,0.5813486,0.53528816,0.5434547,0.39248836,0.55689675,0.51290315,0.5415006,0.38337436,0.39913556,0.41444495,0.3850058,0.49824083,0.5188139,0.45825776,0.4446224,0.5261591,0.6220393,0.44959712,0.46397537,0.44047353,0.47874543,0.32281986,0.35581192,0.32657245,0.3710513,0.36344415,0.2968397,0.35643783,0.30303147,0.38632903,0.5545575,0.40648744,0.26335064,0.33503956,0.59699786,0.4645889,0.48359677,0.3968178,0.48323652,0.54508954,0.61745536,0.48229992,0.6061785,0.37451324,0.35008764,0.45823833,0.41418236,0.5126831,0.42810583,0.42995104,0.46838993,0.5090159,0.54248655,0.4327694,0.4099598,0.5860434,0.41426298,0.3837729,0.4734405,0.42779973,0.48006797,0.53382385,0.45967343,0.42312813,0.6919789,0.61397463,0.47416916,0.5684845,0.5047268,0.64375883,0.68743473,0.4967424,0.429011,0.48604178,0.39507884,0.41173732,0.3885041,0.43798968,0.39429668,0.45755327,0.42669174,0.39546385,0.41301993,0.42260444,0.4146063,0.41671732,0.37117642,0.38580385,0.30139327,0.37831944,0.3723256,0.3781229,0.38120908,0.53768563,0.45136914,0.50012565,0.5464249,0.46777213,0.5255299,0.48009127,0.56345624,0.4311393,0.54150945,0.60230845,0.64910585,0.43203413,0.33027145,0.3199547,0.5472046,0.5020689,0.4658768,0.35018063,0.4182436,0.42422447,0.5155989,0.48347226,0.49755806,0.47167787,0.4304234,0.4088344,0.402307,0.31508946,0.49897784,0.5271791,0.42206764,0.4929833,0.47392082,0.32478565,0.4873009,0.4381527,0.42193708,0.41572773,0.42019826,0.32937968,0.44020098,0.56818485,0.5341054,0.47864753,0.4576754,0.42114082,0.40930533,0.4648581,0.47665763,0.44252563,0.45370322,0.45066792,0.45258713,0.4096088,0.40820035,0.4797696,0.4894577,0.4961967,0.49533266,0.47810775,0.46366754,0.46570313
199,0.5079576,0.47608468,0.52217627,0.48651555,0.4752481,0.46226192,0.46360397,0.42083296,0.39170963,0.6388384,0.60826355,0.48971516,0.57734275,0.5519272,0.6179961,0.5641854,0.55546606,0.39397016,0.5349722,0.4379926,0.41553897,0.44319823,0.4133861,0.4452809,0.5141344,0.43434548,0.5757357,0.5230042,0.5385363,0.34352985,0.38022146,0.4172955,0.26637197,0.3759311,0.37981346,0.41294202,0.4999975,0.5504,0.39650118,0.46276844,0.43003514,0.41074923,0.6012126,0.60258657,0.55662316,0.5810323,0.4088572,0.5755271,0.5336395,0.5723804,0.3841196,0.39430615,0.43012863,0.38417673,0.4750836,0.5479025,0.4664944,0.50841,0.52723324,0.62172955,0.44922507,0.47581646,0.5282309,0.44123483,0.29738802,0.4114081,0.3923737,0.40859407,0.39333054,0.3713159,0.4392232,0.40886173,0.5199587,0.49567762,0.45437238,0.43171299,0.39703426,0.6643468,0.5791716,0.5838854,0.5266402,0.60628116,0.6346975,0.66881174,0.55645835,0.6209008,0.406117,0.32446805,0.54171425,0.45097426,0.59286124,0.4930175,0.4411562,0.48651442,0.59903103,0.5647586,0.541038,0.49760917,0.5598252,0.43030974,0.381917,0.44506663,0.43374217,0.4511282,0.54312,0.47857356,0.4134825,0.6650622,0.6109106,0.46999744,0.6201783,0.4913552,0.6212982,0.6664145,0.5241214,0.48535123,0.54164803,0.38148743,0.39202216,0.37132,0.43954867,0.4252215,0.45768255,0.3983343,0.3948224,0.4090073,0.44726315,0.41549486,0.43025818,0.44891307,0.38403413,0.32787734,0.47999611,0.41629085,0.3993635,0.49085,0.57111,0.4752509,0.55256534,0.6150244,0.43806827,0.5277703,0.5194321,0.6365369,0.581976,0.58268064,0.60116446,0.68968046,0.5314765,0.36858508,0.35617307,0.57306993,0.48411706,0.52705,0.3835721,0.4528727,0.45589647,0.5058775,0.46894157,0.47949815,0.43892822,0.4919745,0.4447027,0.37023136,0.2798153,0.5026937,0.5272382,0.3837008,0.6167531,0.600667,0.55101544,0.4371294,0.37846908,0.42361683,0.3904082,0.35469124,0.41480073,0.4954636,0.60489964,0.54108936,0.5086549,0.41845796,0.5394789,0.49863315,0.48146257,0.45304528,0.43924674,0.42350382,0.4049882,0.5846185,0.6668533,0.5080985,0.5471864,0.51036817,0.5664691,0.563682,0.53838557,0.35609558,0.5312676,0.46149325,0.3817189,0.44745067,0.38728425,0.4466783,0.61155987,0.47368774,0.5180705,0.4704317,0.49518564,0.35359508,0.35798755,0.37063712,0.3202669,0.3063525,0.3235324,0.43417776,0.5166383,0.567513,0.38630542,0.46889454,0.49005896,0.4547088,0.6072232,0.5803581,0.54180455,0.5576716,0.4136774,0.57184523,0.54109263,0.551911,0.3946974,0.41323945,0.41480476,0.39783135,0.4928286,0.5032694,0.46241808,0.44270286,0.5194527,0.6097246,0.40603223,0.45726046,0.46748412,0.41405126,0.27091488,0.34522754,0.33869985,0.37310684,0.36153346,0.3111585,0.35503632,0.28020072,0.43699202,0.5778603,0.4291041,0.28744233,0.37128225,0.60096717,0.47527426,0.47681418,0.41937807,0.4950773,0.5708037,0.61769646,0.516986,0.6141827,0.3915682,0.33049113,0.45131806,0.4056524,0.5367926,0.4125991,0.4273537,0.46423596,0.5128567,0.54413265,0.45770326,0.42398655,0.5702636,0.3953297,0.38318074,0.4657654,0.42066842,0.45392385,0.52086973,0.44568387,0.41248572,0.6746515,0.59247255,0.46345648,0.5733764,0.4772691,0.6270972,0.6651134,0.46855354,0.43400326,0.49560177,0.38228792,0.39509767,0.35823774,0.42233709,0.39166525,0.46654627,0.40405545,0.3914754,0.37990612,0.3962198,0.3979454,0.43450683,0.40372708,0.38934675,0.2888703,0.40509397,0.38833767,0.3708578,0.36909488,0.55999786,0.45384163,0.5049211,0.548966,0.44858328,0.5134233,0.46632797,0.5814894,0.43974075,0.5371357,0.595922,0.65527225,0.47203746,0.3317661,0.30968428,0.57098037,0.50511175,0.4690066,0.30857748,0.41365245,0.42786762,0.52614945,0.47739086,0.48707962,0.4505289,0.40681675,0.40193054,0.37052065,0.28019652,0.4824817,0.51493883,0.40040523,0.510875,0.47821695,0.37455577,0.49460584,0.42044222,0.40671527,0.3933865,0.38362578,0.35351807,0.4337022,0.5499928,0.5054205,0.4540724,0.43611467,0.41574836,0.3974511,0.47479102,0.48340687,0.45221978,0.463429,0.4533824,0.44809026,0.38432154,0.38687328,0.47764364,0.49317807,0.4892565,0.49179378,0.4861303,0.47241426,0.46660718
200,0.5202128,0.48060927,0.53154683,0.499163,0.48767495,0.47162092,0.4698439,0.42100278,0.40289935,0.6339305,0.6111436,0.5066373,0.6068876,0.49500638,0.5625843,0.5958805,0.5754545,0.39509746,0.5583771,0.45493034,0.42404026,0.45359126,0.41456217,0.42910746,0.51743644,0.45348525,0.5544726,0.4987605,0.5283581,0.29470435,0.32596156,0.4008213,0.22539009,0.35048786,0.3364638,0.42508405,0.4994367,0.5414055,0.41987434,0.4526046,0.42105898,0.43219537,0.5911662,0.591609,0.56526023,0.5915793,0.42184606,0.5887911,0.55586755,0.59686655,0.39521554,0.39836276,0.43132052,0.38977307,0.4663974,0.52562773,0.46782336,0.5084476,0.519284,0.59567213,0.40663332,0.4498918,0.5612055,0.37925497,0.24210167,0.40244156,0.4267192,0.39178166,0.38508123,0.39267817,0.41636065,0.41490808,0.5623716,0.5285858,0.4903687,0.44776288,0.43684304,0.67911875,0.6310271,0.6194974,0.5460216,0.63391274,0.6499826,0.66239345,0.58221596,0.60595584,0.39567983,0.30128577,0.54696655,0.44583148,0.59335905,0.50287825,0.44269753,0.46847337,0.6099613,0.57167304,0.55391616,0.46902758,0.5314041,0.41474646,0.36890808,0.4346076,0.42277518,0.43339142,0.5238173,0.468865,0.39991832,0.64161557,0.58626133,0.46457976,0.6071245,0.45178595,0.5904142,0.6372884,0.49234006,0.49053538,0.5657315,0.38255197,0.3685915,0.34916806,0.43138042,0.43396682,0.45790824,0.38534737,0.39973596,0.38786465,0.43226585,0.40130767,0.44940263,0.47992834,0.38348982,0.3308645,0.5143598,0.4398358,0.39973825,0.5036957,0.5967472,0.49103132,0.55985594,0.60752416,0.41462243,0.51531994,0.51541895,0.6653986,0.5954444,0.59500754,0.5808843,0.70480525,0.5600396,0.37071347,0.3396107,0.59538436,0.48741663,0.5431376,0.35059088,0.46450102,0.46749735,0.5237534,0.48122698,0.48073834,0.3914486,0.47305256,0.44745132,0.3470945,0.25963986,0.49888757,0.52336043,0.36420012,0.61771035,0.5739333,0.62074935,0.45827267,0.36092186,0.4087013,0.38108298,0.32405478,0.45321524,0.4866592,0.56413543,0.5098483,0.5177543,0.42733073,0.5479786,0.5146236,0.49386448,0.46050692,0.44378698,0.42853332,0.42001936,0.5819125,0.6700474,0.5109656,0.57300574,0.45326784,0.512675,0.59336054,0.5588119,0.3561126,0.5469594,0.472414,0.39434144,0.45270866,0.39054447,0.44028345,0.6002399,0.47176033,0.4980126,0.4406683,0.49692988,0.31239852,0.30734712,0.348882,0.25867847,0.28974822,0.28542024,0.4509471,0.51424253,0.5564451,0.41219938,0.4663897,0.49038774,0.48290965,0.58938956,0.57644403,0.54728943,0.5784995,0.43990776,0.590446,0.57110083,0.5674978,0.41381028,0.43068328,0.4241945,0.4159059,0.49102706,0.48540622,0.46965396,0.44606882,0.5121001,0.59262526,0.35843205,0.444571,0.49081042,0.3472284,0.22587413,0.3469287,0.34605676,0.38119513,0.34917182,0.32423422,0.35042638,0.25924048,0.4859031,0.5808152,0.43395868,0.3122315,0.41389316,0.60411406,0.48563823,0.47800744,0.44351673,0.51285833,0.5953851,0.6120335,0.55543065,0.6117478,0.39833817,0.30820593,0.43177915,0.39509612,0.5580361,0.4005844,0.42502502,0.44937322,0.5195876,0.5515612,0.488096,0.4389759,0.552452,0.37919548,0.39019644,0.46576926,0.42003238,0.43741533,0.51173353,0.43387502,0.40642843,0.6481337,0.5629106,0.45093971,0.57144475,0.43984666,0.60416615,0.63380706,0.44233894,0.44176078,0.51368874,0.37528536,0.3799373,0.33529183,0.41155496,0.39470324,0.4703595,0.38779065,0.38896972,0.35140994,0.37795153,0.37445,0.43998122,0.421989,0.38770652,0.28002575,0.43821913,0.40440276,0.36810338,0.36378273,0.58479726,0.4723124,0.5024989,0.5519835,0.43153256,0.4984188,0.45443782,0.59834313,0.4492666,0.535444,0.58398575,0.65859026,0.5085304,0.32530484,0.2994856,0.5933231,0.51101005,0.47997656,0.27626392,0.42306313,0.44585165,0.5440601,0.4775033,0.47905338,0.4033703,0.38213563,0.40566307,0.3399466,0.25399646,0.46420687,0.5051348,0.38519007,0.5181989,0.47816765,0.42781124,0.4951263,0.4069957,0.39845058,0.37807375,0.33978787,0.383289,0.43023062,0.52444977,0.4680932,0.43234688,0.4175903,0.41207147,0.39004067,0.4823302,0.48834315,0.45818022,0.46863973,0.45475337,0.44262567,0.3650186,0.36991987,0.47331172,0.4953582,0.48041132,0.48599893,0.48986152,0.4784335,0.46613374
201,0.52302605,0.5003776,0.54029465,0.5080966,0.49935377,0.48710898,0.4809191,0.4269833,0.42065123,0.62621486,0.61309236,0.5089693,0.6295985,0.4357059,0.49680075,0.62853146,0.6033836,0.4053656,0.5842243,0.48678955,0.44781578,0.47071964,0.4326538,0.4169324,0.5066951,0.45978934,0.5259147,0.47061443,0.5166432,0.2520497,0.28499186,0.3744275,0.19248691,0.32078916,0.28654304,0.44474342,0.4992021,0.5299751,0.44840527,0.44890377,0.41980675,0.45616624,0.57633936,0.5784347,0.57093894,0.6035508,0.44019502,0.60410815,0.576612,0.6234693,0.4102707,0.405003,0.43795457,0.39924216,0.46277153,0.5032347,0.47048128,0.50763494,0.50991774,0.56280494,0.36552167,0.41602755,0.5781741,0.32831994,0.20508742,0.3995334,0.44609967,0.38111833,0.3680785,0.40361825,0.39485905,0.41140422,0.5878015,0.5426745,0.5050939,0.4497988,0.46976802,0.68624467,0.6608292,0.6526249,0.5450147,0.65155816,0.65983087,0.6480528,0.5984683,0.5834927,0.38108414,0.2824689,0.5428572,0.43468,0.58971983,0.50919443,0.44348982,0.4403606,0.6199092,0.5812016,0.5610626,0.44360614,0.5048164,0.40274712,0.36439884,0.43219888,0.4163514,0.42409906,0.5088657,0.46276,0.3952061,0.60944885,0.5582641,0.45716897,0.5806391,0.41320822,0.555088,0.60271233,0.46361893,0.500037,0.59222716,0.3864952,0.3489459,0.33538035,0.42626426,0.44276875,0.45210478,0.3795283,0.40520132,0.37323824,0.42108923,0.37880644,0.45306024,0.4870584,0.37759554,0.32986584,0.5391215,0.45813766,0.39911368,0.5189867,0.6183993,0.51620716,0.55747503,0.59951365,0.39898673,0.50463206,0.5109212,0.68112373,0.5953457,0.6076625,0.55737644,0.7092662,0.5667774,0.36170784,0.3222364,0.61567914,0.49160695,0.56045973,0.32904685,0.49321,0.4936099,0.5489885,0.5026977,0.48465082,0.33784798,0.4517014,0.45867038,0.32948244,0.24701804,0.49392298,0.5181112,0.35311806,0.60259676,0.54345125,0.6694019,0.4721715,0.35247186,0.40118402,0.37702945,0.29125345,0.47804514,0.47650146,0.51804465,0.4762107,0.5181807,0.451626,0.5531926,0.526964,0.5051994,0.47445536,0.45469782,0.4391669,0.4392001,0.57603836,0.67266226,0.5039256,0.59641004,0.3943096,0.453753,0.6235293,0.58778757,0.36682314,0.5688111,0.4988976,0.42073342,0.4649794,0.41002974,0.43359858,0.5795031,0.45582566,0.47757307,0.41197553,0.4982111,0.2782302,0.26975158,0.31948242,0.20929682,0.27300793,0.24610803,0.4750341,0.5128788,0.54265434,0.44461277,0.4667587,0.49259505,0.5079848,0.5645806,0.5698274,0.551783,0.60369563,0.46865544,0.611381,0.5990839,0.5879644,0.43582982,0.44864956,0.43865314,0.436267,0.49196938,0.47050282,0.4764963,0.45215932,0.5041029,0.57256454,0.31741348,0.42559922,0.5014757,0.29246607,0.1942839,0.35424626,0.3447643,0.38901293,0.32995254,0.33105013,0.3419256,0.242688,0.51723474,0.56344396,0.42212006,0.329403,0.44854346,0.6057173,0.48857114,0.4835137,0.4585323,0.529764,0.61034775,0.60125995,0.585173,0.59860975,0.39304763,0.28790557,0.40365833,0.38434824,0.5700446,0.3923561,0.42289743,0.42752847,0.52719367,0.5636675,0.51222783,0.44856256,0.53367513,0.36672753,0.40194345,0.4710036,0.42087007,0.43038344,0.5066046,0.42524934,0.40330327,0.6168288,0.53104115,0.43743914,0.5602252,0.40007776,0.57793355,0.5997285,0.42456225,0.45327547,0.54004425,0.3742984,0.36700594,0.32056272,0.4065369,0.40221292,0.46835577,0.37735552,0.3864603,0.33139992,0.36827004,0.35011575,0.4320476,0.41948292,0.38125074,0.27437255,0.4657961,0.4152305,0.37012154,0.3656795,0.6087919,0.5044862,0.49354902,0.5552065,0.4203773,0.4836575,0.4463489,0.60957307,0.45334178,0.5358014,0.5702537,0.65924376,0.52828616,0.31067622,0.28741512,0.61162573,0.5185023,0.49672857,0.25580996,0.44726515,0.47939762,0.56675476,0.4861625,0.47419623,0.3456794,0.357433,0.41917667,0.31680578,0.23880069,0.44686073,0.49707523,0.37771842,0.5107371,0.4702911,0.46716326,0.48924372,0.39599684,0.394509,0.3696701,0.2987649,0.40670925,0.4285753,0.49405864,0.43098244,0.41674387,0.40441856,0.40967435,0.38733336,0.48555183,0.48993397,0.45924923,0.46885756,0.45435512,0.4367496,0.35308674,0.35825872,0.46776044,0.49549118,0.47042927,0.47846788,0.4893089,0.48106292,0.46399888
202,0.51592433,0.52898383,0.544148,0.5112044,0.50744843,0.5035794,0.49138707,0.43330213,0.43668297,0.6138965,0.6095011,0.49627826,0.64135647,0.38738585,0.43755862,0.6553176,0.63329214,0.4211578,0.60534644,0.5259224,0.48063368,0.48877597,0.46161833,0.40546462,0.483117,0.4522018,0.49664134,0.4424689,0.505207,0.2214501,0.25971347,0.34387192,0.17016102,0.29317316,0.24294618,0.46518168,0.49576017,0.51589674,0.4751063,0.44727716,0.4207536,0.47643292,0.555436,0.5638576,0.57254404,0.6138644,0.4586144,0.61699444,0.5927342,0.6475663,0.42313793,0.41091645,0.44448087,0.4090691,0.46031937,0.4815525,0.47088155,0.50263494,0.49758556,0.5266272,0.33313063,0.38023046,0.57361764,0.29489332,0.1857243,0.39961234,0.4462015,0.3745006,0.34733838,0.40151063,0.3775295,0.39943215,0.5890356,0.5362242,0.4979348,0.438817,0.4866071,0.6845945,0.6630227,0.67466086,0.52305675,0.6552276,0.6599735,0.628605,0.60094684,0.55682975,0.3635628,0.2702059,0.5295997,0.41950533,0.5832406,0.5089727,0.4426939,0.40835753,0.6256146,0.589282,0.5592682,0.42345628,0.47929534,0.39131933,0.3635753,0.43168256,0.4103158,0.41835123,0.49628112,0.45842415,0.39561474,0.57198715,0.5315229,0.44816297,0.5435944,0.38227928,0.5178395,0.56711537,0.4409475,0.5110534,0.61565405,0.39100358,0.33446074,0.32750624,0.42237887,0.4480209,0.44313738,0.37558627,0.40881613,0.3639988,0.41242462,0.35430095,0.4441459,0.47003272,0.3688073,0.32386288,0.5460016,0.4668305,0.39658654,0.53295326,0.6312769,0.54375714,0.5455901,0.5915091,0.39237893,0.4964483,0.504823,0.682296,0.58198506,0.61725354,0.5327786,0.7023277,0.5492991,0.34306836,0.30398867,0.62963647,0.4932767,0.57293195,0.31712726,0.53155655,0.5279891,0.5745063,0.5284208,0.4877873,0.29148537,0.42957547,0.4726709,0.31975508,0.23932184,0.48816052,0.5093371,0.34743333,0.57177395,0.51469916,0.68834674,0.4778652,0.34903267,0.39588615,0.37451908,0.26320672,0.48078677,0.46573254,0.47407827,0.44579905,0.509723,0.4853871,0.5526599,0.5327617,0.5124626,0.49012288,0.46663174,0.44967988,0.45470634,0.56440705,0.67229855,0.48979595,0.6123949,0.3456645,0.40188956,0.64750916,0.6181172,0.38492694,0.59100276,0.5347778,0.45490196,0.4788415,0.44181117,0.42223,0.5529728,0.43211976,0.4605612,0.3896859,0.49670756,0.25518215,0.24576841,0.28785178,0.17776589,0.25602442,0.21317394,0.49856266,0.5084802,0.52649647,0.4742158,0.46600235,0.49193814,0.5246837,0.53526926,0.5597836,0.5538856,0.62784064,0.49456024,0.6294333,0.6198866,0.60972,0.4533913,0.46210945,0.45123327,0.4534114,0.49138856,0.459511,0.4775194,0.45580056,0.4930343,0.54912317,0.28824618,0.39995918,0.49293312,0.2556775,0.17626569,0.35696867,0.33316132,0.3878979,0.30780783,0.32716647,0.32790983,0.23076423,0.52042997,0.53079665,0.39994553,0.33142397,0.46226412,0.603686,0.47896433,0.48676634,0.45526594,0.53862774,0.609063,0.5859491,0.5967035,0.57627285,0.37711623,0.2724002,0.37328753,0.3760068,0.5692528,0.3871054,0.4209468,0.40374863,0.53192216,0.57571536,0.51941955,0.4471647,0.51290816,0.3558099,0.41185418,0.4745682,0.41691267,0.4281584,0.50166047,0.4180015,0.40049493,0.58456236,0.5011138,0.4229846,0.5373148,0.36488935,0.5497993,0.56797963,0.41634864,0.4658849,0.56961715,0.37679985,0.35511705,0.3111536,0.40419376,0.41120812,0.4614997,0.36998636,0.38358462,0.31880027,0.363893,0.3308838,0.41485563,0.39630198,0.37143236,0.26957154,0.47672355,0.416654,0.37488627,0.3723165,0.62751716,0.5413155,0.480148,0.55661726,0.41573402,0.47077835,0.44103503,0.6113562,0.4462673,0.5353641,0.5561342,0.6563179,0.5224972,0.28886613,0.27061504,0.62275684,0.5238603,0.51270086,0.24490301,0.4806276,0.5219945,0.5876644,0.50109124,0.4703584,0.29444864,0.33202657,0.43680766,0.3035442,0.23246548,0.43298706,0.4882497,0.37496415,0.48762414,0.45220396,0.48014575,0.4800342,0.38435635,0.38976964,0.36608058,0.2682338,0.41188842,0.42723775,0.46047533,0.39993006,0.40802383,0.39592198,0.4082496,0.38808006,0.48288736,0.487095,0.4556737,0.46497467,0.45137346,0.43067378,0.3464983,0.35012472,0.4624672,0.49385306,0.45980325,0.46940377,0.4849729,0.47999826,0.45994905
203,0.49950215,0.553202,0.5392753,0.50607574,0.50804895,0.5130663,0.4941703,0.4342064,0.44311985,0.5951031,0.596518,0.4729198,0.63948476,0.355541,0.39458245,0.669084,0.65570873,0.43457273,0.6136216,0.55806106,0.5096767,0.4991889,0.4880171,0.39128774,0.45239067,0.43404755,0.4716676,0.41698846,0.49329153,0.20183888,0.24646582,0.31397808,0.1560838,0.27064413,0.21262726,0.47899228,0.48588,0.4979844,0.49270788,0.4426666,0.41722262,0.4865438,0.52764946,0.54698515,0.5680704,0.61756057,0.46866181,0.6214345,0.60002446,0.6616273,0.4266961,0.41069403,0.4448964,0.41369787,0.45442227,0.4580643,0.46486273,0.49008223,0.4801835,0.4897756,0.31177387,0.34700468,0.5468331,0.27700523,0.17894265,0.39888588,0.42895877,0.3666701,0.32701385,0.38671827,0.36414275,0.3814084,0.56509185,0.5137516,0.47658938,0.41989657,0.4830242,0.67339563,0.6397751,0.6804986,0.48576424,0.64447075,0.64719635,0.6075127,0.5878945,0.52930534,0.34460506,0.26349282,0.50847214,0.40276682,0.5755221,0.5020144,0.43977797,0.37933773,0.62224245,0.5900782,0.54660785,0.4070551,0.4535155,0.3760968,0.36016184,0.4257383,0.40094385,0.41044417,0.48164365,0.45168382,0.3964641,0.53233397,0.50755966,0.43728766,0.5007231,0.36093366,0.4805625,0.53316647,0.42197448,0.515742,0.6271831,0.3928679,0.3243608,0.32102278,0.4155846,0.44754964,0.43442905,0.36830768,0.4095127,0.35678497,0.40424556,0.3336684,0.42947733,0.43659297,0.3595347,0.31282848,0.5320963,0.46441787,0.3918119,0.54068846,0.6323312,0.5640865,0.5278526,0.581602,0.39026242,0.48899308,0.49417105,0.66876763,0.5568078,0.619059,0.5054413,0.68488115,0.5110186,0.3183245,0.28330484,0.63342106,0.48857683,0.5754205,0.31005648,0.5651012,0.5570746,0.5908129,0.54851234,0.4872582,0.25922993,0.40593556,0.4811314,0.31740156,0.23241436,0.48278347,0.4958792,0.3415904,0.52981144,0.49030232,0.67783,0.47756127,0.34629184,0.38732848,0.37070432,0.24287902,0.46020052,0.45569447,0.436359,0.42163828,0.49312264,0.5160329,0.54416955,0.5293524,0.51187676,0.499708,0.47184932,0.45412913,0.4596512,0.54471517,0.6655631,0.47321817,0.615771,0.3120291,0.3623868,0.6587188,0.6399009,0.40242392,0.604248,0.56682557,0.48518384,0.48616776,0.4749162,0.40421703,0.52567565,0.40818605,0.44835797,0.37552527,0.48879597,0.24086007,0.23132794,0.25936368,0.16127332,0.23743841,0.18944338,0.5134412,0.4977388,0.50789815,0.49247196,0.4603815,0.48383492,0.529527,0.5035559,0.54528606,0.5514286,0.64358354,0.5096962,0.6375649,0.62888247,0.62529653,0.45928746,0.46452016,0.45497465,0.4604353,0.48478818,0.44811773,0.4684547,0.45138723,0.47686177,0.5214112,0.27100524,0.36836222,0.46365374,0.23494701,0.16766608,0.3473321,0.3126125,0.37104034,0.28610668,0.31156388,0.30788496,0.22140914,0.49448717,0.4927147,0.37717706,0.31779218,0.4501353,0.59486794,0.45551276,0.4805213,0.43051937,0.5350226,0.5888074,0.56651413,0.5851758,0.5478646,0.354886,0.26213208,0.3465479,0.37091967,0.5562845,0.38278142,0.41872716,0.3836549,0.5278227,0.5810208,0.5038881,0.43242016,0.48875678,0.34287673,0.41249043,0.46925893,0.40598288,0.4253782,0.49138275,0.40855992,0.3965845,0.55352384,0.4747605,0.40758342,0.502704,0.33816406,0.5202959,0.54049474,0.41190273,0.47192106,0.5920596,0.37914386,0.34276152,0.302798,0.39969787,0.41835365,0.45192376,0.3642332,0.3812009,0.3095608,0.3604271,0.32085225,0.39597514,0.3604356,0.36050284,0.26290506,0.46577522,0.40761855,0.3787711,0.37826306,0.63580114,0.5698723,0.46485913,0.5527933,0.41430524,0.459499,0.4351707,0.6006593,0.42405918,0.5293674,0.5389597,0.64804095,0.4900725,0.26243377,0.24720055,0.6244511,0.52326363,0.5200829,0.23877355,0.51091444,0.55903214,0.59943414,0.51496613,0.46429586,0.25942615,0.30535874,0.45022613,0.29815343,0.22945894,0.4245185,0.47717056,0.37122926,0.45283103,0.42332983,0.4642518,0.4720467,0.37140366,0.38123313,0.36523208,0.25141582,0.39403546,0.4261384,0.42572853,0.37683412,0.40509883,0.39024535,0.40796742,0.3904562,0.47400615,0.4799391,0.44839358,0.45827326,0.44528943,0.4244555,0.34152722,0.34279796,0.45847115,0.49128658,0.44954106,0.45944533,0.47709513,0.47503978,0.45380297
204,0.47480717,0.5604996,0.5235485,0.49054444,0.49772716,0.5089146,0.48422006,0.4252906,0.43422654,0.56921923,0.5725636,0.44623607,0.62255555,0.33827803,0.36819667,0.6649992,0.6629929,0.4373058,0.60294193,0.570001,0.5225419,0.49488643,0.49803796,0.37276766,0.42265067,0.41201302,0.45183268,0.39489445,0.47799382,0.18933614,0.23967704,0.2877335,0.1466753,0.25307497,0.19635494,0.47971657,0.46719486,0.47473922,0.4948778,0.43125665,0.4042567,0.48141807,0.4946892,0.52714837,0.55471915,0.60979867,0.46311554,0.61200655,0.5940163,0.6586518,0.41493317,0.39907396,0.43458292,0.40799448,0.44214377,0.43134227,0.4498748,0.46785405,0.455903,0.45509174,0.30069843,0.3191513,0.50224215,0.26928508,0.1797395,0.39497206,0.40133986,0.35316747,0.31048626,0.36315498,0.3540573,0.3608731,0.5206641,0.4848542,0.45339262,0.40076923,0.46030208,0.65343463,0.5981964,0.6690342,0.44322544,0.62155944,0.62118685,0.5878604,0.55987,0.504057,0.3270211,0.26022574,0.4811766,0.38602343,0.5669488,0.49020892,0.43476936,0.35877335,0.60478896,0.57934034,0.5235615,0.39206845,0.42779848,0.354134,0.3494333,0.40936366,0.38644925,0.39662603,0.4615395,0.43773156,0.39430144,0.49385202,0.48595738,0.42342135,0.4579062,0.34792632,0.44578427,0.5027176,0.4033495,0.506645,0.6192744,0.3895307,0.31671354,0.31212297,0.40139276,0.44092894,0.4289929,0.3546658,0.4072566,0.34798318,0.39525807,0.32064155,0.41578653,0.39868197,0.3516578,0.29820946,0.49933648,0.45175374,0.38484597,0.5376213,0.62026316,0.5688192,0.5094119,0.5673554,0.38533637,0.4791351,0.47540626,0.64073044,0.5211366,0.60806835,0.47360626,0.65948874,0.45968342,0.29235476,0.25954342,0.6248632,0.47512707,0.56592274,0.303305,0.5803885,0.5678095,0.5899001,0.55305576,0.4821375,0.24072802,0.3786701,0.4775438,0.32096085,0.22313632,0.4788345,0.47719917,0.33013257,0.48425502,0.4701317,0.64234227,0.47501606,0.34226102,0.37194058,0.3644512,0.23062797,0.4212206,0.4465326,0.40616846,0.4038634,0.46942896,0.5308992,0.5266434,0.51462156,0.50044143,0.4963603,0.46427494,0.4481635,0.44936353,0.5162347,0.65034527,0.4593454,0.602565,0.2912022,0.33358338,0.653106,0.64562494,0.41039932,0.6002294,0.58219266,0.49927947,0.4805263,0.4963571,0.38073984,0.50302076,0.39033923,0.43905962,0.36808565,0.4707316,0.22983325,0.22098176,0.23664375,0.1541285,0.21526052,0.17370671,0.51331633,0.47919098,0.48628277,0.4936271,0.44799933,0.46557167,0.52078646,0.4723723,0.5260626,0.5417265,0.6451763,0.50687194,0.6300081,0.6225252,0.6271787,0.448326,0.45001727,0.44474635,0.45204344,0.46983454,0.43208113,0.44736516,0.43433976,0.45488063,0.48959345,0.26317635,0.33264622,0.41683942,0.2246724,0.16341935,0.32271573,0.28654534,0.3362019,0.26722884,0.2871601,0.2827598,0.21212974,0.44549513,0.46020317,0.36293373,0.29410705,0.41438854,0.5772855,0.42004788,0.46036425,0.38729942,0.51727664,0.5502732,0.5431749,0.5490074,0.5170758,0.33165807,0.2564843,0.32705256,0.3679592,0.5332689,0.376243,0.41559282,0.37135902,0.5092994,0.5747352,0.46484727,0.40499192,0.46107435,0.3255287,0.39896303,0.4504799,0.38960597,0.41839308,0.47188193,0.39297566,0.39200813,0.5252219,0.45154044,0.39108127,0.45930472,0.3203804,0.49075967,0.51774645,0.4038588,0.46322605,0.5978288,0.37817243,0.3285739,0.29228097,0.3885934,0.42100453,0.44228578,0.36051473,0.38076136,0.29941222,0.3548625,0.32179266,0.38195372,0.3222309,0.35042053,0.25306126,0.43312314,0.3890725,0.37811375,0.37743753,0.6297716,0.5800276,0.4494953,0.54088587,0.41078895,0.44816208,0.4248897,0.5753727,0.38518307,0.51334137,0.51567966,0.6329797,0.4356972,0.23466723,0.21731934,0.6156048,0.5142915,0.51374626,0.23301966,0.5250661,0.57645273,0.59698105,0.5190413,0.45408684,0.24116948,0.2766234,0.45236883,0.29635537,0.22371201,0.4222529,0.4629672,0.3608104,0.4131794,0.38472512,0.42420286,0.46880555,0.3595797,0.3687066,0.3661169,0.24794272,0.35531846,0.42565712,0.39199242,0.36005637,0.40593386,0.3854131,0.40964416,0.3929973,0.4596125,0.46936277,0.4378838,0.44935906,0.43592194,0.41756755,0.3349916,0.33416623,0.45612523,0.48836815,0.44089285,0.44946086,0.46505675,0.46539587,0.44514355
205,0.44442362,0.5450707,0.49652198,0.46450102,0.4758609,0.48953047,0.46093553,0.40502933,0.4085432,0.5385745,0.5407159,0.4244143,0.59074986,0.33007365,0.3540566,0.6418267,0.6531839,0.42530307,0.5722557,0.5570898,0.51402897,0.47478727,0.4844897,0.3502827,0.4015714,0.39386383,0.43578684,0.3759377,0.45819238,0.18002875,0.23393427,0.2670256,0.13924345,0.23945794,0.19132209,0.4645531,0.43982056,0.44657382,0.47937652,0.41175666,0.3810594,0.4601867,0.46155486,0.50617045,0.5317917,0.5898734,0.44029972,0.58705,0.5731785,0.6377006,0.38641745,0.37445098,0.41213676,0.39014488,0.4234603,0.40348423,0.42718935,0.43773207,0.4252579,0.42625746,0.29807588,0.29899484,0.45153376,0.26660717,0.18419813,0.38820177,0.37258056,0.334239,0.30054498,0.33796632,0.34795013,0.3428734,0.46797943,0.46161002,0.44052425,0.38925555,0.42602,0.6297363,0.55172825,0.6453394,0.40801734,0.59333676,0.587799,0.57288563,0.52288884,0.4849956,0.31454426,0.25861198,0.45158875,0.3699625,0.5577883,0.47739547,0.42861784,0.3491423,0.5727573,0.55796516,0.4951131,0.37814888,0.40376344,0.3254871,0.32966948,0.38174227,0.3667883,0.3757969,0.435903,0.41455942,0.387531,0.46100777,0.46714622,0.406226,0.42255417,0.34119043,0.41662675,0.4784693,0.384103,0.4823513,0.59143835,0.38049746,0.30935767,0.2992029,0.37733942,0.42942935,0.42883423,0.3341873,0.40245694,0.33473566,0.3852462,0.3162662,0.4080213,0.36747637,0.3464415,0.2824818,0.45583165,0.43217507,0.37670183,0.5230187,0.5977408,0.5547678,0.49551904,0.5487849,0.3719811,0.46381345,0.44781107,0.6027594,0.47974998,0.5832277,0.43900976,0.6319477,0.40718773,0.27005404,0.23477152,0.6033697,0.45251164,0.5458267,0.2939894,0.5711269,0.5543768,0.5688162,0.5371226,0.47209877,0.23167953,0.34807646,0.4603161,0.32878298,0.21135347,0.47678578,0.45402414,0.30995384,0.44474974,0.45446277,0.5928439,0.47401193,0.33627757,0.34860027,0.3554718,0.22514656,0.37420577,0.43731546,0.3844052,0.39179024,0.4408456,0.5235405,0.5001687,0.48847908,0.47815207,0.47811234,0.44259387,0.43047744,0.42321315,0.48157585,0.62875575,0.45282272,0.571727,0.27774283,0.31118304,0.6302489,0.63416225,0.4039251,0.5760932,0.5754835,0.49087614,0.46170926,0.4973453,0.35452962,0.4897923,0.38242385,0.42929393,0.36422038,0.44223902,0.21719603,0.20984069,0.21949948,0.15056676,0.18936905,0.16288136,0.49596652,0.45384768,0.46195847,0.47674605,0.42908898,0.4377614,0.49985185,0.44580618,0.5043789,0.52401674,0.6322435,0.48442698,0.6056294,0.6005796,0.613403,0.42020378,0.4177257,0.41935855,0.42794654,0.44732982,0.41077626,0.4163229,0.40430322,0.42879713,0.4560965,0.26148325,0.29688814,0.3619298,0.21861331,0.15928717,0.28716394,0.25943273,0.2885226,0.25259092,0.26001027,0.25570846,0.20126598,0.3862658,0.44193852,0.36284116,0.26823744,0.36361805,0.5531563,0.37947875,0.42874667,0.3357571,0.48855713,0.50017905,0.5179195,0.49304754,0.48885864,0.3119342,0.2546049,0.316129,0.36542007,0.50354934,0.3653953,0.41120723,0.36790308,0.47690096,0.5569012,0.40889904,0.3692909,0.4315829,0.30356508,0.37140125,0.41826484,0.37023926,0.4053825,0.44327417,0.36932227,0.38776776,0.5015909,0.43099317,0.37377787,0.4141832,0.3100257,0.46362182,0.5008802,0.38871393,0.43760392,0.58430505,0.37218675,0.31193474,0.27822533,0.36842847,0.4178043,0.43538743,0.3587597,0.38289186,0.28554195,0.3459104,0.33267638,0.37607166,0.28951725,0.34214103,0.24030326,0.38569152,0.3639118,0.37117386,0.36676878,0.6104319,0.5692275,0.43587252,0.5214919,0.4009965,0.43444836,0.4081404,0.5378702,0.3345984,0.48784947,0.4867903,0.61238396,0.3706013,0.20881775,0.18411587,0.59625006,0.49584985,0.49352887,0.22461225,0.51562434,0.5682246,0.5793931,0.5074288,0.43948406,0.23521547,0.24601385,0.44074157,0.29379222,0.21189006,0.42551562,0.44530523,0.3406934,0.37679145,0.3407753,0.37155086,0.47147804,0.35124543,0.35295892,0.3676886,0.25453404,0.30405977,0.42543003,0.36221513,0.34703207,0.40766233,0.3795675,0.41385502,0.3946491,0.44196984,0.45717365,0.42502904,0.4390813,0.42387268,0.40926966,0.32531324,0.32328147,0.45538583,0.4854667,0.43473157,0.44037008,0.44906038,0.45102522,0.43406063
206,0.41357118,0.5078526,0.46086589,0.43146408,0.44570422,0.45884138,0.428726,0.37597248,0.37040338,0.5094889,0.50900805,0.41473198,0.5478622,0.32521915,0.3477226,0.60238546,0.6290993,0.4000854,0.52701193,0.5230582,0.48611328,0.44441044,0.44802517,0.32613283,0.39530852,0.38613755,0.42343983,0.36123922,0.43664587,0.17111418,0.22530495,0.2539079,0.13243544,0.2293028,0.19340374,0.43566257,0.40774986,0.4175363,0.44898176,0.3864008,0.3513807,0.4263232,0.43591723,0.48887533,0.5024178,0.5620711,0.40415162,0.5502517,0.54022425,0.6045803,0.34622175,0.34032127,0.38057023,0.3625779,0.40111914,0.37917098,0.40195066,0.40662703,0.39287966,0.40794986,0.3022145,0.28952926,0.41210976,0.26545864,0.18879226,0.38086978,0.35140735,0.31471035,0.29911396,0.3191343,0.34733266,0.3329505,0.4254621,0.4549501,0.44626456,0.39096332,0.39264384,0.61166906,0.5193838,0.62053317,0.3920925,0.5714584,0.55903286,0.5666817,0.48964888,0.47703564,0.31010696,0.25709614,0.42627415,0.35556266,0.5500255,0.4689851,0.4232363,0.35083202,0.5327784,0.5317961,0.47046313,0.3677977,0.38416323,0.293879,0.30279642,0.34695292,0.3434705,0.3500014,0.40803483,0.3850109,0.37633994,0.44014966,0.4540856,0.38794607,0.40374792,0.339758,0.39729664,0.46458256,0.3660974,0.4476143,0.55068326,0.36755824,0.30116656,0.28325853,0.34540755,0.41597268,0.43429807,0.30895913,0.39554727,0.31652525,0.37560752,0.3196074,0.4090848,0.35102028,0.34442866,0.26849928,0.41570622,0.41163665,0.36946312,0.50101,0.57213306,0.5244857,0.4906701,0.5294443,0.34916005,0.44219038,0.4158147,0.5661067,0.442611,0.5495826,0.40708894,0.6116402,0.36810344,0.25532353,0.21316676,0.57088566,0.42346013,0.51992446,0.281668,0.5372396,0.517641,0.53107667,0.5020407,0.4576099,0.22722079,0.3189907,0.43327966,0.3387397,0.20002683,0.47682235,0.42941853,0.28199285,0.42269483,0.44520622,0.5486327,0.4771016,0.32751122,0.31914556,0.34382364,0.2242573,0.3335109,0.42790595,0.37355408,0.38589874,0.41184786,0.49390996,0.46751752,0.45449004,0.4488354,0.4483955,0.41065085,0.40347117,0.38602728,0.44776964,0.6074277,0.4573189,0.52716863,0.26675215,0.2926837,0.5937131,0.609846,0.38338697,0.53536946,0.5483715,0.46084243,0.4356751,0.47491053,0.32927576,0.4900284,0.38658163,0.41732475,0.36106125,0.40830854,0.20073469,0.19546787,0.20742522,0.14588708,0.1630789,0.15417533,0.46424884,0.4255731,0.43786058,0.44548154,0.40614727,0.40480527,0.4706383,0.4286675,0.4857349,0.5005142,0.6088191,0.4463697,0.56860054,0.56676435,0.587782,0.38083726,0.37353137,0.3829066,0.39327773,0.42078695,0.3864252,0.38202268,0.3671661,0.40303123,0.4262065,0.26299527,0.2680628,0.31422868,0.21267913,0.15284003,0.25077346,0.23651703,0.2405908,0.24352318,0.23747398,0.23245157,0.18881968,0.33516723,0.444246,0.37868625,0.2477662,0.312473,0.52935797,0.34618494,0.39549175,0.29133487,0.45804647,0.4528946,0.4957552,0.43238786,0.47011495,0.29928982,0.25543982,0.3140172,0.3626938,0.47387692,0.35105327,0.40611243,0.3724096,0.4392501,0.531961,0.3513761,0.33443916,0.4041754,0.2790246,0.33512065,0.37828365,0.35013905,0.3865577,0.40945742,0.33957294,0.38402554,0.48602182,0.41494912,0.35760993,0.37873933,0.30646148,0.44225362,0.49237594,0.36752653,0.39947087,0.55468845,0.3615709,0.29408604,0.26141137,0.34057304,0.40896776,0.43328047,0.35690823,0.3862159,0.2680737,0.3342905,0.34963575,0.37915182,0.2679553,0.33597818,0.22599794,0.33777627,0.33778217,0.35879427,0.3478661,0.5839248,0.54107165,0.42686155,0.49948192,0.38417342,0.41754177,0.38639984,0.49748135,0.28493366,0.45999658,0.45627725,0.59073836,0.31264096,0.18843281,0.1535718,0.5686731,0.46935835,0.46440774,0.21274443,0.48180574,0.53479993,0.5503231,0.4790383,0.42230615,0.23614742,0.21713166,0.4178621,0.28745443,0.19508503,0.43259457,0.4256658,0.31216562,0.35293996,0.29995263,0.32379377,0.47938788,0.34658507,0.33478245,0.36782196,0.2660368,0.25414577,0.42433685,0.34130302,0.33676744,0.40750557,0.37156326,0.42015138,0.39459714,0.42509755,0.4463113,0.4122054,0.42932704,0.41109025,0.39965978,0.31287694,0.3107573,0.45611688,0.4830528,0.43157625,0.43347105,0.43149057,0.43386006,0.42204317
207,0.38886145,0.45439672,0.42394876,0.3979615,0.41311535,0.4233865,0.39488915,0.3445631,0.32886243,0.49000815,0.4870337,0.42117876,0.5018304,0.32113692,0.34779897,0.55277026,0.59473723,0.36734882,0.47703755,0.475061,0.44381914,0.41208526,0.39589122,0.3038998,0.40685996,0.39212874,0.4172521,0.35384136,0.4204092,0.16298427,0.21437603,0.2505642,0.12692088,0.22387673,0.19929169,0.39920986,0.37764275,0.3939625,0.4098327,0.36031798,0.3213393,0.38545585,0.42512152,0.48060036,0.4722741,0.5333331,0.36139786,0.5089301,0.50042045,0.5681681,0.30410683,0.30362877,0.34672964,0.3307536,0.37900084,0.3628666,0.38002685,0.38387442,0.36564392,0.4036543,0.31167382,0.2941044,0.4001499,0.2651321,0.19140807,0.37615988,0.3441202,0.30250806,0.30643097,0.31234735,0.35308737,0.33555233,0.4106051,0.46987295,0.47132036,0.40631962,0.37298438,0.60761356,0.5175835,0.6073228,0.4035544,0.5672642,0.5478212,0.5717295,0.4751706,0.48379296,0.3147077,0.25452518,0.4128405,0.3451797,0.54676694,0.47016084,0.4208707,0.36263692,0.49634653,0.50803196,0.46128377,0.36680567,0.37186897,0.26535928,0.273585,0.31232977,0.31910798,0.3239523,0.38171214,0.35518306,0.36235648,0.43707448,0.44971898,0.3725568,0.40917045,0.34360912,0.39140597,0.4633995,0.3515533,0.4095387,0.50726664,0.3543597,0.29334146,0.2676576,0.31285417,0.4044042,0.44311967,0.2834441,0.3870467,0.2970762,0.36996755,0.32867178,0.4189333,0.35375673,0.34499776,0.25898787,0.39487228,0.39732686,0.36566857,0.47802728,0.5524663,0.48437312,0.49637228,0.5139229,0.3216242,0.4179958,0.3885622,0.54479694,0.4223979,0.5168858,0.3830802,0.6066415,0.355805,0.25107056,0.20051305,0.532899,0.3947257,0.49448806,0.2697887,0.4822527,0.4621497,0.4850108,0.4544111,0.44109163,0.22493982,0.29980767,0.40339038,0.34866557,0.19408871,0.47930685,0.40725186,0.25129163,0.42750573,0.4455722,0.52962315,0.48392713,0.31523967,0.2886344,0.33043286,0.22669095,0.31304583,0.4194649,0.37698513,0.38683373,0.3884669,0.44684562,0.4355685,0.41959605,0.4185068,0.41338983,0.37522602,0.37271565,0.3467688,0.42390686,0.5929793,0.47368258,0.47780162,0.25701407,0.27960557,0.5494618,0.5780065,0.3534097,0.48546287,0.5055149,0.41460678,0.4101129,0.43249807,0.30916795,0.50467056,0.40324688,0.40538266,0.35785946,0.377704,0.18256414,0.18043756,0.20128936,0.13854851,0.14227498,0.14694744,0.42498314,0.39962548,0.41864595,0.40594614,0.38327292,0.37287176,0.4370131,0.42447972,0.47653675,0.4749559,0.57955486,0.39922392,0.5259917,0.5265754,0.5559689,0.34001812,0.32737443,0.34375614,0.35591748,0.39461207,0.36157227,0.35279965,0.3330067,0.38215584,0.40560612,0.2655958,0.25364244,0.28855705,0.20731227,0.14465453,0.22526115,0.22330664,0.20667943,0.24142756,0.2255974,0.21903002,0.17693363,0.30871463,0.46915537,0.40722612,0.23779665,0.27624542,0.51326567,0.3331012,0.37337124,0.2680128,0.43672544,0.42459226,0.48230425,0.38692588,0.467022,0.29619,0.25767583,0.32047626,0.36097303,0.45355114,0.33700162,0.40205264,0.38355348,0.40885675,0.5057838,0.31085503,0.31203225,0.3831179,0.25551584,0.29768744,0.339636,0.33117938,0.36435157,0.37513524,0.30881372,0.38002825,0.4817255,0.40643293,0.34593692,0.36434513,0.31080502,0.42932612,0.4928872,0.34306374,0.3558055,0.51366955,0.34920034,0.27843478,0.2449964,0.31111887,0.39663792,0.43535477,0.35251313,0.3878937,0.2510979,0.32363796,0.36710528,0.39017963,0.26204303,0.33196583,0.2126292,0.30557418,0.31785616,0.3440698,0.3264369,0.55718076,0.50116247,0.4253152,0.481265,0.36386284,0.40058967,0.36499676,0.46698684,0.2510475,0.43990013,0.42773384,0.57227355,0.2789191,0.17752843,0.13254535,0.5381885,0.44019964,0.43402672,0.20063995,0.42841896,0.4793865,0.51618856,0.43809047,0.406437,0.24013838,0.19723555,0.38930362,0.27723286,0.17822713,0.44158274,0.40693206,0.28022873,0.34969854,0.27218005,0.29662707,0.49066734,0.34422216,0.3159443,0.36436248,0.27812976,0.21970654,0.4211404,0.3346839,0.32987487,0.40444377,0.36185968,0.4269714,0.39232367,0.41348323,0.43998763,0.4028619,0.4225797,0.40059087,0.39025182,0.30021593,0.29904997,0.45792446,0.48143047,0.431534,0.4300926,0.4162704,0.41728747,0.41172138
208,0.37609094,0.39481238,0.39528918,0.37139815,0.38483784,0.3904962,0.36783543,0.3190186,0.2944482,0.48610303,0.4828277,0.44250944,0.4621034,0.3189236,0.3551409,0.50192493,0.5550458,0.3352859,0.4335179,0.42171976,0.3943208,0.38570476,0.34052768,0.288257,0.43384913,0.41085026,0.4205057,0.35655662,0.41849726,0.15977676,0.20685187,0.25854373,0.12563056,0.22633909,0.20814805,0.36333063,0.35662243,0.3819183,0.37023962,0.33980957,0.2977437,0.34501317,0.43279073,0.48440075,0.44800648,0.51204413,0.31991318,0.47181216,0.46118084,0.53794575,0.2700838,0.27185106,0.3190039,0.30073756,0.3610348,0.35717732,0.36598784,0.37757182,0.34966567,0.41331026,0.325353,0.3153439,0.42456132,0.26840612,0.19346969,0.37816843,0.353825,0.3068487,0.32098928,0.3201012,0.3651451,0.3532068,0.43284535,0.50235194,0.5074694,0.42978275,0.37537512,0.6196772,0.550847,0.61417574,0.4437918,0.5852312,0.56115544,0.585963,0.48906392,0.5044722,0.32832167,0.2515549,0.41682553,0.34226933,0.54961795,0.4835394,0.42309764,0.3819168,0.47511017,0.4930633,0.47756594,0.38275528,0.36876288,0.2456002,0.2479049,0.2860029,0.29782355,0.30397362,0.36019626,0.33195063,0.3482885,0.45322856,0.45391938,0.36391407,0.4410648,0.35247037,0.39961103,0.47320887,0.34131378,0.37562555,0.47149113,0.3456885,0.28943413,0.257446,0.28923613,0.39864838,0.45028773,0.2637639,0.37777224,0.28351268,0.37338015,0.34068254,0.43347514,0.3756779,0.3466187,0.25664258,0.40518358,0.39475492,0.36777094,0.46058598,0.54615736,0.4441674,0.50970423,0.505171,0.297939,0.39857897,0.37652278,0.54835695,0.42888078,0.4968163,0.36982542,0.61861295,0.3787684,0.25972933,0.2034099,0.49716988,0.37464523,0.47500804,0.26554343,0.41502336,0.3975298,0.4412849,0.40460947,0.42662245,0.22584297,0.29920655,0.37859425,0.35725743,0.1990142,0.4849836,0.39127693,0.22507335,0.46184933,0.4582115,0.54510605,0.49086016,0.30065632,0.2645286,0.31798682,0.23333858,0.32199246,0.41362584,0.39644155,0.3941724,0.37642765,0.39234185,0.41263357,0.3918097,0.39339316,0.3803856,0.34436467,0.34530634,0.31511682,0.41710895,0.58863544,0.49771878,0.43441102,0.25097588,0.27549446,0.5041509,0.5434813,0.32164115,0.43597358,0.45386302,0.3612378,0.39141926,0.3807353,0.29852918,0.5288636,0.4295288,0.39861906,0.35547468,0.35968253,0.16832796,0.17141797,0.20324238,0.13123718,0.13265942,0.14316237,0.386928,0.38133225,0.40887296,0.36584297,0.3649477,0.34803292,0.40288156,0.43348876,0.48104015,0.45216078,0.5492944,0.3505702,0.4857334,0.4864255,0.5241362,0.30685377,0.28846714,0.3114657,0.32270896,0.37314746,0.33854988,0.33568445,0.31215346,0.3693276,0.3979784,0.26885635,0.25922355,0.29380503,0.20679557,0.13827978,0.21968333,0.22454126,0.19647795,0.24763289,0.22803809,0.22000137,0.16949564,0.31548908,0.5105733,0.43928272,0.24087885,0.26449066,0.50882715,0.34822685,0.3720057,0.27396157,0.4321175,0.42542157,0.48101735,0.3703219,0.48140958,0.303741,0.26053888,0.3341116,0.36184275,0.45022023,0.32834396,0.4011419,0.3999886,0.3960894,0.4841868,0.300808,0.31195864,0.37152922,0.23700821,0.26547155,0.3111837,0.31597242,0.343553,0.34495232,0.2831569,0.37540972,0.4892915,0.40718883,0.3421736,0.37766564,0.3243637,0.42590037,0.4991573,0.31852508,0.31398556,0.4675382,0.34002167,0.26968145,0.23390563,0.288736,0.38491285,0.43768498,0.34595275,0.38558596,0.24124071,0.32006943,0.37952974,0.40574917,0.274412,0.33037934,0.20400862,0.30036896,0.31026718,0.3318207,0.3103016,0.53529453,0.45706186,0.43209875,0.47240436,0.346571,0.38960555,0.35148117,0.45606738,0.24304743,0.43639037,0.40300152,0.5589315,0.27917358,0.18006667,0.12629764,0.5112972,0.41624,0.40996826,0.19519788,0.3664566,0.4104775,0.48410052,0.39351544,0.39637607,0.24573879,0.19421984,0.3622663,0.266377,0.16765128,0.4508799,0.39273283,0.2515935,0.37042955,0.26487315,0.29768953,0.50210226,0.3434,0.30081698,0.35740462,0.28937018,0.20956184,0.41558218,0.3459914,0.32819977,0.39986554,0.35317147,0.4322882,0.38796884,0.41066113,0.4407021,0.40006143,0.42106915,0.39568233,0.3838459,0.29171187,0.29206172,0.45995834,0.48069966,0.43448567,0.43103126,0.4075755,0.40527585,0.40611857
209,0.37914938,0.345674,0.38239253,0.35875803,0.3683093,0.36902675,0.35622916,0.307406,0.2767094,0.49998456,0.5003676,0.47200942,0.43749702,0.32155788,0.36953717,0.46157822,0.51825935,0.31400764,0.40758678,0.37613028,0.35063708,0.37290865,0.29829738,0.285192,0.46794102,0.43697062,0.43463075,0.3698453,0.43535003,0.16666085,0.20952253,0.27812544,0.13271526,0.23994611,0.22138876,0.33741745,0.35159522,0.38640946,0.3412037,0.33191764,0.28860044,0.3158436,0.45782506,0.5006856,0.43687007,0.50623626,0.2892372,0.44789657,0.43256506,0.5224414,0.2521722,0.2523714,0.3055143,0.27873495,0.35290065,0.36473015,0.36442566,0.39256793,0.35030115,0.4347535,0.34243092,0.35286003,0.48200995,0.27986437,0.19964632,0.39093322,0.37920326,0.33421585,0.34036922,0.34198698,0.38280326,0.3850028,0.4875961,0.54029834,0.54118776,0.4536571,0.40050656,0.6434065,0.6070811,0.6398378,0.5035388,0.6198175,0.59500664,0.60440683,0.52870184,0.53318983,0.35061228,0.25193018,0.43832886,0.35009313,0.55718046,0.5068328,0.42996752,0.40532783,0.47619784,0.49212238,0.5187953,0.41899866,0.37762892,0.23986289,0.23269965,0.2761792,0.28616753,0.29730132,0.3500236,0.3229176,0.33754674,0.4851114,0.4654814,0.36522967,0.4929343,0.36569342,0.42141214,0.49195516,0.33772862,0.35461426,0.4524346,0.34573826,0.29361743,0.25796062,0.2822451,0.4016126,0.44991502,0.2565366,0.36879593,0.28272524,0.38888338,0.35191697,0.4451587,0.4100316,0.3483182,0.26382348,0.44817078,0.40494984,0.377239,0.45466995,0.55668765,0.41601557,0.52534914,0.50540334,0.28693587,0.3907604,0.38603958,0.5755346,0.46256587,0.49786288,0.37122056,0.6430396,0.43510354,0.28229484,0.22689408,0.47143522,0.3694506,0.46559456,0.276073,0.35425985,0.34154323,0.41117257,0.3658734,0.4183468,0.23311208,0.32219797,0.36677828,0.36396682,0.21884121,0.49410182,0.38712722,0.2112007,0.518249,0.48154145,0.58825225,0.49277574,0.28821823,0.25504404,0.31076026,0.24581869,0.36129344,0.41208392,0.42979383,0.40736404,0.37973997,0.3461141,0.40445158,0.37835866,0.38004014,0.3585143,0.32724118,0.32901615,0.29970306,0.43030053,0.5952729,0.52061456,0.4069881,0.2524826,0.282789,0.4660051,0.512597,0.298163,0.39947438,0.40647373,0.31551,0.38543788,0.3364046,0.3016317,0.5539224,0.4578215,0.4012997,0.35529646,0.36060363,0.16442704,0.17478774,0.21547635,0.12912479,0.13838962,0.1464966,0.3601448,0.37685627,0.4126711,0.3359072,0.356565,0.3373795,0.37590548,0.45371953,0.49976778,0.43922615,0.5248487,0.31057253,0.4568251,0.45491436,0.49957895,0.28835288,0.26425558,0.29467732,0.29917175,0.3624734,0.3224953,0.33629355,0.3123317,0.3689028,0.406485,0.27494785,0.28756195,0.3317248,0.2156074,0.13850789,0.23953591,0.24260423,0.21443793,0.26303738,0.24610047,0.23835687,0.17106079,0.35454437,0.5543587,0.46271744,0.25816932,0.280022,0.51648563,0.3909409,0.39380533,0.31117067,0.44644657,0.45593268,0.49287927,0.3855036,0.50931174,0.32092312,0.26524484,0.35205555,0.3654274,0.46564564,0.3293124,0.40411028,0.41916016,0.4051388,0.47261825,0.3255566,0.3379996,0.37349257,0.22837345,0.24441847,0.30053285,0.30948752,0.33141184,0.32703474,0.26966184,0.37092513,0.507033,0.4180259,0.34867474,0.41802916,0.34621456,0.43391725,0.508548,0.29992497,0.28316742,0.42682186,0.33894745,0.27245247,0.23343292,0.28112322,0.37845308,0.43569198,0.341152,0.37874746,0.24432923,0.32866257,0.38284007,0.41971463,0.30336252,0.3322754,0.20466472,0.3258066,0.3182649,0.32746854,0.30687276,0.5227679,0.42044148,0.44566023,0.47687235,0.33951035,0.38922897,0.3519899,0.46701908,0.2643283,0.452859,0.38682523,0.55309635,0.31531662,0.19876382,0.13816634,0.49269423,0.404413,0.39843908,0.20298204,0.3141304,0.34672907,0.4611001,0.35806414,0.39551303,0.25360027,0.21347494,0.34515095,0.260009,0.1687886,0.45906046,0.38849318,0.23401447,0.41102463,0.2807842,0.32678452,0.5092652,0.3452845,0.29569888,0.3500811,0.29978645,0.22695684,0.4092763,0.37590033,0.33523792,0.39618346,0.3499238,0.43481395,0.38309622,0.4181765,0.44918326,0.4051189,0.42606694,0.3989786,0.38363367,0.29226997,0.29393634,0.4615702,0.48114648,0.44056863,0.4365191,0.40884742,0.40188494,0.40791866
210,0.3982563,0.3230725,0.38884804,0.364093,0.36898538,0.3660326,0.3643176,0.31604654,0.28285766,0.52807045,0.5358194,0.50102854,0.4324133,0.3336227,0.39133582,0.44038633,0.4927161,0.31237394,0.4061095,0.35167885,0.32692817,0.3787444,0.28312555,0.2998405,0.49809298,0.46373314,0.45746925,0.39206645,0.46919528,0.18848851,0.22881056,0.30783632,0.15316594,0.26702154,0.24134657,0.33099282,0.36713406,0.40934947,0.33400676,0.3423392,0.3010974,0.3091422,0.49364817,0.5256627,0.4439801,0.51868594,0.27867246,0.44194376,0.42218235,0.52582014,0.25661978,0.2522916,0.31274122,0.27197644,0.36090627,0.38709626,0.37879688,0.42808306,0.36999238,0.46370178,0.36080313,0.3999895,0.55539316,0.30293557,0.2154056,0.41565713,0.4147428,0.3849371,0.36205584,0.37458542,0.4037173,0.4256108,0.5569097,0.5706068,0.56130105,0.47190034,0.44167474,0.66930425,0.6641778,0.6743296,0.5663139,0.6588775,0.63691187,0.6202141,0.5799418,0.56132746,0.380494,0.26074234,0.47299072,0.37006918,0.5654234,0.5329661,0.43994084,0.4279179,0.49944058,0.50653493,0.57232636,0.46917537,0.40008822,0.25331414,0.23518372,0.28884703,0.2907167,0.3091665,0.3583304,0.33383942,0.33407363,0.52379376,0.48208788,0.37768102,0.54959327,0.38166842,0.45333397,0.51605254,0.34507194,0.35421664,0.4550348,0.35654888,0.30855137,0.2733341,0.2961807,0.41336763,0.44061399,0.2671488,0.3632429,0.29883224,0.4154958,0.36105242,0.4497411,0.44663092,0.35113606,0.28122225,0.51273006,0.42462936,0.39424798,0.46335804,0.5811453,0.40860593,0.5390861,0.5156449,0.29562846,0.39895394,0.41766495,0.61601907,0.51574427,0.52105415,0.39024094,0.6701436,0.5090604,0.3178258,0.2737334,0.4604613,0.38162982,0.46721444,0.30519813,0.31946003,0.3111748,0.40213236,0.34996256,0.41858378,0.25084972,0.36862716,0.3725067,0.36881244,0.2543388,0.50522834,0.39901578,0.21655339,0.57879966,0.510774,0.6408425,0.4871266,0.28468558,0.26669952,0.3131957,0.26549488,0.4210821,0.41520518,0.46988168,0.42436707,0.39863428,0.3235288,0.41275874,0.38304517,0.38321787,0.35555357,0.3304138,0.33101693,0.30693322,0.46046296,0.60919446,0.533669,0.4009508,0.26631796,0.30392155,0.44194278,0.49160305,0.29259044,0.38644713,0.37816918,0.2919153,0.3958145,0.31507424,0.3212314,0.5710287,0.47861835,0.41495618,0.36055714,0.38318738,0.17709967,0.19631703,0.23890428,0.13814116,0.16404468,0.16141294,0.35437518,0.39088607,0.43128052,0.3279422,0.3633607,0.34731796,0.36636454,0.48076445,0.5275036,0.44255495,0.51309806,0.29043394,0.4461756,0.43950924,0.48843846,0.29035473,0.2616655,0.29991916,0.29172498,0.3690685,0.3203666,0.35753378,0.33699986,0.38481498,0.43116745,0.2863644,0.33626777,0.3959109,0.2360993,0.15012468,0.28740883,0.2771183,0.26232705,0.28686923,0.27923125,0.27460954,0.18601075,0.41601074,0.5843823,0.46963146,0.28861257,0.32086775,0.5325314,0.45145372,0.43560895,0.37557,0.47624025,0.5069752,0.51456064,0.42675567,0.54145,0.34467217,0.2747566,0.37169203,0.37149665,0.49319848,0.34316686,0.41035283,0.43599826,0.4346859,0.47421113,0.38113192,0.3849826,0.39173746,0.2357424,0.2412868,0.31263408,0.31678915,0.33445922,0.33047584,0.2747982,0.36877254,0.5295686,0.4370987,0.36576438,0.4756451,0.37097108,0.45343775,0.51847607,0.29539016,0.27308285,0.40299398,0.34838456,0.28981382,0.24807225,0.293228,0.38056523,0.42943898,0.3432796,0.3704531,0.26398835,0.35114545,0.37817657,0.42755097,0.34247515,0.33904883,0.2186172,0.37829116,0.34137622,0.33533108,0.32139128,0.5222997,0.4022519,0.46331626,0.49458507,0.3483458,0.40132156,0.36969322,0.4955821,0.31548518,0.48584673,0.38588566,0.5559604,0.38107353,0.2346572,0.17240073,0.48404744,0.40765402,0.40247402,0.22832909,0.2879297,0.30783707,0.45202696,0.34358644,0.40513223,0.26621246,0.25804022,0.34476477,0.26341492,0.18563406,0.4650297,0.39780316,0.23503564,0.4605833,0.31940863,0.37699223,0.5086301,0.35258725,0.30604902,0.34746733,0.31037405,0.2711019,0.4049274,0.4198885,0.35296384,0.39516714,0.35564348,0.4347273,0.38064247,0.4344524,0.46271867,0.41722745,0.4371685,0.41071454,0.39138106,0.30555448,0.3077052,0.46249864,0.48238102,0.44900906,0.44532743,0.42079368,0.40913996,0.41770568
211,0.4290345,0.3316973,0.412969,0.38620022,0.38690263,0.3829562,0.39013028,0.34575814,0.3148192,0.5602727,0.5790192,0.52590466,0.4437122,0.35857284,0.42241275,0.4395333,0.4833855,0.33280715,0.42849612,0.35366565,0.32876444,0.40259767,0.29833388,0.33290917,0.5186764,0.4893557,0.48256063,0.42063028,0.5151772,0.2295461,0.27036104,0.34524956,0.1922243,0.30817044,0.27000815,0.34815443,0.40036997,0.44506413,0.35251892,0.36971405,0.335881,0.32886982,0.5294673,0.5498651,0.46716318,0.54481685,0.29277474,0.45224202,0.43038812,0.54678154,0.28616738,0.27552012,0.3421787,0.2857102,0.38515154,0.42005116,0.4073532,0.4754998,0.40355286,0.49232334,0.3773888,0.44601837,0.62376803,0.33721858,0.24428613,0.44786242,0.45547673,0.4509407,0.3851376,0.413933,0.42422506,0.46803755,0.62228096,0.58912605,0.56709,0.4829986,0.48910028,0.68655443,0.70606047,0.7070127,0.62016237,0.69083697,0.67502064,0.62422365,0.62655246,0.5814746,0.41657445,0.28114218,0.51497746,0.4001115,0.5687027,0.55392337,0.45092633,0.44471264,0.5383053,0.5309911,0.62389946,0.5191232,0.4304083,0.2881765,0.2592704,0.32403716,0.31387284,0.33927768,0.38388878,0.3631108,0.34161887,0.5568129,0.49781075,0.39899984,0.59595996,0.39713794,0.48417664,0.53631765,0.36458996,0.37685362,0.4785874,0.37800682,0.33430967,0.30530444,0.33164725,0.43105677,0.4303773,0.2976372,0.36778334,0.33253452,0.45041335,0.37379012,0.4538183,0.4818643,0.35872948,0.30892125,0.5809466,0.449273,0.41805586,0.48349297,0.610144,0.423302,0.54943264,0.53167146,0.32608464,0.42431015,0.46715608,0.65844697,0.57762975,0.5604753,0.42259207,0.6874494,0.5800918,0.36540014,0.34360528,0.46382475,0.4094211,0.47846156,0.35304075,0.31638426,0.31185335,0.41494012,0.3603603,0.42804357,0.28178352,0.4320659,0.39531866,0.37303978,0.30279616,0.5144586,0.42307281,0.24473879,0.62555665,0.54190326,0.6863329,0.4783296,0.29557356,0.30157945,0.32822138,0.29530904,0.4861138,0.42078432,0.50718796,0.4401782,0.42861554,0.33017153,0.4348895,0.40401706,0.4026959,0.37365705,0.35473374,0.35336345,0.3374528,0.49860415,0.6212168,0.53457886,0.41413066,0.29615706,0.34179673,0.4341563,0.4852571,0.30902994,0.3992906,0.37503698,0.29517165,0.42190674,0.32139704,0.35657027,0.5739635,0.48818752,0.43758374,0.3749655,0.42646086,0.21149927,0.24218217,0.27310327,0.16371347,0.2152497,0.19196467,0.37298802,0.42059025,0.45897323,0.34683052,0.3850644,0.37749228,0.378894,0.50699556,0.5538287,0.4614128,0.51763225,0.2969489,0.4548915,0.4422851,0.49446917,0.3153876,0.28509286,0.32875857,0.30537015,0.39313656,0.33538017,0.39642617,0.3832096,0.4139426,0.4639345,0.30314887,0.39634848,0.47233713,0.26830226,0.17749378,0.3601662,0.32629216,0.337955,0.3169973,0.326138,0.32536447,0.21741688,0.48620853,0.5919953,0.46386147,0.32873362,0.3806397,0.5499024,0.51614094,0.49209732,0.45687276,0.5128287,0.5637282,0.5374255,0.48286778,0.5676989,0.37323353,0.29156947,0.39255396,0.38100246,0.5208869,0.3711745,0.41925514,0.44603106,0.48139942,0.48854113,0.45671463,0.44138205,0.42132214,0.26363206,0.2609279,0.34683064,0.33878875,0.3535592,0.3569477,0.30033442,0.372831,0.5479308,0.45759362,0.39108992,0.53513545,0.39193442,0.47714347,0.5220557,0.31015307,0.29015246,0.40329012,0.36764386,0.3216752,0.2801997,0.32628638,0.39199278,0.42614055,0.35554183,0.36807016,0.30159026,0.3873201,0.37356102,0.4328412,0.3860192,0.35221243,0.24879798,0.44782612,0.37604952,0.35671407,0.35492882,0.5323868,0.40742153,0.48223296,0.51973337,0.3731795,0.4261207,0.4051069,0.5347556,0.39548752,0.5294884,0.40182,0.5631175,0.4618483,0.28757855,0.23527855,0.48457736,0.42388457,0.42196295,0.27430087,0.2918835,0.301697,0.45863256,0.35327953,0.42473182,0.28599927,0.32768905,0.36341536,0.280181,0.22072412,0.46722385,0.41679272,0.2587707,0.5085407,0.37828842,0.4366615,0.5002325,0.3679455,0.33338648,0.3541689,0.32422537,0.33698937,0.4045008,0.46841487,0.3779842,0.39719486,0.3700695,0.43329534,0.3830526,0.45524627,0.47602367,0.43390673,0.45192665,0.4279793,0.40596002,0.33261883,0.33402544,0.4620006,0.48255658,0.45697236,0.45425013,0.43983182,0.42463097,0.43293548
212,0.4633437,0.36766875,0.44702774,0.41913712,0.41651073,0.4151825,0.4270193,0.3901804,0.36749458,0.58551896,0.6178519,0.5456516,0.4636455,0.39454392,0.46115658,0.45578808,0.49236584,0.37118676,0.46796647,0.38046956,0.35390207,0.43820646,0.33863932,0.3795876,0.52983266,0.51335424,0.503604,0.4526554,0.5649283,0.29142544,0.33424997,0.38763997,0.2530848,0.35996598,0.3087584,0.3852174,0.44230136,0.4833348,0.3922497,0.40580603,0.38603875,0.3717943,0.554767,0.5642703,0.5000238,0.5778256,0.33151722,0.47494325,0.45473084,0.58024067,0.33878407,0.3215943,0.38832265,0.32030126,0.41849664,0.4554352,0.4441752,0.52124614,0.44163042,0.51304567,0.39053997,0.48171622,0.67112726,0.37773666,0.2855925,0.47831684,0.4972188,0.5152563,0.41030243,0.4565356,0.44173002,0.50580925,0.6699642,0.5967656,0.564231,0.48964912,0.53274953,0.68834394,0.7260459,0.7282318,0.65780634,0.7074599,0.7001926,0.61143506,0.6565981,0.588704,0.45583236,0.31396887,0.5557617,0.4350424,0.5629626,0.5638224,0.4610549,0.4542765,0.58247775,0.55737954,0.6612477,0.5541332,0.4585679,0.3415149,0.30354887,0.37537283,0.35385415,0.38186768,0.4190654,0.403899,0.362418,0.574895,0.50754386,0.4260149,0.6227902,0.40983805,0.5022846,0.5450854,0.39422214,0.420139,0.5185377,0.40750137,0.36835387,0.3517833,0.38398346,0.45089546,0.43010518,0.3459405,0.38789672,0.37999147,0.48791572,0.3978342,0.46669483,0.5165931,0.37562564,0.34745595,0.63483393,0.47463092,0.4464106,0.5079089,0.63371706,0.4554391,0.55617917,0.5470603,0.37460762,0.46186873,0.5245824,0.69285625,0.63404614,0.6054016,0.4608538,0.6873054,0.6331564,0.4231313,0.42755243,0.47618097,0.44529918,0.49521318,0.41340747,0.34090677,0.34213352,0.44525728,0.3923548,0.44409785,0.32669225,0.49892497,0.42980063,0.37827063,0.35855657,0.5170771,0.45203078,0.29556498,0.6489096,0.5691692,0.7145227,0.47326362,0.32234034,0.3559086,0.3563217,0.33856302,0.5425628,0.42754146,0.53322965,0.4502273,0.4616091,0.3630943,0.46340185,0.43462056,0.43275645,0.4085632,0.39485174,0.39094666,0.38468447,0.5336697,0.6239637,0.52609205,0.43943304,0.34136143,0.3952938,0.44204015,0.49640518,0.34526175,0.4343068,0.39467657,0.3229339,0.4576055,0.3501959,0.4020044,0.5617374,0.48833978,0.4650819,0.39953515,0.48451915,0.27078646,0.31439292,0.31684592,0.21072423,0.29335213,0.24159499,0.41067782,0.45722,0.48715904,0.38846558,0.41485488,0.4202351,0.411137,0.5250196,0.5695795,0.49067032,0.53878295,0.3321128,0.47996515,0.46290383,0.5192791,0.36074153,0.33437413,0.37609926,0.3399449,0.42747045,0.3666076,0.4447747,0.44052345,0.44779596,0.49384168,0.32387194,0.4540371,0.5422832,0.3099579,0.22360921,0.44269118,0.38610214,0.4283918,0.35200816,0.38373372,0.38391924,0.26604286,0.55064815,0.5781208,0.4558484,0.37441742,0.4473326,0.56270885,0.5713974,0.55129844,0.53688705,0.5459441,0.61113936,0.5541062,0.53940177,0.5815703,0.40644127,0.3171718,0.4157293,0.39494306,0.53866553,0.4102514,0.42994964,0.44808978,0.53736174,0.5126325,0.5339915,0.49478328,0.45332173,0.31232405,0.30366126,0.39647916,0.37265253,0.3838889,0.40060726,0.34379405,0.3867067,0.555673,0.47356856,0.4209855,0.581347,0.40657413,0.49589714,0.51518804,0.34535912,0.33716747,0.43039966,0.39374673,0.36458698,0.32802296,0.37614197,0.41055277,0.43393382,0.3773716,0.37850517,0.35441497,0.43232742,0.37764633,0.4428311,0.4316243,0.3735542,0.29633465,0.5180781,0.41718352,0.38936582,0.40232515,0.549706,0.43484774,0.50023204,0.5451329,0.40894368,0.46029693,0.4541922,0.5764145,0.4919326,0.5762104,0.43263263,0.57014894,0.53885144,0.35500133,0.3279157,0.49146247,0.44665396,0.45251915,0.3390949,0.3221679,0.3282248,0.47887984,0.3821142,0.4503128,0.31574836,0.41330844,0.39779207,0.31119573,0.27428693,0.46396348,0.43884277,0.30521882,0.5470764,0.4487555,0.49306664,0.48697004,0.3908856,0.3736858,0.37198716,0.34487665,0.41373137,0.40939486,0.50949436,0.40431672,0.400688,0.3891851,0.43214017,0.3915752,0.47570992,0.4846945,0.45230487,0.46734047,0.4465232,0.42404553,0.37099,0.37024134,0.45943546,0.4801956,0.46136224,0.46009517,0.460734,0.44365513,0.449908
213,0.49062625,0.4225139,0.48058498,0.45396242,0.4481123,0.45152798,0.46340248,0.43921584,0.43017098,0.5936781,0.63706857,0.55420774,0.48258495,0.4356909,0.50033873,0.4806888,0.51410764,0.42045942,0.5107212,0.4252646,0.39516118,0.4735929,0.39582685,0.4296256,0.53022397,0.528413,0.519317,0.48573026,0.6076583,0.37224185,0.41389987,0.43160498,0.33570084,0.415294,0.35886773,0.43429735,0.4838279,0.51621306,0.44598573,0.44226593,0.44053036,0.43096262,0.5588846,0.56425077,0.53644925,0.60997486,0.3913656,0.5026803,0.49062183,0.6147205,0.40789613,0.3860796,0.44051623,0.37210953,0.4514624,0.4823666,0.4820042,0.5531175,0.47609514,0.51902574,0.40180036,0.50100315,0.6850096,0.41973004,0.33670664,0.49888253,0.5310008,0.5609979,0.4378128,0.49550837,0.45587668,0.532342,0.6860978,0.5888883,0.5533103,0.49288714,0.56139433,0.66858727,0.7170996,0.72562265,0.66972023,0.70024425,0.70116985,0.5826535,0.6607151,0.5779172,0.49218857,0.3595117,0.5824888,0.4683174,0.5465266,0.5583077,0.46842813,0.45791975,0.61754894,0.5769731,0.6718726,0.5667033,0.4746745,0.40387994,0.36224183,0.43130124,0.40516457,0.42787224,0.45411095,0.4483282,0.3958025,0.5713081,0.50857127,0.45602778,0.62247354,0.42149344,0.50090647,0.53763795,0.4283596,0.4753472,0.5629236,0.4403736,0.4076305,0.40698385,0.4442058,0.46949974,0.4439115,0.40579936,0.4231424,0.43458053,0.519963,0.43581587,0.48877233,0.5451832,0.4041643,0.3955064,0.6599377,0.4958798,0.47618076,0.5292693,0.644461,0.49402037,0.5566289,0.55669206,0.43558988,0.50221366,0.5765091,0.70752,0.6685615,0.64137274,0.49483833,0.6653153,0.65768874,0.48430622,0.5072756,0.48902908,0.4791646,0.50771856,0.47508994,0.38573685,0.39673662,0.48354214,0.43676448,0.46068734,0.38644662,0.5541102,0.4657263,0.3869022,0.41555443,0.5107847,0.48076224,0.36379275,0.64215875,0.58193004,0.71463156,0.47358868,0.36213252,0.419778,0.3954327,0.396736,0.57732356,0.4367085,0.54055727,0.45300573,0.48771873,0.4153208,0.48930457,0.4655411,0.46274626,0.4491537,0.4385472,0.43492305,0.43769512,0.5539085,0.61078686,0.51049304,0.46737212,0.39718992,0.45557198,0.46030867,0.51910275,0.39571568,0.48070705,0.43000966,0.3709286,0.4896521,0.39428836,0.44656432,0.53629404,0.48104548,0.4960047,0.43463933,0.5455795,0.35643435,0.40709445,0.36838058,0.28571585,0.38848454,0.31385687,0.4577549,0.49163514,0.5097679,0.44393072,0.44476163,0.46436054,0.45578063,0.52720594,0.5696966,0.5253726,0.5701225,0.39337128,0.51218086,0.49711743,0.55591345,0.4190339,0.4034316,0.4315932,0.38993517,0.46168146,0.4075598,0.49182925,0.49428403,0.47713387,0.51144576,0.34920797,0.49488223,0.5866676,0.35997382,0.29037476,0.51071346,0.44871035,0.50975186,0.3925761,0.44483048,0.4429966,0.33164436,0.5928712,0.54691994,0.45259,0.4214188,0.50375855,0.56379926,0.6040521,0.59248346,0.5932916,0.56571794,0.63429123,0.56045043,0.5794455,0.5776548,0.44224504,0.3539074,0.44112515,0.41402578,0.5401102,0.4539034,0.44134352,0.44412866,0.5849416,0.53887546,0.5904949,0.5348522,0.4781457,0.3757753,0.36481294,0.4496529,0.412749,0.41856012,0.44972697,0.39937598,0.41065878,0.5478685,0.48214447,0.45177993,0.6005987,0.41665804,0.5017438,0.49748477,0.3967532,0.40990078,0.47805962,0.42372078,0.41382954,0.38557565,0.43510047,0.4330341,0.45424294,0.40581796,0.40389484,0.41681063,0.4765872,0.3964279,0.46099216,0.47666234,0.4044708,0.3596928,0.5696079,0.45880866,0.42961854,0.45420232,0.56730723,0.47466627,0.51581854,0.5646856,0.45171595,0.4972926,0.50809485,0.6080917,0.57653654,0.6125748,0.47014987,0.5728848,0.5937752,0.4302965,0.43575954,0.5003658,0.46890345,0.4837242,0.41487253,0.37316638,0.38296297,0.50411004,0.4227154,0.47451732,0.3608366,0.49738023,0.43919957,0.3569292,0.3450861,0.45634326,0.4596349,0.3696687,0.5664803,0.5123512,0.53321886,0.47260094,0.41626385,0.41876566,0.399962,0.37731734,0.4845374,0.42055392,0.5306562,0.42850372,0.4043094,0.40918335,0.43279546,0.407453,0.49089038,0.48610133,0.4698981,0.48102364,0.4627751,0.44237274,0.4156141,0.41166437,0.45490232,0.47509682,0.46045077,0.4610852,0.47935286,0.46220812,0.46525908
214,0.50463736,0.48103347,0.5077945,0.48433587,0.47417462,0.48007655,0.49018124,0.48344913,0.48921472,0.57712376,0.6224957,0.5443274,0.49415785,0.47511557,0.52805525,0.50153565,0.53297985,0.47370657,0.54073894,0.4751134,0.4420686,0.49642432,0.46027088,0.47096297,0.51794684,0.52647895,0.5313784,0.5174966,0.6330414,0.46732298,0.49987432,0.47290403,0.43542197,0.46654558,0.4205973,0.48422113,0.5172358,0.537988,0.5038764,0.47438216,0.4875863,0.49411422,0.53378004,0.54782486,0.5680831,0.62867707,0.46072662,0.52360165,0.5282487,0.63062614,0.4809824,0.45846963,0.48689446,0.43216145,0.4759544,0.48989606,0.51263386,0.5645487,0.50109124,0.5058188,0.41682062,0.5027026,0.6552958,0.46150112,0.39861795,0.50781107,0.546473,0.580338,0.46725476,0.5221007,0.46857223,0.54169405,0.6565216,0.55858004,0.53122765,0.4919332,0.56521285,0.61672384,0.6674106,0.68274516,0.6466515,0.65609133,0.66294074,0.5385301,0.6289197,0.5446147,0.52047855,0.41879246,0.58199364,0.49445295,0.5169282,0.5334896,0.4713493,0.45986933,0.62833834,0.57859147,0.64506316,0.5590102,0.4727667,0.46209538,0.42742756,0.4800169,0.45833072,0.4694514,0.47897232,0.4874138,0.43584222,0.5411606,0.49840674,0.48568323,0.58920026,0.4365671,0.47945186,0.5097317,0.45657358,0.52371913,0.5896436,0.47222114,0.45084667,0.46418107,0.50490814,0.48369226,0.46667224,0.46745515,0.46633452,0.4924129,0.54203117,0.4838289,0.511298,0.5567031,0.4423277,0.44984916,0.64685434,0.5072422,0.5039982,0.5393735,0.63331944,0.5244955,0.54512495,0.5535923,0.5027615,0.5374463,0.61155826,0.68684894,0.66695744,0.6538486,0.51041424,0.6132958,0.64460236,0.53845316,0.56546557,0.4967907,0.5076665,0.5074578,0.5308839,0.44023603,0.46064308,0.51882213,0.48358724,0.47647688,0.45989418,0.5864481,0.4939744,0.4041477,0.4719956,0.49581766,0.50419223,0.43803364,0.60011744,0.5679118,0.67148876,0.4751225,0.40870833,0.48067972,0.44063535,0.46941966,0.58054155,0.44877616,0.5251408,0.44987768,0.50158423,0.47412574,0.50890684,0.49039015,0.48328835,0.48300374,0.4746901,0.47656745,0.4853565,0.550592,0.57289743,0.48944902,0.48964882,0.45465472,0.50675356,0.4792327,0.5377128,0.45398137,0.52167225,0.47115222,0.43328413,0.5048478,0.44809902,0.47976726,0.5002686,0.46982786,0.53102916,0.48101643,0.59444493,0.46379167,0.50833035,0.4242634,0.39330062,0.48037094,0.40864727,0.5032491,0.51645416,0.5215857,0.5003094,0.47049353,0.49973074,0.4993219,0.50840366,0.55175525,0.55821526,0.59456044,0.4674142,0.536489,0.533531,0.58470917,0.47851777,0.47785452,0.48311722,0.44414598,0.48649794,0.44611344,0.5265665,0.5319437,0.49496853,0.51134485,0.38384396,0.5096533,0.59237593,0.41948843,0.37967846,0.54617715,0.5051003,0.56036806,0.4405946,0.49917048,0.4963665,0.41260964,0.59769315,0.50290656,0.45770147,0.46726352,0.5336958,0.54273546,0.6038274,0.5964075,0.6106156,0.56125754,0.61811197,0.5511697,0.5856181,0.5499382,0.47602543,0.40618184,0.46469977,0.43763295,0.52075005,0.49244168,0.45200163,0.4400353,0.60339755,0.55459255,0.6093016,0.55364144,0.4872908,0.44190302,0.4347612,0.49381876,0.45222932,0.45283446,0.48959836,0.45665878,0.4397751,0.51991636,0.4801144,0.4801614,0.58225507,0.42616966,0.4898574,0.46834072,0.45103332,0.48923266,0.52578884,0.4567472,0.4649453,0.4461418,0.49784273,0.4568226,0.47967225,0.43817243,0.43976095,0.48455587,0.51468307,0.43273458,0.4860165,0.5155121,0.44497782,0.43542898,0.5871049,0.49454916,0.4736191,0.5017442,0.56930107,0.50944823,0.5258279,0.570228,0.5001287,0.53252935,0.55763835,0.61152565,0.62211055,0.6238232,0.49714053,0.561049,0.6112409,0.50374585,0.53221494,0.50835854,0.48982948,0.505476,0.49533328,0.43679154,0.45096645,0.5244561,0.46944833,0.49400878,0.42391136,0.5632642,0.4787074,0.41830158,0.4319697,0.44747576,0.47611254,0.44080633,0.5577194,0.5478138,0.5442404,0.46016273,0.43786138,0.46011218,0.43521503,0.42858785,0.5333094,0.43710998,0.52569264,0.45107695,0.4099007,0.42988726,0.43604884,0.43106747,0.49653423,0.4793271,0.48339346,0.49030393,0.47489426,0.45922193,0.46150675,0.45428345,0.44858626,0.46756515,0.4548586,0.45748377,0.49222022,0.476833,0.4762257
215,0.50706804,0.52286804,0.523557,0.5071676,0.4920269,0.49450916,0.50535125,0.5135931,0.5304496,0.54034865,0.577126,0.5186481,0.4963409,0.50478315,0.5349575,0.50894004,0.5365185,0.5205463,0.54983366,0.5136819,0.4804688,0.50351554,0.51446795,0.49534208,0.49645075,0.5099328,0.54065555,0.5426178,0.6360164,0.5637822,0.5737905,0.5060604,0.53711605,0.509443,0.49022925,0.5203234,0.536614,0.5434283,0.55243427,0.49590605,0.51663905,0.5453182,0.48655826,0.51672477,0.58650917,0.62600964,0.5190069,0.5317548,0.5590142,0.61859095,0.5390566,0.5194148,0.5167785,0.48208064,0.4860035,0.4788496,0.5279158,0.555415,0.51350766,0.47802868,0.4392523,0.49169904,0.5858487,0.49656066,0.46925232,0.5091601,0.5432235,0.57413715,0.4964724,0.53357184,0.48055243,0.53270084,0.5818285,0.5096831,0.50267494,0.489048,0.5452741,0.5334387,0.5784353,0.59431404,0.59353566,0.569168,0.58107275,0.48166674,0.5608392,0.49341983,0.5390522,0.4881567,0.55571723,0.512302,0.47365344,0.49175623,0.46950814,0.46521145,0.61332655,0.55679506,0.58260775,0.53697413,0.45518237,0.5042053,0.4830468,0.5125628,0.5015569,0.49928576,0.48756203,0.5120075,0.46961486,0.48942178,0.47628176,0.51034,0.52972573,0.45539337,0.4455386,0.4645924,0.4680635,0.5479923,0.58670145,0.49935853,0.49218532,0.5136572,0.5554902,0.4902214,0.48681325,0.51777357,0.5042635,0.54528147,0.5485697,0.5312685,0.5248266,0.54992765,0.48274523,0.50561327,0.59907144,0.5059417,0.52540624,0.53287077,0.5954303,0.5377037,0.5208643,0.5314282,0.56280255,0.5583816,0.6236149,0.62568015,0.6285153,0.6398214,0.5022332,0.53088766,0.59589463,0.57898986,0.5967414,0.4963765,0.5277644,0.49158996,0.5727365,0.48600203,0.51044214,0.5421084,0.5196832,0.48868656,0.5377678,0.590089,0.5084686,0.43172285,0.5244709,0.47438544,0.5156524,0.5014643,0.5311898,0.52643657,0.5821608,0.47242117,0.4516621,0.526007,0.48229393,0.5473141,0.5555876,0.46088195,0.4912234,0.443895,0.50497866,0.51830983,0.51891625,0.50648534,0.49160257,0.5029274,0.49817574,0.5058325,0.51709044,0.52801996,0.51382065,0.4658957,0.5002528,0.50089043,0.5345543,0.48892468,0.5422393,0.50843406,0.54535955,0.5052811,0.49498057,0.50209737,0.49732527,0.4975472,0.45927247,0.460033,0.56371105,0.52970654,0.62107974,0.57183003,0.5957564,0.47702447,0.51826596,0.549648,0.51165,0.5346658,0.5262503,0.5183992,0.54203653,0.4868867,0.51989174,0.5284924,0.47590587,0.5182458,0.58017826,0.5989993,0.53035337,0.54558307,0.56234896,0.5925555,0.5233891,0.5367436,0.5189127,0.48515075,0.4956878,0.474064,0.54101014,0.5478915,0.49912083,0.49702588,0.42772317,0.4998129,0.5623506,0.4792414,0.4816381,0.54748356,0.54831237,0.57439065,0.4923438,0.5383224,0.53753006,0.49486908,0.56471455,0.45388362,0.47150066,0.5109727,0.5338142,0.49990276,0.57286954,0.56129813,0.590522,0.5278954,0.5600428,0.52415025,0.5513987,0.5013384,0.502527,0.47257325,0.48214614,0.46125618,0.48317066,0.51419026,0.45948157,0.44184515,0.58895886,0.5523419,0.5899985,0.54761064,0.47951716,0.49515027,0.49365312,0.51986104,0.484572,0.48028687,0.51017964,0.5014342,0.46534538,0.47514722,0.46661928,0.5021355,0.52947277,0.43615147,0.4649891,0.43124202,0.48976576,0.55043006,0.5553926,0.48979917,0.510002,0.4997243,0.5532695,0.47776362,0.49847522,0.46957353,0.47450802,0.5463997,0.5414007,0.4794482,0.51167053,0.54305935,0.49042064,0.51378495,0.5704069,0.52024853,0.5139897,0.53632593,0.5443558,0.5267186,0.5266178,0.55500704,0.5455724,0.5589831,0.59390646,0.5789005,0.62400836,0.60867584,0.50249,0.52751833,0.58829635,0.56563395,0.5979054,0.5109395,0.50627804,0.51166135,0.56906635,0.4951308,0.50744843,0.5339403,0.51139164,0.5046035,0.49676234,0.60074276,0.508289,0.4869759,0.5212214,0.4388095,0.48445725,0.5004009,0.5237207,0.5481317,0.523465,0.4509455,0.45165285,0.49110287,0.4701541,0.49462736,0.55478656,0.455961,0.50079495,0.47184348,0.41905418,0.4506563,0.440608,0.45744798,0.49362302,0.46792042,0.49022096,0.49394253,0.48256767,0.47308367,0.50147784,0.49208912,0.44080096,0.4595585,0.44736373,0.4518164,0.4978446,0.48559225,0.48174143
216,0.49764642,0.5383278,0.52115434,0.51671886,0.49845418,0.4905115,0.50281113,0.5220882,0.54405016,0.49109235,0.5094987,0.47998348,0.48729977,0.5199852,0.5213239,0.49810174,0.51886487,0.5477244,0.5326134,0.52934265,0.49804252,0.49337742,0.5455037,0.49869058,0.4645387,0.48166543,0.54217255,0.55035114,0.6134915,0.64352083,0.6182258,0.52327543,0.62033963,0.5424075,0.5576136,0.53148204,0.53651613,0.5261137,0.5793957,0.49897856,0.52032536,0.5745607,0.43166676,0.47230068,0.5839725,0.5979327,0.55387414,0.5245774,0.57622623,0.5773972,0.5682705,0.5545991,0.5227703,0.51104885,0.4798528,0.46099085,0.51895964,0.5207315,0.5082607,0.4414187,0.46437258,0.47020027,0.4907406,0.5153895,0.5378284,0.5026589,0.5251136,0.54537034,0.5177384,0.528272,0.48861736,0.50657237,0.48031813,0.44842103,0.46813852,0.4797462,0.50868726,0.43345958,0.46580574,0.47236025,0.5192384,0.44801635,0.46897948,0.41682118,0.46882725,0.4328227,0.5422485,0.55392975,0.51660544,0.5220206,0.42105514,0.44037923,0.46343884,0.46912122,0.57366914,0.5130689,0.49961436,0.50287515,0.4278791,0.52379173,0.51393664,0.52071464,0.52430654,0.5085487,0.4780602,0.51512814,0.48580012,0.4251091,0.44134644,0.5213023,0.45366222,0.47053555,0.40675998,0.40917853,0.4593318,0.5445986,0.5564522,0.51734143,0.5214845,0.54336846,0.58148754,0.48443437,0.49234325,0.54394245,0.5236599,0.5781428,0.52893275,0.5622968,0.5206026,0.527365,0.5144268,0.552002,0.5255256,0.4919785,0.53222984,0.5057231,0.52849096,0.5272652,0.48320317,0.4891035,0.60165006,0.55555654,0.60671604,0.53076416,0.5611444,0.5978391,0.4752535,0.42884544,0.5212463,0.5995671,0.60362524,0.48465666,0.5308856,0.45727867,0.5871057,0.51120675,0.5330372,0.5431361,0.5362732,0.48831484,0.6034993,0.5617394,0.5008177,0.46527976,0.5596147,0.44862312,0.50597477,0.54057443,0.44600347,0.47036475,0.4629965,0.46013606,0.48149335,0.54545414,0.5088185,0.6105769,0.5099691,0.4674061,0.44393724,0.43417984,0.49741244,0.5364017,0.5135273,0.5095658,0.4867302,0.504076,0.5026802,0.5144383,0.5245087,0.49367067,0.44492537,0.43894786,0.49540257,0.5284229,0.5349335,0.4825764,0.52680105,0.5459671,0.54526734,0.5212479,0.53786236,0.4829322,0.52990776,0.49700156,0.41622546,0.4507955,0.58067465,0.5642687,0.6188554,0.65522987,0.6488544,0.5163604,0.6295473,0.58743036,0.5990475,0.54137564,0.51575935,0.4964161,0.5578837,0.48714888,0.51992255,0.5388878,0.44054112,0.47207358,0.58146095,0.5792834,0.5686322,0.5384399,0.57704586,0.57540077,0.54253,0.5677011,0.5303097,0.5051197,0.4867819,0.4934625,0.52798784,0.5367877,0.4868728,0.4719021,0.4708329,0.46990296,0.5056597,0.52228314,0.57344085,0.5169229,0.57112765,0.55608094,0.53415924,0.5541733,0.5553733,0.55805117,0.5034408,0.40248135,0.48300296,0.5412405,0.51036155,0.44429708,0.5155625,0.4957907,0.5381989,0.46550342,0.46982336,0.47938338,0.48287195,0.44011787,0.5141598,0.53841174,0.4926213,0.48054188,0.43466607,0.51163673,0.462836,0.44758436,0.54565716,0.53148234,0.54086447,0.5158342,0.45734414,0.5251088,0.5241839,0.5204667,0.50224936,0.49199608,0.5081357,0.5232328,0.48027378,0.42091817,0.44247437,0.5106577,0.4536248,0.44199923,0.4341643,0.39220825,0.5031276,0.58279306,0.5621303,0.51531523,0.53781915,0.53448135,0.5831872,0.4900084,0.49995446,0.49198425,0.4969441,0.5843429,0.54497796,0.52095705,0.52515584,0.5513315,0.5286886,0.5776017,0.5244178,0.5303126,0.5397188,0.5473539,0.49123582,0.5196476,0.51296645,0.5153288,0.57430524,0.5654449,0.60548294,0.5134959,0.58840936,0.56765693,0.48844767,0.47227532,0.529208,0.6051643,0.62745446,0.5020959,0.5082912,0.49534476,0.6166999,0.5320064,0.5381152,0.5251293,0.53784305,0.4969091,0.5630136,0.60336596,0.5171951,0.54739565,0.58812016,0.43093765,0.478354,0.5339288,0.47134012,0.52162963,0.47545573,0.44407332,0.45575073,0.50556135,0.49496633,0.55790275,0.5490705,0.4725445,0.46099886,0.48328078,0.43257692,0.46858507,0.44402936,0.4785144,0.48492157,0.45631507,0.48921496,0.49154958,0.48411438,0.48064244,0.52615595,0.51665664,0.43321782,0.45345113,0.43985534,0.44608164,0.4955153,0.48768488,0.4810263
217,0.4753986,0.530552,0.49892727,0.50864017,0.49151373,0.469943,0.48096812,0.510516,0.53073007,0.43472192,0.43023717,0.4334672,0.4635182,0.52057225,0.49108052,0.4674938,0.48167747,0.5519698,0.48877996,0.5217513,0.49504152,0.46668828,0.5537719,0.48655483,0.42333934,0.44704357,0.52813655,0.53637224,0.5651675,0.6997576,0.6348391,0.52321637,0.6791593,0.5646794,0.61305076,0.5166206,0.51420486,0.48402348,0.5782173,0.4841513,0.50186545,0.579335,0.37985602,0.4170456,0.5543058,0.5433778,0.56547755,0.4996124,0.57487607,0.50811005,0.5684479,0.5643747,0.5065032,0.5229783,0.46242985,0.44751874,0.4855781,0.45919323,0.4823918,0.40077603,0.48770624,0.44123712,0.3886492,0.5164893,0.6000431,0.48910818,0.49885216,0.5021419,0.52822065,0.5102252,0.49307907,0.47090676,0.37718815,0.38437396,0.42960063,0.4622433,0.46486712,0.33446315,0.35131058,0.3449729,0.43656823,0.32057104,0.35298088,0.3489118,0.369927,0.36978105,0.53166497,0.60786295,0.47469357,0.5240111,0.36439705,0.38797924,0.4551687,0.46704498,0.5082011,0.45411587,0.414675,0.4604581,0.3991565,0.5244895,0.52220196,0.50587696,0.5267441,0.4983918,0.45490324,0.4966698,0.48675618,0.35714185,0.39613906,0.5149668,0.37162632,0.47680956,0.36945105,0.3512118,0.4375087,0.520248,0.505209,0.52540296,0.5369397,0.5537035,0.5794545,0.46613005,0.4828891,0.5464147,0.5243712,0.5867565,0.48608726,0.572831,0.49938974,0.49325198,0.5335839,0.58401525,0.4374374,0.46777534,0.5228791,0.45842606,0.43636644,0.49396056,0.4359667,0.4330694,0.6165374,0.5290211,0.55993015,0.41468844,0.47228494,0.527159,0.43788075,0.32320222,0.43266296,0.60078883,0.5940341,0.46062016,0.51496345,0.40960863,0.5756907,0.51676726,0.5302655,0.51822835,0.53361374,0.47526193,0.64497423,0.50453365,0.472082,0.502542,0.5762153,0.42113695,0.4723434,0.55529416,0.35529357,0.41179556,0.3423426,0.43970886,0.50103986,0.54112107,0.5195792,0.65208393,0.45181876,0.4645819,0.3890617,0.417708,0.477739,0.5321972,0.49088994,0.49626455,0.46929353,0.48759115,0.48848417,0.50325054,0.5077208,0.45218614,0.37555102,0.40983823,0.4726757,0.5373748,0.51161575,0.45834002,0.4907948,0.5637858,0.5196999,0.516375,0.5551838,0.4504563,0.5455659,0.48220488,0.37410265,0.4414785,0.5749351,0.5790783,0.5857086,0.705989,0.6696069,0.5388422,0.70973855,0.59728205,0.6592308,0.5219819,0.48508748,0.45489293,0.5461197,0.4720684,0.50002813,0.53058785,0.40864885,0.41652054,0.5562809,0.5355237,0.5810677,0.5132666,0.5720644,0.53277147,0.5358422,0.57033634,0.51755613,0.50808066,0.463282,0.5086933,0.48875183,0.4986466,0.45856392,0.43765396,0.5065481,0.42611003,0.4326581,0.54284996,0.6454797,0.4655754,0.5742141,0.5142274,0.5587995,0.54890645,0.5471454,0.599536,0.42691872,0.3512525,0.4869328,0.5535244,0.47209904,0.38416076,0.44098568,0.41636872,0.46422407,0.3838072,0.3654101,0.41823626,0.39306727,0.3731751,0.5098901,0.59325856,0.4979602,0.4951144,0.38025832,0.48816383,0.46334994,0.45398113,0.4793613,0.49588132,0.47180095,0.46350735,0.42557734,0.5349223,0.52703166,0.4967487,0.5061658,0.48896685,0.48742113,0.5220037,0.4871254,0.36436108,0.4096216,0.50359267,0.36891258,0.44181702,0.40207824,0.35588107,0.49592692,0.5883388,0.5484569,0.5302562,0.54584676,0.55172676,0.5833548,0.49241838,0.48464513,0.5059093,0.50807583,0.59571326,0.5275435,0.5513755,0.521802,0.53764355,0.55321586,0.62185663,0.45703965,0.5219196,0.5475511,0.5355236,0.41650197,0.49051535,0.4849364,0.45595822,0.5821041,0.5495484,0.5902338,0.4236337,0.5232134,0.5037522,0.4618192,0.40040943,0.44245374,0.6214365,0.6278158,0.47893846,0.49263358,0.45877257,0.6382783,0.5438326,0.5438681,0.49599162,0.54566526,0.47273558,0.60824054,0.5742286,0.5044351,0.59314245,0.62732625,0.42557383,0.45637536,0.5411709,0.40986368,0.47909302,0.4111239,0.43786696,0.45752463,0.5060269,0.51063335,0.60852736,0.51965374,0.4846784,0.4107848,0.4787751,0.45082232,0.48348945,0.4475397,0.49275708,0.471654,0.44591528,0.47971022,0.48216343,0.4785098,0.48048517,0.5358417,0.52802575,0.42756978,0.4491317,0.43368274,0.4408044,0.48387584,0.48149192,0.4738815
218,0.4440508,0.49982768,0.45690003,0.4816385,0.46994644,0.43790728,0.44371277,0.48139918,0.49341294,0.38055798,0.3574398,0.3912867,0.42068934,0.50558794,0.4497127,0.41919667,0.434205,0.53372777,0.42775825,0.4932319,0.47395214,0.42875743,0.5367033,0.46396738,0.38230124,0.41587487,0.4970524,0.5036664,0.5004233,0.73080206,0.62827855,0.5112942,0.71422935,0.5753516,0.65094006,0.47781658,0.47199944,0.42546055,0.54677963,0.45490223,0.467594,0.55864793,0.3393142,0.36004308,0.5008154,0.47362515,0.5519211,0.45844308,0.55380666,0.42472607,0.54100186,0.5494603,0.47133145,0.5178581,0.43848297,0.44101408,0.43710807,0.3844531,0.43952128,0.36285368,0.50547767,0.41331634,0.30637422,0.502365,0.64975595,0.4726113,0.47588047,0.45592818,0.5328476,0.4901506,0.49594223,0.43933287,0.2997576,0.3337733,0.39854717,0.44530597,0.42746243,0.25714698,0.264427,0.24834408,0.37044582,0.22449702,0.26304415,0.2889081,0.28752655,0.31399804,0.5142004,0.64646685,0.43829843,0.51883894,0.3120967,0.34695336,0.4488623,0.46067297,0.42874146,0.39297393,0.34585527,0.4175727,0.37524486,0.5083677,0.51143134,0.4724961,0.51200783,0.47230744,0.42376804,0.4597348,0.47601712,0.29830042,0.3479842,0.4948166,0.30228025,0.4729869,0.33938915,0.30092773,0.41054136,0.48098844,0.44278023,0.52479213,0.54003674,0.5493735,0.55042076,0.44134995,0.46424747,0.5279431,0.5094209,0.5736596,0.43617263,0.56791574,0.47023728,0.46073726,0.5432405,0.6029983,0.35786977,0.4408484,0.504599,0.39987865,0.34182224,0.44515777,0.39007738,0.37599525,0.60898477,0.48487797,0.49506083,0.30753922,0.3812397,0.44419983,0.39861524,0.23811907,0.3541485,0.5917829,0.57762,0.42318785,0.4811111,0.35866994,0.54950666,0.49833125,0.5022268,0.47268268,0.5098021,0.45254004,0.65884006,0.4324499,0.43100682,0.5398934,0.5831729,0.39592782,0.42170405,0.5456906,0.28004873,0.35878637,0.25287747,0.4192934,0.51165146,0.51558083,0.51512146,0.6746035,0.397489,0.45133296,0.33665046,0.39408147,0.4488927,0.5069109,0.45032522,0.46503416,0.4408779,0.45732978,0.45802087,0.4736142,0.4688302,0.41052014,0.31750822,0.38492227,0.42911494,0.52906084,0.47260168,0.41616005,0.4425079,0.56105053,0.47234473,0.49048644,0.542884,0.41195667,0.5380869,0.45823994,0.3398002,0.43468976,0.5476192,0.57434034,0.53043884,0.7254583,0.6655076,0.5479872,0.7547591,0.5864773,0.69154716,0.4786672,0.4405347,0.40252492,0.50909597,0.44377905,0.46296406,0.50351834,0.3832785,0.3611713,0.50799346,0.47559282,0.56382,0.4701408,0.54495233,0.47408628,0.50470346,0.54413927,0.48207548,0.4927946,0.42915243,0.51543754,0.4337649,0.44445056,0.41973042,0.39771685,0.5306826,0.3811661,0.36535934,0.54274654,0.6944259,0.41409627,0.56698006,0.46382698,0.56938714,0.53640944,0.5235094,0.62526065,0.36095887,0.311852,0.4874052,0.5564954,0.43403843,0.33117732,0.37346467,0.34972683,0.39442036,0.30802423,0.2769955,0.3518803,0.30768546,0.31306243,0.49698302,0.63456714,0.50235736,0.5067593,0.32899094,0.45533222,0.46332917,0.45998237,0.40812624,0.45356673,0.4017107,0.40624297,0.3905375,0.5270181,0.5041636,0.4532506,0.4982589,0.4731702,0.4539625,0.4989769,0.48649603,0.31440824,0.3738341,0.48522204,0.29742742,0.4375852,0.37170687,0.32738608,0.47478232,0.5677375,0.5169209,0.53451,0.5380613,0.55573213,0.5558634,0.48758322,0.45947373,0.5101818,0.5098565,0.58643705,0.5018805,0.5707772,0.50597894,0.51362485,0.56466556,0.6490221,0.39078686,0.50175905,0.5411516,0.5090361,0.3400594,0.44703984,0.4502586,0.39461118,0.57089597,0.51561564,0.5573687,0.33530173,0.44957295,0.43648896,0.42782623,0.32814258,0.3571396,0.6235917,0.6120819,0.44074768,0.45917916,0.4108342,0.643454,0.5259818,0.5239079,0.4522263,0.52958435,0.4398629,0.6269117,0.5269291,0.47508654,0.6214592,0.6438563,0.42538872,0.4233868,0.5237901,0.3570666,0.4332428,0.355065,0.4325028,0.46065012,0.49429655,0.5172163,0.6444525,0.4806138,0.49075893,0.36022314,0.4581046,0.46976617,0.4927487,0.4541642,0.5021787,0.45679882,0.4379702,0.4647487,0.46800268,0.4672839,0.47329068,0.5340424,0.52964205,0.42418656,0.44602832,0.42984697,0.43663186,0.46430212,0.46732506,0.4616907
219,0.4119408,0.45342204,0.4108464,0.44358417,0.4387555,0.4008317,0.39841664,0.44574335,0.44496667,0.3366893,0.30119395,0.36143613,0.36832643,0.48223072,0.40972435,0.3617578,0.3786215,0.50064987,0.3638587,0.44897705,0.44166812,0.38700753,0.50310683,0.43825164,0.34886545,0.3941129,0.45559257,0.46045414,0.43728447,0.7428702,0.6119598,0.4937744,0.7314066,0.57799715,0.66953266,0.42763335,0.4202101,0.3658502,0.49283063,0.42203605,0.43010107,0.5164313,0.3159766,0.3129169,0.4335837,0.39760453,0.51681507,0.40602618,0.5112394,0.33792993,0.49676403,0.51858443,0.42968157,0.5009044,0.41649684,0.4420899,0.3857856,0.31650272,0.39099708,0.33561698,0.5148042,0.394476,0.25812852,0.48186764,0.6859191,0.4572746,0.4630002,0.42072633,0.5311021,0.47451243,0.4985277,0.42127922,0.2605466,0.30345988,0.3771601,0.4306385,0.40649837,0.20517705,0.2136963,0.19024102,0.33364886,0.16776152,0.20977741,0.24448332,0.23670918,0.27431914,0.49507242,0.6677853,0.41307545,0.5097795,0.27246892,0.32330427,0.44774273,0.4492962,0.35023198,0.3388687,0.30603677,0.3869724,0.36403072,0.48679674,0.49366975,0.43372628,0.48711255,0.44075176,0.39322922,0.41406715,0.45929682,0.25920746,0.30592367,0.4656852,0.2563835,0.45972967,0.32376614,0.2656777,0.38614756,0.4307052,0.3742626,0.5182538,0.535814,0.53773546,0.5084385,0.41609696,0.4402769,0.4984299,0.483262,0.55067337,0.3958643,0.5504664,0.4378768,0.4384073,0.54381984,0.6103185,0.30455098,0.41896582,0.48360842,0.33954257,0.26279756,0.38850853,0.35111564,0.32659325,0.587379,0.43858013,0.43074998,0.23068239,0.31180432,0.36546004,0.36415532,0.18096678,0.30465958,0.5787722,0.5660775,0.3811724,0.44396526,0.31542352,0.5237139,0.46109617,0.4516618,0.41834155,0.47274187,0.43023202,0.6492784,0.36798513,0.38838127,0.5737988,0.5914552,0.37538716,0.3666283,0.521423,0.23111752,0.3220303,0.20340098,0.4014886,0.51588225,0.47930717,0.4993479,0.68135154,0.3631495,0.43061176,0.29741284,0.36487997,0.41897166,0.46847808,0.40565217,0.4246049,0.40818888,0.42052647,0.4192394,0.4366585,0.42083836,0.37571192,0.27353626,0.36756003,0.374946,0.5114538,0.43350607,0.36464244,0.38751128,0.5444911,0.41242188,0.45008227,0.50815856,0.37552524,0.51305693,0.43355268,0.31707,0.42908084,0.5079449,0.55568993,0.4701498,0.721654,0.6511592,0.54806757,0.7714732,0.5683056,0.70123315,0.42431453,0.39483008,0.35113704,0.45725942,0.4122718,0.41948116,0.4612979,0.3669576,0.31625643,0.44545692,0.40521094,0.5192626,0.41384944,0.4965763,0.40482667,0.46122262,0.4989673,0.43659323,0.46534306,0.39379364,0.51209164,0.37698153,0.389272,0.38048896,0.36131954,0.54111344,0.34733373,0.3207735,0.5320804,0.7239731,0.37942865,0.55842865,0.42461288,0.5677912,0.526682,0.4961514,0.64211005,0.323089,0.2875197,0.4813071,0.5543541,0.41024646,0.2905282,0.3297963,0.31151238,0.3492495,0.25315967,0.22065231,0.29357785,0.24970846,0.2698351,0.4798865,0.6612426,0.50594836,0.5174166,0.2890829,0.42417195,0.46489072,0.462152,0.349131,0.41042647,0.35182795,0.36112627,0.36269578,0.51165324,0.4687044,0.40535048,0.48293033,0.45226014,0.41820973,0.46378705,0.47924903,0.2786091,0.34079257,0.46265078,0.25175235,0.43076283,0.34864354,0.31062424,0.44695306,0.52384174,0.4657153,0.53086853,0.52236736,0.55316776,0.51498604,0.4786898,0.42857122,0.5056683,0.50332314,0.5697053,0.48230326,0.57709265,0.48049432,0.48990226,0.56322014,0.66398317,0.34489653,0.4784913,0.52623975,0.47769886,0.27237222,0.39494336,0.41424006,0.34096673,0.54747283,0.4769064,0.51978505,0.2688637,0.39505076,0.38062438,0.3911083,0.26665467,0.29963577,0.62037796,0.5979642,0.39722767,0.42087135,0.36376524,0.6444191,0.48736906,0.47932187,0.4057911,0.49716845,0.4121096,0.61946243,0.48125955,0.43876597,0.6354409,0.64915377,0.43001547,0.38773155,0.4933231,0.32303587,0.39890134,0.32302403,0.42694798,0.46586818,0.47461805,0.5157467,0.6667366,0.45069334,0.48995003,0.32023335,0.42529383,0.48545286,0.4944547,0.46324646,0.50788903,0.44251555,0.43148136,0.44847274,0.45177972,0.45318487,0.46129453,0.5264748,0.5266041,0.42245734,0.44305187,0.42841706,0.433817,0.4401122,0.447529,0.44691905
220,0.3872078,0.40520245,0.37861684,0.40631142,0.40627223,0.3666152,0.35576174,0.41785768,0.4035656,0.30921564,0.2682599,0.34880093,0.32292652,0.4587307,0.3819533,0.31158593,0.32276827,0.46370834,0.3137417,0.39915302,0.4067809,0.3523326,0.46690366,0.41854295,0.3285688,0.38667166,0.41136864,0.4156972,0.3922456,0.74166846,0.5980379,0.47690868,0.7372326,0.5790753,0.66897935,0.38285133,0.37272048,0.319298,0.43170935,0.39745376,0.4038315,0.46314028,0.31540602,0.28416932,0.36647773,0.32670718,0.4723877,0.35575917,0.4537101,0.2635679,0.45333055,0.48585224,0.3978555,0.4818921,0.40452993,0.45434707,0.34517854,0.27219757,0.3505615,0.3253048,0.51351297,0.39084396,0.2500411,0.46443287,0.71018213,0.4474445,0.46564296,0.40781668,0.5207326,0.46951964,0.5007731,0.42369172,0.26483494,0.2958305,0.3654245,0.4182061,0.41122168,0.17769524,0.19837402,0.16637813,0.3309682,0.14422677,0.19249327,0.21815437,0.2229701,0.25565264,0.4784341,0.67200416,0.40297553,0.5017664,0.2513548,0.31979173,0.45412442,0.43236023,0.28966203,0.3001336,0.30265173,0.3776056,0.3728575,0.47561327,0.48180452,0.4058142,0.46156725,0.416338,0.37233403,0.37422472,0.4449846,0.2461926,0.27800924,0.43484035,0.23752086,0.43900016,0.32852468,0.25020728,0.37313288,0.38069475,0.31257704,0.5107907,0.5305031,0.5275271,0.47189778,0.39729255,0.41538933,0.47147906,0.4538205,0.5305269,0.37483105,0.52331805,0.40648776,0.43330497,0.53597677,0.61002845,0.28837875,0.41098258,0.46479663,0.28869212,0.20939572,0.33658338,0.32113278,0.28902516,0.5590996,0.40327364,0.3826377,0.1908119,0.27929032,0.30570528,0.34434178,0.14994657,0.29464385,0.5674221,0.57082,0.34737203,0.41802374,0.2885333,0.51050335,0.41675675,0.39135075,0.36962244,0.434119,0.41562608,0.6214733,0.32996798,0.35446253,0.59948236,0.6121513,0.36084613,0.32069993,0.49825642,0.21194936,0.30969217,0.19290833,0.38678682,0.51717955,0.44718704,0.47929084,0.674566,0.36470357,0.40802068,0.27858794,0.3336408,0.39596123,0.42861205,0.37221685,0.38761747,0.37991554,0.3860246,0.382719,0.4072531,0.38166496,0.3543726,0.24436806,0.35802785,0.32750475,0.49343407,0.40833274,0.31933314,0.33627588,0.5218204,0.35602203,0.40546435,0.4630268,0.35008675,0.4800948,0.41766685,0.3055467,0.42118236,0.46432635,0.5254434,0.42233807,0.7009669,0.63951325,0.54388314,0.76577723,0.55988914,0.6934966,0.37587532,0.3598754,0.31026113,0.4060272,0.3889293,0.38337126,0.4131803,0.363412,0.28888994,0.37986717,0.33543283,0.46018034,0.35849568,0.43707603,0.33741808,0.4233266,0.4526423,0.39964083,0.43815133,0.3677655,0.5043206,0.33336574,0.34855166,0.35072505,0.33876848,0.5368102,0.33433127,0.31032178,0.5209645,0.7394448,0.37518215,0.55500424,0.41582462,0.55479014,0.52672666,0.4753709,0.65436876,0.3232091,0.27615234,0.46226156,0.5501203,0.41349646,0.2671777,0.31854054,0.30906045,0.3413492,0.22493982,0.19963129,0.25326645,0.23174702,0.2483821,0.46196947,0.67241937,0.5055763,0.5283524,0.26739654,0.4037726,0.4701406,0.45643362,0.3164553,0.37388194,0.33868462,0.34164387,0.35287294,0.50281686,0.4377586,0.37167236,0.465748,0.43520385,0.39167044,0.4312228,0.470016,0.26221713,0.3170947,0.44366512,0.23662841,0.42295176,0.33983693,0.30788195,0.42315355,0.46835312,0.4031326,0.5239496,0.5079935,0.5513672,0.47776687,0.4695485,0.39656943,0.49471015,0.49148333,0.55743325,0.4772224,0.5657142,0.44793484,0.47571748,0.5499904,0.6722961,0.3339612,0.4630153,0.5088611,0.45048735,0.2217701,0.34520057,0.38019806,0.2989237,0.51620555,0.44543523,0.48709133,0.23464455,0.38145855,0.34589493,0.36104488,0.22297612,0.28449088,0.6189193,0.6025705,0.36093926,0.3914408,0.3286662,0.6494011,0.44287515,0.42034763,0.3689916,0.45917067,0.39886084,0.5871933,0.45512977,0.4062349,0.6389299,0.654579,0.4356746,0.35794234,0.46645048,0.3125516,0.38834494,0.3251474,0.4198177,0.47335142,0.4534333,0.5086646,0.6732165,0.45010927,0.48332778,0.29892883,0.38673452,0.49373657,0.48780113,0.47277093,0.5103926,0.43131134,0.42578647,0.43568158,0.437006,0.43972498,0.4478826,0.52001756,0.52445036,0.42183125,0.4395831,0.42845502,0.43196285,0.41658467,0.42663005,0.43336678
221,0.3748901,0.36894858,0.36831906,0.3796186,0.3805725,0.34277475,0.32628328,0.40642074,0.3820221,0.30149063,0.26181507,0.35488087,0.29655004,0.43774262,0.36743027,0.2824166,0.28031495,0.43335044,0.28849283,0.35682812,0.37736586,0.3340422,0.44022703,0.41128224,0.323047,0.39689013,0.37083867,0.37638518,0.37253192,0.7321335,0.59199566,0.46508223,0.73772246,0.58340824,0.65203696,0.35317257,0.34066355,0.29224193,0.3799454,0.38718352,0.39758953,0.4152852,0.33987477,0.2765862,0.31443477,0.27524567,0.4349568,0.32225043,0.39935407,0.21596639,0.4253379,0.46366158,0.38598365,0.46902093,0.40618417,0.48133698,0.3248701,0.25735372,0.32719043,0.3334568,0.5010937,0.40332228,0.28537354,0.4538612,0.72460127,0.446589,0.48858434,0.4209479,0.5044806,0.48200795,0.50178117,0.449731,0.31583142,0.3107183,0.3649708,0.41111663,0.4476517,0.17336003,0.21694204,0.17213593,0.36296704,0.14761776,0.20822829,0.20815676,0.2463468,0.25641823,0.46770442,0.66427743,0.4081576,0.49893397,0.24870273,0.33582684,0.46851268,0.4124434,0.25791073,0.28314582,0.3375892,0.38986897,0.40354428,0.48532087,0.48216054,0.39875498,0.4435115,0.40706643,0.3670217,0.3518893,0.4374879,0.2595842,0.2671665,0.41074905,0.24416657,0.4131805,0.35475448,0.25538313,0.37756264,0.34680304,0.27353054,0.5082712,0.52913296,0.5255063,0.4540231,0.39058885,0.39242867,0.45679724,0.42803806,0.5219625,0.3756328,0.49111697,0.380129,0.44978708,0.523664,0.6106491,0.31400234,0.42324847,0.45251128,0.25577933,0.18364479,0.30198446,0.30008537,0.2648864,0.5307095,0.3845694,0.35930306,0.18475646,0.28620526,0.27474892,0.34891227,0.14080745,0.32687667,0.5650153,0.59730643,0.3307874,0.40995988,0.2813972,0.51637375,0.37787455,0.33981934,0.33850864,0.40504497,0.41086903,0.58221203,0.3238711,0.33597618,0.61306316,0.65097666,0.35123864,0.292753,0.48949426,0.22217205,0.32041273,0.2216461,0.37585476,0.5163374,0.43036538,0.46045244,0.6588052,0.4117987,0.38785517,0.28019437,0.3033311,0.3844783,0.397748,0.35701597,0.36334476,0.36277276,0.3616329,0.35757446,0.39418736,0.3630641,0.35075268,0.23081914,0.35410434,0.29916188,0.4786274,0.40054893,0.2923248,0.3011603,0.49973115,0.31809828,0.36757445,0.420849,0.3420812,0.4484585,0.41629925,0.30148053,0.40920535,0.42351487,0.48451182,0.39879993,0.670652,0.63764113,0.5391349,0.74219745,0.572628,0.6740938,0.3435682,0.34216207,0.28459606,0.36847085,0.37945792,0.36418113,0.3723555,0.3749084,0.28159675,0.32499593,0.28269008,0.40614307,0.31990623,0.38546407,0.28931457,0.40364856,0.42101878,0.3836139,0.4213301,0.35745707,0.5013641,0.31265184,0.3314374,0.3357855,0.3355644,0.51852465,0.3453044,0.33956957,0.5132945,0.74623775,0.40893346,0.56123686,0.44711152,0.534282,0.54147834,0.4682837,0.66509795,0.36505637,0.27384397,0.42906326,0.5502922,0.45132276,0.26493913,0.3418048,0.34421802,0.37553048,0.22297575,0.21254486,0.2343588,0.25712883,0.24736646,0.44710103,0.67127097,0.49954593,0.53958756,0.26638648,0.39823312,0.4799101,0.4413601,0.31679595,0.35305038,0.36914042,0.35330415,0.3665005,0.50942177,0.42209598,0.36275563,0.45153534,0.42741147,0.38271564,0.4133308,0.46274346,0.26592475,0.3067872,0.43399322,0.25166073,0.41538665,0.34956518,0.31876352,0.41324657,0.420007,0.34859204,0.51902324,0.5021984,0.55541986,0.45573115,0.46391964,0.3679728,0.4786457,0.47698882,0.55583495,0.4878192,0.53428704,0.41220832,0.47684014,0.52987224,0.680498,0.36558205,0.4648312,0.49547863,0.43417794,0.19399703,0.3106672,0.35116264,0.27209693,0.48209727,0.42804927,0.46697083,0.23412442,0.41712382,0.33838862,0.34826708,0.2001066,0.31617504,0.62523854,0.6335426,0.34032235,0.37744236,0.31101048,0.66210747,0.4061446,0.36516365,0.350041,0.42516762,0.40132242,0.53450483,0.45697042,0.3854278,0.6347496,0.66831845,0.43612644,0.33977404,0.45559034,0.32671228,0.40493295,0.36746004,0.40987027,0.48128286,0.4357485,0.49746877,0.66249746,0.49108368,0.4728132,0.29819873,0.34899312,0.49076265,0.473138,0.48068583,0.5100723,0.4258015,0.42174444,0.43044832,0.42758268,0.4304735,0.4366127,0.52016634,0.52721816,0.42174977,0.43606135,0.4289335,0.4307845,0.39960724,0.41021845,0.42511708
222,0.37594774,0.35187027,0.3782583,0.36828622,0.36705822,0.3330138,0.3150589,0.41341713,0.3851339,0.31131905,0.2771839,0.3749797,0.29127428,0.41890922,0.35976157,0.2754669,0.25681794,0.41751543,0.28786716,0.331392,0.3596314,0.33428308,0.43089232,0.41885367,0.32831317,0.42195567,0.34127572,0.34812614,0.3777872,0.7226582,0.5961863,0.46143502,0.7395866,0.59270364,0.62630653,0.34155297,0.32984492,0.2844375,0.35048094,0.39171335,0.4134005,0.3885471,0.38257813,0.28697133,0.28682622,0.25015408,0.41632628,0.30955145,0.36457187,0.196382,0.42005637,0.4589197,0.39561793,0.46592423,0.42051032,0.5187122,0.32672134,0.26814976,0.3236008,0.35526878,0.48259738,0.4269149,0.35920882,0.45031372,0.73291594,0.45561093,0.5298309,0.45698595,0.48922375,0.5132021,0.50189024,0.49468505,0.4058472,0.34114942,0.3736234,0.410715,0.5102,0.18688457,0.26367903,0.20137215,0.41887087,0.17160635,0.2503367,0.20952874,0.30161285,0.26892006,0.46488345,0.6541355,0.42422247,0.5036832,0.25851652,0.36446708,0.48810047,0.3944015,0.25331897,0.28744137,0.4028808,0.41861314,0.44889727,0.51635957,0.49526426,0.4142435,0.4391317,0.41506475,0.37770256,0.35081664,0.4372124,0.29140466,0.26960516,0.39945072,0.26932672,0.3869045,0.39530495,0.27549836,0.39629734,0.33626,0.26172575,0.5139821,0.5347275,0.53450644,0.45986575,0.39627486,0.3714961,0.45924345,0.40978453,0.5284206,0.3941564,0.4593968,0.3606798,0.4831938,0.51216656,0.62095684,0.37637526,0.45389938,0.44919217,0.24177918,0.180857,0.28834343,0.28636384,0.2532383,0.5104128,0.38204932,0.36144245,0.20519586,0.3253096,0.2719941,0.37691844,0.1474189,0.39433575,0.57615566,0.6417232,0.33183008,0.4199785,0.29062432,0.54101646,0.35391262,0.30820456,0.3287823,0.39318863,0.41539106,0.54308337,0.34532264,0.3338398,0.614925,0.702739,0.3441032,0.284927,0.500662,0.2554851,0.3440912,0.2869827,0.3679338,0.51437694,0.43404242,0.44763088,0.6419403,0.49772954,0.37361822,0.29542288,0.2773745,0.38517043,0.38221452,0.3590233,0.35518035,0.3591969,0.35149983,0.34858316,0.39891273,0.36831725,0.36330706,0.23016778,0.3521389,0.29183418,0.46715724,0.40433282,0.2846369,0.28544915,0.4858857,0.3025073,0.34375134,0.39411387,0.35133162,0.42745572,0.43036166,0.2997812,0.3950089,0.39394853,0.44109467,0.40383136,0.64392304,0.6485238,0.5375892,0.7106268,0.60694736,0.65306747,0.3309488,0.34321696,0.27437183,0.3528681,0.38377807,0.36514336,0.3496594,0.3971841,0.2917035,0.29225498,0.25579706,0.3723181,0.30345482,0.35615316,0.26746795,0.4058727,0.41126892,0.39123964,0.41780555,0.36337098,0.50689363,0.3163213,0.33824825,0.33668035,0.35001773,0.49279824,0.37632248,0.4034087,0.50982094,0.7508354,0.4752405,0.5794995,0.514008,0.514898,0.5712335,0.47751307,0.67816114,0.44072962,0.27522463,0.3886453,0.5614209,0.5186715,0.28005764,0.39105892,0.40717417,0.44416562,0.24148126,0.25469112,0.23415998,0.3220537,0.26021624,0.43962798,0.66573673,0.4902637,0.54974943,0.28305796,0.40528068,0.4926013,0.42028248,0.3452362,0.35128072,0.4378133,0.39441895,0.39969352,0.5314007,0.42437604,0.37924796,0.44648868,0.4305581,0.3930103,0.41499782,0.4593045,0.28298202,0.30787656,0.43567878,0.289943,0.4093063,0.37429613,0.33699328,0.41786525,0.3926714,0.315606,0.5200842,0.50853556,0.5674362,0.4543109,0.46357456,0.34549245,0.4611761,0.46239406,0.56641614,0.50957733,0.48898715,0.37942848,0.4930401,0.51094425,0.6944169,0.43416572,0.48571423,0.49134538,0.43166357,0.18688872,0.29598054,0.33060595,0.26171717,0.45444345,0.42611685,0.46425393,0.26128808,0.4931383,0.3554189,0.35419813,0.19482343,0.38953948,0.64313203,0.6854101,0.3362172,0.37883067,0.3094722,0.6833238,0.38681743,0.32785454,0.34950295,0.40358824,0.41489634,0.4754236,0.48614088,0.37918422,0.6270599,0.69413114,0.42742094,0.33541504,0.4646096,0.35939297,0.4427027,0.44400397,0.3964519,0.4882349,0.4261854,0.48496845,0.6398553,0.5674502,0.4620311,0.31374294,0.31907916,0.47712258,0.4549841,0.48501566,0.5076955,0.4277696,0.42108226,0.4340304,0.42580315,0.42800546,0.430477,0.529339,0.5366417,0.42141968,0.43338746,0.4298222,0.4305453,0.3932097,0.40288597,0.4247523
223,0.38691252,0.3533101,0.4005087,0.37108335,0.36614183,0.3354661,0.31946704,0.43551773,0.4105079,0.33016557,0.3019946,0.39994812,0.30048463,0.40333012,0.35366803,0.28197798,0.24738693,0.4193912,0.3030249,0.32458884,0.35577363,0.34819475,0.44035667,0.43906808,0.33837935,0.45274818,0.3275,0.33451536,0.40325263,0.72165954,0.6103862,0.4690805,0.74744964,0.6060112,0.6025894,0.3478277,0.33963764,0.29235542,0.348346,0.40768144,0.4468997,0.38833037,0.4271081,0.30767432,0.28351864,0.24824578,0.41852814,0.31091633,0.35188887,0.19714315,0.4374246,0.47186816,0.4214223,0.47235903,0.4426982,0.55348873,0.34614825,0.29593414,0.33741224,0.38117057,0.4669887,0.454846,0.44921988,0.45398232,0.7385321,0.4710993,0.57914984,0.50674796,0.48115963,0.5557062,0.5034228,0.5467688,0.5068575,0.374631,0.38508624,0.41441044,0.5805977,0.20828713,0.32303753,0.24230571,0.4767481,0.2057844,0.30364272,0.21656413,0.37420532,0.28401998,0.47007096,0.6491364,0.4453329,0.5159895,0.2732459,0.39461318,0.5079244,0.38245356,0.26598507,0.30559757,0.47777286,0.45658332,0.4946675,0.55936813,0.51822275,0.44640628,0.45098913,0.43676218,0.39891222,0.3670698,0.4448625,0.32702345,0.2778628,0.40211168,0.3015648,0.3662292,0.43610153,0.29936233,0.41832244,0.3443751,0.27061853,0.52636313,0.54711765,0.552845,0.48534602,0.40993074,0.35462084,0.47889882,0.40198776,0.54673594,0.42084435,0.43471012,0.34971738,0.5225123,0.5057923,0.6433343,0.4560469,0.49338433,0.45467544,0.24231245,0.19374661,0.2905613,0.27892178,0.25129858,0.5039005,0.390909,0.38232774,0.24202718,0.38139543,0.28837812,0.414194,0.16218576,0.47828642,0.59899783,0.6924795,0.34278718,0.44268566,0.3077327,0.57584995,0.34784713,0.29648128,0.3352833,0.3990833,0.42605904,0.5163067,0.3854348,0.34369135,0.6094059,0.75396717,0.33833423,0.29427597,0.52782,0.29762787,0.36870864,0.37147638,0.36264688,0.51517785,0.45660633,0.44569698,0.6317952,0.5958886,0.36866695,0.31501842,0.25996524,0.39468032,0.38360745,0.37211132,0.3606304,0.3664077,0.35426778,0.35403758,0.41770712,0.39387566,0.38376465,0.23600487,0.35000637,0.29912063,0.45968774,0.41232413,0.28862384,0.28297627,0.48627925,0.30302957,0.33503062,0.3887643,0.37070227,0.42313406,0.45599335,0.2976074,0.38291472,0.3817634,0.4087191,0.4335261,0.6336079,0.67009,0.54419434,0.68541783,0.6533041,0.64187807,0.3379586,0.35984886,0.2768981,0.36146286,0.39831078,0.38322088,0.34796965,0.4193206,0.31232825,0.2840715,0.25203213,0.36245075,0.30322734,0.34937155,0.26644275,0.42705417,0.4221887,0.4173613,0.4250741,0.38066006,0.515752,0.3392291,0.36314934,0.3510929,0.3741643,0.47070453,0.4192223,0.48275846,0.51197827,0.7578905,0.5522876,0.60943,0.5975028,0.5063862,0.61091346,0.50182885,0.6960224,0.52878064,0.2767324,0.35285068,0.58497113,0.5970731,0.30149585,0.4467209,0.47433367,0.5251668,0.2709119,0.3138929,0.24685183,0.41110852,0.27892572,0.44406012,0.66340125,0.483035,0.55733305,0.31120753,0.4193353,0.5054139,0.3997122,0.38649094,0.36299267,0.5253924,0.4573552,0.44004977,0.5616047,0.442162,0.4141933,0.45584127,0.4429187,0.41675997,0.43342394,0.46134645,0.30152392,0.31446108,0.44743413,0.33726144,0.40677306,0.40256533,0.3524227,0.42914495,0.38846982,0.30400148,0.5272617,0.52613,0.5863925,0.47209963,0.46769738,0.3319139,0.44897017,0.45257744,0.5867937,0.53460985,0.4448222,0.3576169,0.5214003,0.5008538,0.71525645,0.51795167,0.5193643,0.49775907,0.44133064,0.1935888,0.29679522,0.321921,0.26498923,0.44136807,0.434974,0.47666758,0.30403218,0.58307433,0.38458514,0.36952084,0.20024633,0.4860222,0.67194164,0.7438395,0.34252262,0.39087605,0.31800863,0.7095534,0.38798907,0.31165025,0.36022058,0.3979267,0.43224856,0.42917445,0.5347437,0.38519096,0.62124556,0.7287162,0.41201088,0.34349936,0.489314,0.39800748,0.49084276,0.5331081,0.38163614,0.4952919,0.4284313,0.47641745,0.6160369,0.65491956,0.45616728,0.33772296,0.30251068,0.45887423,0.44093823,0.48547298,0.5051697,0.4375148,0.4250653,0.44470146,0.43128628,0.43266386,0.43073806,0.5459062,0.55176854,0.4202556,0.4318429,0.43147868,0.43143347,0.39752972,0.40592337,0.43183982
224,0.40239918,0.36825225,0.42770547,0.383913,0.37504557,0.345663,0.33348253,0.4658227,0.4497953,0.34641373,0.32175165,0.42276335,0.31678078,0.39421177,0.3495261,0.2934348,0.24568766,0.43658093,0.32361805,0.3331199,0.36416352,0.36750215,0.4643928,0.46558392,0.35048103,0.48146445,0.32800615,0.33570972,0.44018272,0.7307671,0.6317503,0.4885301,0.7604074,0.62061894,0.58863854,0.36938307,0.3632225,0.31006643,0.37009236,0.4291401,0.4876331,0.4099214,0.4565708,0.32927918,0.29747003,0.26079154,0.4381724,0.31713372,0.35487103,0.20877434,0.4719801,0.49867943,0.45469558,0.48803607,0.46555406,0.57341963,0.3751124,0.33022404,0.36149156,0.4010206,0.46059436,0.48139355,0.5251118,0.46444917,0.7421056,0.4868318,0.6248499,0.55694693,0.48270878,0.59833825,0.5087046,0.5932598,0.587472,0.40288183,0.39600694,0.419554,0.63916904,0.22601807,0.37481725,0.27943805,0.5183965,0.23653159,0.34932458,0.22409019,0.44258997,0.29633826,0.48293778,0.64998925,0.46615016,0.5326836,0.28752685,0.4166359,0.5231627,0.37862763,0.28369245,0.3273426,0.53994054,0.49506417,0.5263428,0.6013224,0.5471014,0.4842152,0.47540355,0.46486074,0.42150322,0.39212003,0.46073046,0.35256135,0.2856554,0.4150147,0.3295896,0.35500452,0.46272886,0.31550276,0.43370986,0.3625215,0.29007673,0.5407989,0.5630595,0.575672,0.5215237,0.42607313,0.34797424,0.51020193,0.40802008,0.5701071,0.44664413,0.42421418,0.35119584,0.5591857,0.50669277,0.67197514,0.5264048,0.5302605,0.46599165,0.25127968,0.21413355,0.30125323,0.27787736,0.2552181,0.50989693,0.4062239,0.41118765,0.28248855,0.4359727,0.31108186,0.4429966,0.17703894,0.555301,0.6271818,0.736646,0.35672718,0.47183818,0.326308,0.6092508,0.35815373,0.3007503,0.3503515,0.41825852,0.4410074,0.50663114,0.4324551,0.36002564,0.6013677,0.7921386,0.33472294,0.31433243,0.5611868,0.3318497,0.38785434,0.4460528,0.36258483,0.52227294,0.49052176,0.4567829,0.6326947,0.67661154,0.37291256,0.3315846,0.25326815,0.4081928,0.39998376,0.39132872,0.37507358,0.37937355,0.3654239,0.3686724,0.44487146,0.43171343,0.4008937,0.2406791,0.34904507,0.31392583,0.45769837,0.4207248,0.29784736,0.2864141,0.50052613,0.3111817,0.33875307,0.40268576,0.3901822,0.43653816,0.48609537,0.29499206,0.3777318,0.38627252,0.39608365,0.4756356,0.64132863,0.6960593,0.56053126,0.67536,0.69725627,0.6446503,0.36196736,0.38458642,0.28698942,0.3902614,0.4189496,0.41073972,0.36382714,0.4309028,0.33444312,0.29463115,0.26353538,0.374803,0.3103135,0.3577047,0.27589247,0.4613682,0.44941723,0.45310086,0.44192934,0.40230832,0.5216099,0.3720913,0.39601162,0.37305185,0.39734095,0.4603291,0.46347842,0.55195045,0.52028185,0.76701033,0.6135635,0.64575696,0.6721397,0.51304317,0.6513162,0.5353575,0.71610606,0.6045181,0.27856183,0.33282992,0.6156557,0.6641955,0.31690082,0.48719063,0.5213808,0.5923381,0.29946005,0.37030226,0.2650378,0.49791187,0.29744205,0.4623438,0.66544354,0.48160416,0.5612488,0.3429424,0.43419456,0.5158726,0.38585147,0.42163804,0.37902093,0.6057731,0.526853,0.47244906,0.5920314,0.47261408,0.45619446,0.4784241,0.46053642,0.44378385,0.46102864,0.47080904,0.31173542,0.32033393,0.46516913,0.37751737,0.40914586,0.42170852,0.35658744,0.4398378,0.40330565,0.30737543,0.5374172,0.54967725,0.6086842,0.50294584,0.4741011,0.33116925,0.44768026,0.45383555,0.6119199,0.556386,0.41678965,0.35364887,0.55747837,0.5028717,0.7383212,0.5884056,0.5547308,0.5110968,0.45749453,0.20635659,0.30624652,0.3256131,0.27529395,0.4432642,0.44904634,0.49567422,0.34581447,0.65667975,0.40952274,0.38325384,0.20883292,0.5763644,0.70509994,0.79347754,0.35398316,0.40957063,0.3317549,0.7342114,0.4066655,0.3144834,0.37462014,0.40666297,0.4490717,0.4063793,0.58775187,0.39889485,0.6205877,0.76265633,0.39593986,0.3587785,0.5210453,0.42996594,0.53769094,0.60766256,0.3700065,0.5047495,0.4428711,0.4765896,0.600281,0.7267127,0.4577942,0.36193135,0.3001596,0.44308558,0.4366277,0.48345602,0.5042174,0.4526679,0.43294263,0.4584076,0.4410489,0.44216475,0.43635342,0.56530184,0.5692358,0.41810384,0.43068886,0.4334789,0.43281102,0.40862784,0.416231,0.44286102
225,0.41697517,0.38973162,0.45437762,0.40181118,0.3894767,0.3585336,0.35081834,0.4959549,0.49115252,0.3511414,0.32608736,0.43921712,0.33527228,0.3938805,0.3493183,0.30470258,0.24772826,0.46206728,0.34103793,0.35110554,0.3802188,0.3839142,0.49490896,0.4899476,0.36388975,0.5032626,0.33849952,0.34904835,0.47592044,0.7443839,0.65453076,0.51487994,0.772964,0.63245815,0.586157,0.4009909,0.39127555,0.33076534,0.4072622,0.44972062,0.52288365,0.44372496,0.46195045,0.34385315,0.31961852,0.2777437,0.46892002,0.32190138,0.3657703,0.22249271,0.51381063,0.5323505,0.48609784,0.5111233,0.48229218,0.5720301,0.4043284,0.36094368,0.38677812,0.4079489,0.46459424,0.5015562,0.56697935,0.47923446,0.7418851,0.49755684,0.65705276,0.5942581,0.4918221,0.6303311,0.5171713,0.6236938,0.6312781,0.4226481,0.40531662,0.42445913,0.67368615,0.23215158,0.40443596,0.2998832,0.53477645,0.25294682,0.37309945,0.228822,0.48805425,0.30411252,0.5001499,0.6525209,0.4808754,0.5484641,0.29884672,0.42561856,0.5305068,0.3830824,0.29613763,0.34328964,0.5753275,0.5248767,0.53528786,0.6313469,0.5767682,0.515891,0.5038471,0.49104655,0.43683997,0.41681123,0.48188007,0.36069566,0.29028794,0.43223795,0.34622306,0.35482025,0.46727943,0.31739894,0.43757492,0.38216782,0.30990124,0.55228657,0.5779923,0.5963582,0.55800474,0.4404142,0.3554742,0.5436337,0.4278875,0.5912232,0.46551257,0.43030578,0.36668026,0.5866468,0.51357377,0.69693065,0.5679865,0.5557338,0.47826183,0.26332843,0.23414108,0.31405318,0.28241178,0.26139456,0.5223277,0.42386094,0.4367566,0.31351852,0.473262,0.327955,0.45123217,0.18601444,0.60711545,0.6518636,0.7644139,0.37062332,0.50128794,0.34321022,0.6316563,0.38036942,0.31653637,0.36752042,0.44359797,0.4588583,0.5118298,0.47302967,0.3775782,0.59363997,0.81124395,0.33440718,0.3377108,0.5903555,0.3476069,0.39929602,0.4881992,0.36946934,0.53490007,0.5254196,0.47828957,0.642557,0.72470134,0.3837615,0.34090078,0.2576212,0.42099553,0.42578575,0.41329747,0.3936315,0.39304447,0.37931374,0.38613698,0.47398823,0.47155258,0.40611818,0.23899996,0.35142732,0.3314661,0.46152022,0.4278934,0.30951014,0.2906178,0.52195674,0.3198272,0.35065556,0.4289041,0.40131697,0.4634931,0.5123549,0.29307112,0.38246518,0.4024302,0.40392902,0.5135732,0.65871024,0.71849763,0.5827449,0.6797032,0.7270289,0.65714014,0.39728123,0.40891212,0.29926872,0.43054146,0.44153756,0.43859747,0.3907816,0.42717314,0.3503053,0.31529185,0.28146082,0.40506086,0.31758332,0.3732103,0.28591916,0.50071806,0.48631066,0.4887005,0.46743453,0.42187142,0.52065337,0.4041414,0.4254003,0.3947019,0.4108986,0.46345276,0.4987442,0.5930698,0.5331008,0.7742355,0.6438557,0.6788621,0.7204415,0.5321285,0.68241835,0.56887853,0.732277,0.65190357,0.2826597,0.33339995,0.64431006,0.7056766,0.3187857,0.49971905,0.53513026,0.6289385,0.31731185,0.4055209,0.2815291,0.5583992,0.31205526,0.4906879,0.6676765,0.48523557,0.56073225,0.37110096,0.4447154,0.5224174,0.38264668,0.43633935,0.39128515,0.6595415,0.58430016,0.48619235,0.61592656,0.51113266,0.49309158,0.5068268,0.47852996,0.4639688,0.488899,0.48667213,0.31007358,0.32222494,0.48327976,0.39999977,0.41686964,0.4242512,0.3467447,0.4457853,0.42995203,0.3183623,0.5466211,0.57217145,0.62885374,0.53791255,0.4805704,0.3441452,0.45802367,0.46813786,0.63501954,0.57044554,0.41103208,0.36898363,0.593676,0.5146488,0.75589526,0.626808,0.5812731,0.52513504,0.4727858,0.21844254,0.3177867,0.33873484,0.2853805,0.45478764,0.46416283,0.5112175,0.37143657,0.69662535,0.41733935,0.38803297,0.21492687,0.63674605,0.73293126,0.82458997,0.3683613,0.43180302,0.34747007,0.7505377,0.43579865,0.3319717,0.38780105,0.4250467,0.4633435,0.40756983,0.6289254,0.4149102,0.6244331,0.7867528,0.38447523,0.3751264,0.5501067,0.44744444,0.5725566,0.65081286,0.3655479,0.5162152,0.46530923,0.4859119,0.5956862,0.7695868,0.465411,0.38000217,0.31003496,0.43445632,0.44345605,0.48052567,0.50514746,0.468708,0.4425091,0.47077653,0.45130295,0.45317245,0.44514206,0.5818063,0.58433443,0.41547278,0.4293827,0.43514612,0.4341073,0.42141086,0.4290591,0.45350337
226,0.42585108,0.40959272,0.4746247,0.4187853,0.40396538,0.36896414,0.365753,0.5186749,0.52326363,0.34182814,0.3124554,0.4459863,0.3517285,0.4023188,0.3532123,0.3116818,0.25085765,0.48606375,0.34857413,0.37067276,0.39710802,0.39130446,0.52169836,0.50557745,0.3770586,0.51428723,0.35513,0.36989868,0.49758616,0.75442266,0.6715627,0.53958493,0.77863336,0.6370863,0.5923775,0.43528226,0.4158962,0.34890807,0.44894993,0.4650126,0.54374784,0.47857162,0.44371492,0.34777394,0.34125575,0.29034546,0.50119644,0.32179773,0.37729615,0.23138455,0.5501618,0.5630813,0.50805265,0.5360558,0.48957813,0.54872406,0.42547607,0.38057685,0.40596196,0.40078312,0.47737792,0.5120306,0.5687275,0.4951783,0.7361349,0.50100476,0.66849864,0.6102766,0.5035951,0.64359015,0.52546024,0.63149554,0.6343182,0.43155906,0.41068727,0.4274781,0.67884517,0.22572982,0.40615523,0.29800475,0.5222374,0.2513883,0.36898652,0.2306422,0.5011367,0.3074991,0.5149725,0.65159523,0.4841365,0.558199,0.30700007,0.42130503,0.52861786,0.3950217,0.29722914,0.3477792,0.5785997,0.5399816,0.5211051,0.6431252,0.6011273,0.53327954,0.52732146,0.5086383,0.44053918,0.4343676,0.50267947,0.3519003,0.2925361,0.44812247,0.34988588,0.3666412,0.45107645,0.30595213,0.42968342,0.39543286,0.32122675,0.556641,0.58796066,0.60856646,0.58455914,0.44997904,0.3746837,0.56959236,0.45535123,0.6033193,0.47377998,0.4479968,0.3913768,0.5982343,0.5218382,0.70909554,0.5726269,0.5645258,0.4862391,0.27481952,0.24803852,0.32400146,0.29000035,0.26741198,0.53330743,0.43903306,0.44953975,0.32567102,0.4834451,0.33086947,0.43507996,0.18761548,0.6245057,0.6640662,0.77012306,0.38235915,0.52361345,0.35599464,0.6369427,0.40690237,0.33788726,0.38101387,0.4662563,0.47612736,0.52638596,0.49616313,0.39125654,0.58709234,0.8095563,0.33823815,0.35845882,0.60793984,0.34369868,0.40212113,0.4895567,0.3810576,0.5490948,0.5521764,0.50388324,0.65374064,0.7375099,0.39872473,0.34247848,0.27322417,0.4288057,0.45188227,0.43307397,0.4105996,0.4026847,0.38996807,0.40000784,0.4987476,0.5035532,0.3964485,0.23103029,0.35818452,0.3473516,0.46966535,0.4322801,0.32090852,0.29180935,0.5408577,0.3230148,0.36478674,0.4575957,0.39950454,0.49483573,0.5285943,0.29348278,0.39776143,0.42373607,0.42731836,0.53304446,0.6745364,0.7301516,0.60422593,0.6918671,0.7365553,0.6714978,0.43505093,0.42680264,0.31034628,0.4710747,0.46197987,0.45966628,0.42084983,0.4098021,0.35655892,0.3375404,0.29710004,0.44409707,0.31985688,0.3882457,0.2893979,0.53473765,0.5225116,0.51557696,0.49693012,0.43547985,0.5112662,0.4264683,0.44264936,0.40980226,0.41137663,0.47786948,0.51836264,0.60013306,0.54770344,0.7751738,0.6400667,0.6989023,0.7367796,0.556713,0.6964817,0.5927409,0.7386961,0.6648088,0.29079935,0.35285327,0.6619378,0.7164419,0.30705482,0.48197174,0.5130384,0.6290604,0.32056993,0.4109311,0.2917756,0.5804109,0.32090506,0.5204964,0.6649294,0.48955837,0.55487084,0.3915408,0.4476049,0.5242758,0.39178687,0.42435315,0.39448082,0.6786615,0.6169925,0.478752,0.6279989,0.54885674,0.5155564,0.5321346,0.4927557,0.47089404,0.5092451,0.5039973,0.29909563,0.32097736,0.49646676,0.40188146,0.43020707,0.4103095,0.32659492,0.4444154,0.45770773,0.32951942,0.55146545,0.5878665,0.6413168,0.56669974,0.48517153,0.36639637,0.4763469,0.4906375,0.64885294,0.57330745,0.4245905,0.39874157,0.6203601,0.5297387,0.76081645,0.6270531,0.5918877,0.5335751,0.48062304,0.22535981,0.3256249,0.3562666,0.29094097,0.46855193,0.4758197,0.5152102,0.37276372,0.69773763,0.402514,0.38036323,0.21640703,0.65734565,0.7470383,0.8332712,0.38324025,0.45245305,0.36129233,0.75321704,0.46552563,0.3565176,0.3957939,0.44563517,0.47234887,0.42796585,0.64776236,0.42751646,0.6291297,0.7954001,0.3808859,0.38868928,0.5687172,0.4479064,0.5875741,0.65758693,0.36975822,0.52710176,0.48909083,0.5005143,0.59941506,0.7815208,0.47522846,0.38929036,0.33006695,0.43526688,0.45973858,0.4776127,0.5066965,0.48091605,0.45164022,0.47856015,0.45891026,0.46280694,0.45497516,0.5903876,0.5925299,0.41367805,0.42836595,0.4367228,0.43569502,0.43199283,0.44060472,0.46068138
227,0.42617932,0.42046165,0.48221377,0.4288707,0.41322947,0.37318438,0.373981,0.5290481,0.53844655,0.32236972,0.28635526,0.4414396,0.36194637,0.41688925,0.3595932,0.31152397,0.25390097,0.4991923,0.342934,0.3841948,0.40790322,0.3869793,0.5352912,0.5098884,0.38745046,0.5121775,0.37449992,0.39238477,0.4976612,0.75397205,0.67633104,0.55477124,0.7720158,0.63101745,0.6022779,0.46395752,0.43214643,0.3613418,0.4840123,0.47273958,0.54682744,0.5044739,0.40939274,0.34249455,0.35579348,0.29437792,0.52469534,0.31569022,0.3837934,0.23288223,0.56964844,0.58111274,0.5159096,0.5551054,0.48758265,0.5083615,0.43348306,0.38558358,0.4151732,0.3835144,0.49589205,0.51209325,0.5331383,0.5091643,0.7235974,0.49741557,0.6557631,0.6028096,0.5133896,0.63424754,0.5297787,0.61508554,0.59793144,0.42855403,0.41007638,0.4278573,0.65325296,0.21241108,0.3827666,0.27750582,0.48271912,0.2365659,0.34087908,0.23229364,0.48154604,0.30789903,0.52133715,0.643335,0.47371694,0.5586084,0.31321043,0.4073304,0.5180852,0.41292435,0.28634948,0.34085548,0.551046,0.5389909,0.48972625,0.63394934,0.6140494,0.5328782,0.5394964,0.51356846,0.43286318,0.44139114,0.51712143,0.3322577,0.29492435,0.45842475,0.3435617,0.39025798,0.4219691,0.28775236,0.4133238,0.39755508,0.3198119,0.5513371,0.59010583,0.6078505,0.59296554,0.45300397,0.39875275,0.5809638,0.48037302,0.6008437,0.47003502,0.46829104,0.41664174,0.58961207,0.5261883,0.7025801,0.54051304,0.55469537,0.48638454,0.2843064,0.25431463,0.32826748,0.29838714,0.272817,0.53565764,0.44660774,0.44450185,0.31707013,0.46429673,0.31828198,0.3987899,0.18508804,0.605604,0.6578563,0.7507533,0.38916606,0.5314664,0.36251265,0.6220939,0.42871737,0.35802662,0.3859928,0.47806978,0.4876,0.54314387,0.49704248,0.397243,0.5813758,0.78520274,0.34714895,0.3730231,0.6099073,0.32594872,0.39678004,0.4535478,0.39321408,0.5602989,0.56474763,0.52590203,0.65766215,0.7153021,0.41561946,0.3390045,0.29979873,0.42893088,0.46858397,0.4443483,0.42028248,0.40485686,0.39291015,0.40536603,0.5136763,0.52046216,0.37464052,0.22141157,0.36924386,0.35711163,0.47890013,0.43191636,0.3285344,0.28818807,0.54847074,0.31743056,0.3747212,0.47801098,0.38448894,0.5192936,0.5324153,0.29818738,0.42213783,0.44364986,0.45790306,0.5268049,0.679592,0.7252698,0.61841226,0.7031867,0.7230685,0.68008196,0.4650929,0.43556213,0.31927383,0.5013258,0.47645134,0.46991706,0.44640306,0.38495094,0.3545232,0.3548364,0.30462682,0.47925407,0.3147395,0.3964519,0.28398994,0.55337274,0.54624766,0.5275301,0.52231306,0.44192174,0.49371704,0.4344854,0.44405803,0.4157195,0.40021673,0.49910706,0.5203838,0.5742964,0.5601401,0.7658282,0.60469383,0.6991749,0.72041386,0.57897747,0.68921965,0.5997048,0.73133904,0.64232403,0.30416027,0.38573027,0.6626182,0.69534665,0.2874674,0.43956578,0.46054187,0.592998,0.31150243,0.38876015,0.2951332,0.5617578,0.32404527,0.5428167,0.653532,0.49018407,0.54273444,0.4027378,0.44201583,0.52101004,0.41267565,0.38806096,0.38731173,0.66130817,0.621041,0.45442212,0.6245484,0.5746883,0.5187164,0.54764557,0.5002649,0.4628171,0.51669097,0.51674694,0.28475904,0.3197774,0.5010174,0.3867714,0.44832608,0.38579857,0.3036531,0.43485406,0.47533298,0.33533138,0.54944533,0.59285915,0.6415915,0.58000374,0.48625833,0.39062238,0.4970333,0.5127148,0.6472381,0.56259626,0.44975802,0.43404078,0.6296969,0.54099387,0.74802047,0.5896672,0.58321315,0.5319573,0.47703972,0.22652459,0.326343,0.37324104,0.29231682,0.47794315,0.47898543,0.5036701,0.35087028,0.6584037,0.36803788,0.36100644,0.21490881,0.6367648,0.7421316,0.81670785,0.39490676,0.4646972,0.36921978,0.7382917,0.48551518,0.37881854,0.3953431,0.4602384,0.4728599,0.45981428,0.64040625,0.4319852,0.6298674,0.7848111,0.3867033,0.39788967,0.5721805,0.43338406,0.5789872,0.62856925,0.38181594,0.53505605,0.5079597,0.51473594,0.6055844,0.7619784,0.4832418,0.39066395,0.35791254,0.4454614,0.48159835,0.47509596,0.50673085,0.48625135,0.45900598,0.47995865,0.46196198,0.4690756,0.46391216,0.58770853,0.5904312,0.41429186,0.42863688,0.439216,0.43842214,0.43825012,0.44858995,0.46299908
228,0.41753975,0.41944006,0.47275653,0.42812634,0.4140021,0.37021935,0.37334368,0.52427256,0.53324556,0.30019444,0.25744137,0.42614776,0.36250582,0.43246546,0.36539504,0.30384016,0.25724348,0.49672252,0.32569405,0.3883892,0.4094888,0.37242123,0.5314738,0.5029821,0.39196864,0.49625576,0.39301232,0.410774,0.47640738,0.7387154,0.66475105,0.5556194,0.7498044,0.61269635,0.60987073,0.47969815,0.43762127,0.36696103,0.50385714,0.47190163,0.53265685,0.5151122,0.3695498,0.33300337,0.36058748,0.29152325,0.53220063,0.30478272,0.3825908,0.22934061,0.5659406,0.5800277,0.5075072,0.5614727,0.47821912,0.46037188,0.4276693,0.37661222,0.4136707,0.36241528,0.5157262,0.5026873,0.4695033,0.5184356,0.7039284,0.48856953,0.6190147,0.57486033,0.5184614,0.6027073,0.5282144,0.5778001,0.5276111,0.4143286,0.40298158,0.42575923,0.5993179,0.20020214,0.34297857,0.2485725,0.42499158,0.21766736,0.30053917,0.23757209,0.43641335,0.3070091,0.51650697,0.6268112,0.45125133,0.54836065,0.31880093,0.38970074,0.5012879,0.433431,0.2676687,0.32755965,0.49954128,0.52432823,0.45027235,0.60354275,0.6108906,0.51477253,0.5373066,0.5044971,0.41741326,0.43758994,0.5210067,0.30955315,0.2996077,0.46070242,0.3315093,0.42236075,0.38986522,0.27089375,0.39375654,0.3891047,0.30783874,0.53654826,0.58287865,0.5926719,0.57882833,0.4491888,0.41968966,0.5740685,0.49408647,0.5812425,0.4555366,0.48245233,0.4338078,0.5592944,0.52328813,0.67528856,0.4790675,0.5277687,0.47855484,0.29246226,0.25549027,0.32667643,0.306717,0.27919176,0.52663857,0.4428773,0.4228502,0.29301804,0.42094275,0.29520172,0.35343388,0.18367036,0.55331016,0.63112706,0.7051161,0.38775715,0.52056825,0.36129978,0.58819973,0.43979862,0.37211633,0.38015687,0.47522786,0.48848316,0.55459255,0.4772491,0.3942122,0.5760526,0.7363258,0.3612853,0.38008663,0.5944607,0.30232888,0.38499472,0.39249083,0.40238094,0.5645042,0.55985904,0.5378397,0.6486762,0.6573899,0.43184158,0.33416682,0.33461875,0.42085102,0.47098932,0.44202638,0.41894567,0.39866406,0.38723683,0.4005722,0.51462156,0.518302,0.3474372,0.21584027,0.38270503,0.35759556,0.4847232,0.4245673,0.32941836,0.28077263,0.54144716,0.3043884,0.37736174,0.4834868,0.3604994,0.52963144,0.52334183,0.30832314,0.45053187,0.45716238,0.48677573,0.49586836,0.6693006,0.70043176,0.62001055,0.70628405,0.68534034,0.6774781,0.4790734,0.4346564,0.3266347,0.5142585,0.48145676,0.46768975,0.46187866,0.3597502,0.34821582,0.36438957,0.30361032,0.49956706,0.30350578,0.3944737,0.2726367,0.55022234,0.54884183,0.52088696,0.53515893,0.44107231,0.46980694,0.4280539,0.43080273,0.41296503,0.38158065,0.5214921,0.5060267,0.52082884,0.5660801,0.7436382,0.5446167,0.6766943,0.6710155,0.5923012,0.65971196,0.58686155,0.7087282,0.58605057,0.32217148,0.42356643,0.6441781,0.6427536,0.26782897,0.38448745,0.39140758,0.52654916,0.29618886,0.34869823,0.29396552,0.50692457,0.32265443,0.55115354,0.6330851,0.48570448,0.5250252,0.40378037,0.4301523,0.512641,0.44121438,0.33796585,0.37271312,0.6078545,0.5981043,0.42091054,0.6033936,0.580042,0.5018616,0.5496499,0.4991478,0.44228962,0.50892484,0.5205315,0.27296716,0.32146394,0.49548948,0.36127466,0.46807146,0.35866293,0.28586707,0.41889337,0.47606862,0.33452785,0.539867,0.584997,0.62739915,0.57225233,0.4829865,0.40982148,0.51387596,0.5264712,0.6271313,0.5384459,0.47799534,0.4646795,0.6168534,0.5435557,0.71556896,0.5210306,0.5558124,0.51967716,0.4627695,0.22515614,0.32036072,0.3863768,0.2932327,0.48035613,0.4700897,0.478099,0.31450972,0.5801337,0.32422325,0.33505583,0.21435247,0.5770788,0.7154006,0.77015156,0.39902505,0.46320125,0.36883786,0.7040304,0.4898503,0.39232102,0.3851155,0.4640723,0.46306705,0.49334618,0.6077287,0.42659447,0.6232442,0.7524302,0.40152735,0.4023023,0.5587675,0.40870613,0.54694426,0.56818277,0.3989679,0.537735,0.51674145,0.52358395,0.6091666,0.7082051,0.4869122,0.38614678,0.38933584,0.46235415,0.50331825,0.4733215,0.50405437,0.48385903,0.46373817,0.47460085,0.45985538,0.4706872,0.46993107,0.5729572,0.57687587,0.4182712,0.43089902,0.44323978,0.44260305,0.43948203,0.45190316,0.46036884
229,0.40184116,0.40911576,0.44712943,0.41632697,0.40624467,0.36234686,0.36460358,0.5054288,0.5091901,0.28296685,0.2355799,0.40402034,0.3519814,0.44416147,0.36779544,0.29026183,0.26116848,0.4809911,0.3026508,0.385282,0.40453845,0.35321695,0.5134699,0.48644513,0.38925996,0.46895376,0.40645725,0.42129722,0.44058296,0.70830625,0.63857114,0.54008937,0.7133567,0.5838332,0.6095302,0.4792988,0.43167615,0.365643,0.5042932,0.46384627,0.5059082,0.50879246,0.33528543,0.3249386,0.35630015,0.28600365,0.52207774,0.292301,0.37370375,0.22483055,0.5398708,0.5596122,0.48465967,0.5530582,0.46520746,0.4180393,0.41213787,0.3583751,0.40268242,0.344215,0.53190076,0.48538285,0.39444795,0.52199304,0.6814878,0.4782736,0.56180185,0.53428566,0.51712537,0.55353355,0.52118295,0.5276652,0.43788615,0.3920935,0.39127964,0.42173824,0.52605087,0.1951543,0.29882798,0.22241275,0.3653599,0.2034069,0.26250643,0.24864294,0.37858388,0.30650166,0.50200874,0.6057565,0.42106894,0.5278228,0.32381213,0.37470156,0.4819607,0.4508993,0.24768235,0.31472477,0.43655443,0.49978563,0.4137173,0.5571846,0.5920898,0.48334885,0.5206822,0.48416948,0.40041548,0.4256844,0.51358104,0.2910526,0.3077454,0.4546538,0.3180288,0.45587298,0.3644824,0.26206234,0.3781803,0.37566417,0.29137942,0.5156241,0.56725407,0.56667966,0.5443732,0.43986383,0.43171364,0.5499092,0.49322692,0.54839706,0.43540207,0.48562396,0.4375106,0.5088721,0.5128675,0.6297888,0.40435705,0.48878294,0.4664289,0.30069923,0.25490445,0.32114422,0.31549975,0.28844923,0.51001024,0.42837548,0.39175078,0.2618824,0.36491588,0.2701107,0.3139947,0.18687597,0.47581354,0.58594537,0.6375139,0.37612614,0.4929738,0.35251755,0.54426074,0.43947163,0.37846744,0.36475366,0.45954058,0.4774358,0.55511534,0.44291294,0.38403434,0.571865,0.66882056,0.37863627,0.37968078,0.563558,0.2805422,0.37021968,0.32490247,0.40653628,0.5595454,0.5377468,0.536756,0.62609184,0.56736,0.44355392,0.3311771,0.37059128,0.4062508,0.46072066,0.42541325,0.40650982,0.38644886,0.37619215,0.38829166,0.5013782,0.49786764,0.3231688,0.21794371,0.39533973,0.34819597,0.48423186,0.41037017,0.32246423,0.27266723,0.52345663,0.2890277,0.37473756,0.47457594,0.33611986,0.52562743,0.5019323,0.32338676,0.4740639,0.46155068,0.50740355,0.44887727,0.64503175,0.6590986,0.6054859,0.6982436,0.627231,0.66146547,0.47426394,0.42493364,0.33265862,0.5080183,0.47612417,0.4544849,0.46406007,0.34102783,0.34153697,0.3663785,0.29754284,0.5000115,0.29010588,0.3820301,0.2606352,0.5258004,0.52875483,0.49663794,0.5314401,0.4342496,0.44465524,0.4107603,0.40808097,0.40390462,0.3612324,0.5401115,0.4784034,0.4511609,0.56403846,0.71136194,0.47629574,0.6321187,0.5928967,0.59167916,0.6115226,0.5567405,0.6737864,0.5035718,0.3414099,0.45635957,0.60854256,0.56442213,0.25505707,0.33396205,0.3275021,0.44626826,0.28227782,0.30400273,0.29091397,0.42874777,0.31770447,0.5411909,0.60830104,0.47781146,0.5059244,0.39287964,0.4178747,0.500279,0.46964145,0.29015663,0.3564058,0.52481294,0.551667,0.38739055,0.56735057,0.56400657,0.4690229,0.53708917,0.4900399,0.41620654,0.4881749,0.5142035,0.26796094,0.32731074,0.48143974,0.33308053,0.48393396,0.33671823,0.2796999,0.40282154,0.46107283,0.3297117,0.52529156,0.56515884,0.60162735,0.5451253,0.47612408,0.4196341,0.5219783,0.5282678,0.59232605,0.50655645,0.50302136,0.48201516,0.57916385,0.535957,0.6676158,0.4379392,0.514673,0.500812,0.44420627,0.2249956,0.311447,0.3939963,0.2965947,0.47769746,0.45043215,0.4457693,0.27588788,0.47854093,0.28487667,0.31125373,0.21806209,0.48698795,0.6669875,0.6920623,0.3921862,0.4478448,0.36058632,0.6557034,0.479238,0.3954086,0.36683923,0.45750502,0.44522637,0.51801753,0.55576116,0.41414732,0.6101036,0.7011818,0.42301434,0.4022101,0.5311649,0.38077456,0.49655768,0.48873463,0.41694498,0.53303415,0.5123227,0.5251525,0.60892373,0.6208073,0.48546308,0.37820083,0.41723466,0.4811713,0.51887274,0.47349852,0.5002496,0.4737849,0.46418643,0.46324888,0.45275116,0.46682075,0.47128886,0.54988474,0.5551061,0.4253593,0.43460247,0.44812903,0.44729552,0.43530267,0.44950122,0.45337883
230,0.38370958,0.3941987,0.4135013,0.39779633,0.39327914,0.35366884,0.35162735,0.47928572,0.47391188,0.27755567,0.2287679,0.38317156,0.33265463,0.45058182,0.36685687,0.2736971,0.2649869,0.46029282,0.2816664,0.3787354,0.39824829,0.3369218,0.48863316,0.4638275,0.38256946,0.43771836,0.4129194,0.4244783,0.4024453,0.66945004,0.6075224,0.51022935,0.67228067,0.55039454,0.59947187,0.46608692,0.41738272,0.35986137,0.48760465,0.45330247,0.4755615,0.48853812,0.31608883,0.32302245,0.34774673,0.28296247,0.49721766,0.2829992,0.36056304,0.22275454,0.49970418,0.5257705,0.45472664,0.53205496,0.4539174,0.3937444,0.3950397,0.33937567,0.38609582,0.3355154,0.54057825,0.4632703,0.32868809,0.521087,0.66583824,0.47248322,0.49415165,0.49286398,0.5100535,0.4970991,0.5110434,0.4766482,0.35251775,0.36853346,0.38054234,0.4183719,0.4505196,0.20044418,0.26322454,0.20722309,0.32318693,0.19977212,0.2377211,0.26526248,0.32325506,0.30827478,0.48409158,0.5882351,0.38994548,0.5004185,0.326914,0.36688936,0.4644269,0.46035862,0.23388755,0.3079722,0.37764093,0.47004968,0.39094883,0.5076788,0.56364167,0.44808537,0.49344358,0.46004552,0.38884076,0.41092092,0.49691635,0.28279355,0.31978405,0.4433714,0.3079554,0.48214114,0.3540713,0.2655826,0.37321728,0.36343282,0.2761965,0.49415922,0.54739434,0.53905195,0.50029,0.4279563,0.43323898,0.5151807,0.48070776,0.5143857,0.41899356,0.47960392,0.42836437,0.4474437,0.49817088,0.5755026,0.33824164,0.44634387,0.45670044,0.30992833,0.25541502,0.31467283,0.32668296,0.30171818,0.49496222,0.40981016,0.3637444,0.23221475,0.31187892,0.25263536,0.29255453,0.19576518,0.39026865,0.5322709,0.5634353,0.35644907,0.4579958,0.33854482,0.5076771,0.42938095,0.37642875,0.34523025,0.43657807,0.45824558,0.5455197,0.40395454,0.3713944,0.57048213,0.60338813,0.39539337,0.37400228,0.5245591,0.26799822,0.356551,0.2690434,0.40562162,0.54585963,0.5039175,0.5237967,0.5964067,0.46316892,0.4468723,0.33241743,0.39784756,0.38949776,0.44264686,0.40042672,0.3874003,0.372994,0.36523786,0.37413958,0.47952187,0.46606672,0.31003898,0.22919299,0.40535408,0.33149636,0.47852448,0.39397076,0.3091204,0.26787752,0.50267434,0.2777926,0.37151322,0.45711893,0.3209957,0.51113635,0.47220683,0.34217352,0.4847446,0.45870185,0.5182806,0.40169576,0.6155759,0.6159084,0.57495505,0.68230236,0.56221986,0.63476586,0.45593497,0.4104603,0.33779192,0.48695466,0.46412772,0.43615642,0.45249116,0.3351478,0.33752427,0.3646212,0.29203692,0.48100826,0.2797966,0.3628283,0.25316396,0.4883092,0.49227625,0.46234497,0.5117621,0.42501888,0.42576155,0.38961193,0.3845799,0.39296484,0.34634382,0.5519939,0.44263324,0.38345525,0.55663073,0.6790264,0.4234609,0.57314897,0.5025821,0.57609886,0.5556106,0.51881987,0.6350891,0.4138497,0.35744,0.47739753,0.56404805,0.47712496,0.25390553,0.30484545,0.28948584,0.3774799,0.27723214,0.26710406,0.28819928,0.34745997,0.31021252,0.5127086,0.5887574,0.47035557,0.49178517,0.36940035,0.4130197,0.48615238,0.48965427,0.2597378,0.3447432,0.43139213,0.48776752,0.36314386,0.52637154,0.5328261,0.42961416,0.5127194,0.47723457,0.39390492,0.4613668,0.499339,0.27244002,0.3373667,0.46378818,0.3096656,0.48993143,0.32664165,0.28912142,0.39424604,0.4374638,0.32436496,0.51138425,0.53879607,0.57311356,0.509183,0.46817318,0.4195837,0.52000874,0.5188779,0.5556132,0.4792811,0.5224729,0.48269442,0.5204184,0.520912,0.61705154,0.36490104,0.46999574,0.48310208,0.4312347,0.22780345,0.30440435,0.39671153,0.30329287,0.47553813,0.42853892,0.41984823,0.24591249,0.38593844,0.26306728,0.2981954,0.2276898,0.38820857,0.60496414,0.5976349,0.3752466,0.42489955,0.34789068,0.60970014,0.45831925,0.38865802,0.34631017,0.44476563,0.42631772,0.5272962,0.49836653,0.40104014,0.59567505,0.64460486,0.44743004,0.3997014,0.49704108,0.35822347,0.4389294,0.41144514,0.43157127,0.5207748,0.4960785,0.5211092,0.60809654,0.5158475,0.4796433,0.37044224,0.43422866,0.49665782,0.5244336,0.47746307,0.4991487,0.45734957,0.45868537,0.4483322,0.44214907,0.4580949,0.4676652,0.52676713,0.53291315,0.43396977,0.43815595,0.45248467,0.45097026,0.42634672,0.44108513,0.44362977
231,0.3697374,0.37916338,0.382644,0.38004118,0.38095617,0.34862053,0.34027508,0.454383,0.43767753,0.28863502,0.24182446,0.37191153,0.3111468,0.4534358,0.365178,0.25870883,0.26841837,0.44358352,0.26997423,0.3723013,0.39456153,0.33032492,0.46368158,0.43986818,0.37789783,0.41220182,0.41484118,0.42414656,0.37345007,0.6340239,0.5827669,0.47344294,0.641254,0.5215028,0.58403116,0.44707403,0.40158406,0.35471717,0.4619475,0.44540915,0.45024094,0.46116063,0.31706682,0.32989565,0.3422136,0.28654233,0.46345177,0.28205395,0.34943202,0.22556566,0.45718092,0.48730758,0.42662248,0.5025942,0.4483016,0.39328277,0.38419315,0.32827687,0.3702678,0.34099007,0.54103065,0.44213015,0.2868823,0.51800334,0.6644985,0.47585177,0.4316965,0.46104994,0.501511,0.44748187,0.50101477,0.43651497,0.29111278,0.35127664,0.37747237,0.42039606,0.39071894,0.21724883,0.24521612,0.2064145,0.31035507,0.20950621,0.23005813,0.28590977,0.28188506,0.3143241,0.47065118,0.5820551,0.36534694,0.47266084,0.32705852,0.36795583,0.45215064,0.46129313,0.23271766,0.3097175,0.3340995,0.44082472,0.38767895,0.46864778,0.53261185,0.41898176,0.46179226,0.4399815,0.38708192,0.39904115,0.47300866,0.28866494,0.33612338,0.43260562,0.30609506,0.49644113,0.36286023,0.2832227,0.38128978,0.35570323,0.26605493,0.47752386,0.52848417,0.51868254,0.4600987,0.41701195,0.4253704,0.47862917,0.46128938,0.49193963,0.41405687,0.47011784,0.41173476,0.3905058,0.48423666,0.5262824,0.29658976,0.4102064,0.45499054,0.32089707,0.2593701,0.31046328,0.34177935,0.3188874,0.48977536,0.39486095,0.34981427,0.21074812,0.27478862,0.24976178,0.29422176,0.21040379,0.317657,0.48571584,0.5037436,0.33477157,0.42656538,0.32321662,0.49267206,0.41180024,0.36667478,0.329187,0.41258147,0.4364684,0.5334126,0.37116724,0.36157557,0.5725601,0.5637378,0.40795296,0.36730492,0.48700497,0.27073553,0.34690756,0.23481815,0.40073553,0.5249467,0.46702954,0.50159764,0.5700875,0.37258306,0.44066244,0.33967718,0.41095543,0.37682095,0.42148346,0.37621242,0.36902595,0.36388335,0.35964775,0.3640789,0.4567244,0.43270007,0.31378227,0.24996763,0.41326946,0.31341887,0.47119716,0.38146684,0.29376984,0.2699292,0.48639232,0.27639192,0.3718979,0.4385191,0.32181343,0.49030897,0.4410127,0.3634266,0.48090407,0.45351416,0.5214893,0.3690856,0.5929778,0.5874812,0.534054,0.66593134,0.5087591,0.6051741,0.43337926,0.39755675,0.3436788,0.45931342,0.4509796,0.42016283,0.4308257,0.34651315,0.33837935,0.36462298,0.2915347,0.44806364,0.27796307,0.34395877,0.25367448,0.44928768,0.45070344,0.42825457,0.4803617,0.41737857,0.41901693,0.37229595,0.36905193,0.38559988,0.34305653,0.55657375,0.40677854,0.33465382,0.5477721,0.6581131,0.40195724,0.5142144,0.4235038,0.55067813,0.50719994,0.48602024,0.6030619,0.34001693,0.36824706,0.48583928,0.5236954,0.4027532,0.2665488,0.30602315,0.28654993,0.3381125,0.285557,0.24519898,0.28810993,0.2808287,0.30253962,0.47178647,0.5829821,0.46699333,0.48690885,0.33765906,0.42038998,0.47264424,0.49726322,0.2546371,0.34155744,0.35149527,0.41722926,0.3541345,0.49183697,0.49509206,0.39434636,0.482074,0.46535316,0.38252404,0.43664795,0.4776326,0.28769597,0.35148135,0.44847056,0.29681864,0.48399416,0.33227244,0.3147732,0.3967083,0.41359603,0.3208043,0.5032662,0.51366967,0.5507594,0.4771082,0.46171612,0.41165194,0.5087651,0.50000024,0.53056437,0.46721667,0.5355716,0.46918675,0.45418897,0.5037713,0.57896566,0.31942576,0.43394157,0.4735458,0.4312409,0.2338352,0.30274296,0.39707553,0.31329274,0.47905257,0.41390538,0.41154447,0.23057438,0.32751468,0.2664023,0.30058074,0.24367201,0.3066961,0.5457003,0.5163853,0.35361436,0.40246376,0.33586636,0.58297867,0.4328054,0.373852,0.33094156,0.4312187,0.41317394,0.5226035,0.45159274,0.3934969,0.58540314,0.6009541,0.470253,0.3980371,0.46526566,0.34872872,0.38701317,0.3557437,0.4406836,0.50187725,0.4725233,0.51299995,0.6101207,0.4224181,0.47077322,0.3674407,0.43831366,0.5052293,0.51968145,0.4853886,0.5029164,0.4384973,0.44810265,0.43394366,0.4313523,0.4472391,0.46061486,0.51100004,0.5176038,0.44219312,0.44048283,0.4553948,0.45305595,0.41575888,0.4289955,0.43391442
232,0.36601076,0.3688234,0.36207023,0.37057924,0.3757529,0.35094962,0.3360897,0.43591252,0.4079171,0.31632668,0.2750737,0.37405562,0.29596505,0.45390907,0.3640735,0.25041142,0.2711156,0.43616918,0.27177802,0.36952057,0.39611524,0.3378239,0.44421887,0.4186423,0.37885913,0.39909863,0.41566348,0.42243645,0.35673484,0.6117934,0.5683639,0.43912104,0.63070256,0.5062448,0.57075787,0.42766196,0.3903557,0.35344225,0.43659604,0.44214833,0.43386593,0.4348444,0.33841518,0.34445044,0.34353295,0.29518908,0.42869925,0.2926207,0.34524426,0.23303536,0.42192984,0.4529881,0.40579826,0.47059426,0.44890958,0.41656014,0.38211134,0.3286482,0.36068222,0.36139393,0.534667,0.4278452,0.27302748,0.5137882,0.67798036,0.4880389,0.38799727,0.44301483,0.4958935,0.4157673,0.4934143,0.4140782,0.25986886,0.34464356,0.38509947,0.43102258,0.35695454,0.24387011,0.24729365,0.2180569,0.3283628,0.23100623,0.23750341,0.30748883,0.25865743,0.32528064,0.4662494,0.5907337,0.35242298,0.45189333,0.3238753,0.37642416,0.44662395,0.45642337,0.2462883,0.31814325,0.3093984,0.416637,0.40269265,0.44803655,0.5042973,0.40157577,0.43077478,0.42768863,0.39560485,0.39378205,0.44269648,0.30912548,0.35644263,0.42689544,0.31468982,0.4992974,0.38976347,0.31327036,0.40027088,0.3532325,0.26236838,0.46903077,0.5140798,0.5086124,0.43260273,0.40948856,0.40872929,0.44638234,0.43743017,0.4857408,0.42026788,0.46032476,0.3928903,0.35028088,0.47473988,0.4935639,0.2830284,0.38746694,0.46190792,0.33371428,0.26619148,0.3106633,0.35884735,0.3370191,0.49650636,0.385841,0.35163304,0.1999801,0.2586178,0.26163343,0.31935245,0.22923164,0.27023727,0.45766512,0.4714694,0.31755415,0.40562683,0.31033966,0.5002963,0.39207068,0.3534326,0.32206392,0.39341688,0.41588065,0.52668995,0.35087803,0.3578856,0.5770642,0.55989283,0.41341215,0.36241755,0.45849624,0.29098594,0.34263137,0.22355679,0.3925494,0.49827516,0.43443355,0.47222242,0.5539528,0.31418577,0.4268389,0.353096,0.41129068,0.37378517,0.40171003,0.35975382,0.35861376,0.36417523,0.36326602,0.36299488,0.4382926,0.40551022,0.3356213,0.27838776,0.41984752,0.30148026,0.4644551,0.37529746,0.28227878,0.27948388,0.47875395,0.28825572,0.37848663,0.4256817,0.34144914,0.46783578,0.4140325,0.38449368,0.46653983,0.44807747,0.5184145,0.3555307,0.584421,0.5788735,0.4920575,0.65584123,0.4803684,0.58216286,0.413292,0.39039698,0.35066974,0.43270984,0.4401506,0.4112616,0.40626717,0.37616232,0.34406012,0.3679963,0.29461065,0.4114077,0.28817162,0.33191496,0.2613953,0.4181838,0.41596553,0.4019392,0.4456169,0.41354963,0.42757887,0.36286816,0.36539522,0.38539886,0.35368562,0.55461353,0.37927017,0.31263745,0.5389152,0.65457577,0.41283306,0.46869305,0.37107998,0.5236633,0.4768936,0.46661782,0.5846491,0.29502922,0.3735775,0.4834799,0.49818864,0.3557813,0.29175523,0.33747858,0.31761324,0.33142808,0.3059338,0.23917152,0.29127514,0.23657057,0.29731655,0.42773864,0.59307367,0.46852005,0.49165708,0.3056065,0.43761474,0.46150187,0.49320093,0.27576706,0.34593874,0.29835343,0.35274982,0.3615649,0.4707851,0.45897928,0.37024608,0.45019144,0.4558299,0.38458598,0.41997287,0.44951925,0.3126641,0.36871186,0.43898863,0.29707253,0.46903518,0.35373807,0.35328594,0.40906402,0.3959412,0.3196602,0.5022515,0.49521926,0.5377848,0.45575672,0.45789105,0.3970884,0.4886382,0.47195938,0.5217479,0.47139427,0.5392863,0.44583657,0.3965819,0.48880544,0.5614696,0.305616,0.4148246,0.47444504,0.4453988,0.24168113,0.30757985,0.39636183,0.32442847,0.48861918,0.40902075,0.42146167,0.22994508,0.30790076,0.29448843,0.31914607,0.2638587,0.25519362,0.5042292,0.46913728,0.3335095,0.3858988,0.3290901,0.5802259,0.40983686,0.3558424,0.3253568,0.42158058,0.4082285,0.50983834,0.42325902,0.39478981,0.5815319,0.5814617,0.48611137,0.39847946,0.4422003,0.35544333,0.3498232,0.32991987,0.4436915,0.4768649,0.445323,0.49954915,0.613766,0.36181504,0.45947754,0.37217644,0.43281075,0.5054927,0.5064049,0.49450228,0.50959,0.42237672,0.4358031,0.42416972,0.42398587,0.43765834,0.45229936,0.5045556,0.5113665,0.4487168,0.44167435,0.45659873,0.45418012,0.40776673,0.41751304,0.42689326
233,0.3754196,0.3671628,0.35514387,0.37362644,0.3813695,0.36130384,0.34120995,0.425532,0.38834667,0.35527006,0.32160217,0.38838112,0.2929304,0.45025983,0.36066028,0.2512086,0.27075505,0.43948624,0.28665835,0.37240517,0.4039879,0.3590613,0.435239,0.4038431,0.38424888,0.4001262,0.4170711,0.4184538,0.34841242,0.6081495,0.5623743,0.41436145,0.6433377,0.509611,0.5662161,0.40998045,0.38675466,0.35553905,0.41838837,0.44296673,0.4270732,0.41698205,0.3755855,0.36235708,0.3511844,0.30210185,0.40032092,0.31315976,0.3492556,0.24027082,0.39910835,0.42941675,0.39403138,0.44220445,0.454424,0.45912737,0.38612074,0.33803615,0.35983363,0.39301625,0.52303576,0.42283514,0.28424463,0.5068415,0.7019197,0.5045925,0.37048864,0.43739185,0.49577194,0.4075576,0.48932967,0.4108931,0.25584927,0.3481087,0.40165564,0.45023024,0.35187685,0.27335775,0.26610848,0.23433605,0.3713595,0.25663248,0.25327748,0.32468647,0.2514598,0.3377139,0.47079116,0.614386,0.3523448,0.44395623,0.31606954,0.38787338,0.4477879,0.44886777,0.27043667,0.32830945,0.30139768,0.3997941,0.4307695,0.44845897,0.48292467,0.39748058,0.40476778,0.42373726,0.41235515,0.39576516,0.40806872,0.33952826,0.3774083,0.42740005,0.3307999,0.4929372,0.4289815,0.3488744,0.42451796,0.35465196,0.26314554,0.46994677,0.50611615,0.50739735,0.42116898,0.4060161,0.3831523,0.4227943,0.40972787,0.49376482,0.4311142,0.44960892,0.3742731,0.3314481,0.47164935,0.48426294,0.2933821,0.38116533,0.47428712,0.34601262,0.27128398,0.3145683,0.372583,0.35066897,0.5132468,0.38098422,0.36345991,0.19726326,0.26104707,0.2811386,0.36421382,0.24728985,0.2491548,0.4526444,0.46937677,0.30891693,0.39812505,0.3017414,0.5223179,0.3775876,0.34208053,0.32483763,0.38440347,0.39924222,0.52904785,0.34301877,0.36028355,0.5830305,0.5889271,0.40919247,0.35951424,0.44406077,0.32471427,0.3414734,0.23241118,0.380966,0.4694663,0.41156095,0.43883672,0.55016994,0.2917513,0.40896523,0.36900187,0.40148455,0.38287482,0.38770938,0.35446218,0.3601838,0.37608388,0.3767895,0.37307376,0.4265918,0.38866162,0.37165555,0.30831888,0.42466903,0.30084443,0.4570275,0.37236682,0.27843207,0.29248446,0.482324,0.31266093,0.39136887,0.4236823,0.37757573,0.44966552,0.395773,0.4009634,0.4476669,0.441995,0.5102761,0.35772705,0.59149116,0.5850971,0.4578981,0.6553237,0.48162594,0.5736611,0.39803728,0.39052567,0.35657254,0.41239518,0.43258107,0.41064197,0.38664046,0.42028365,0.3520766,0.37330985,0.29485992,0.38099316,0.30978128,0.3303124,0.27066034,0.3999434,0.39572832,0.38700953,0.41603968,0.4138819,0.4510696,0.36128637,0.37206736,0.3932457,0.37636384,0.5466952,0.3638653,0.31670636,0.5281645,0.66820884,0.44699636,0.44459426,0.34831223,0.5030836,0.46863806,0.46189937,0.5834894,0.27980888,0.37266713,0.47237056,0.49361792,0.340613,0.3231729,0.39134592,0.37287498,0.35201976,0.33057863,0.24505016,0.29522377,0.21336563,0.29425174,0.38882688,0.61695075,0.4734312,0.5037781,0.27922803,0.45603296,0.45388705,0.48019317,0.31757236,0.35359707,0.27255622,0.30353692,0.38331974,0.46584713,0.43072805,0.36030406,0.42239484,0.44860113,0.3991181,0.41421118,0.4165545,0.34234947,0.3852602,0.4359163,0.30790675,0.4494673,0.38724285,0.39658833,0.42643312,0.38706702,0.31926745,0.5068424,0.48559943,0.5331499,0.44655722,0.4566849,0.376015,0.46187052,0.43598077,0.52652377,0.4863611,0.5299066,0.4167859,0.35808915,0.47874767,0.56663984,0.3197032,0.41545582,0.4844111,0.47021008,0.24707182,0.3167744,0.39383385,0.33275393,0.50232774,0.41098088,0.44299078,0.23900773,0.3210698,0.3383881,0.3505384,0.28237638,0.23264079,0.48884872,0.46076822,0.31969717,0.37770367,0.3291916,0.5971925,0.39722463,0.34032163,0.3298421,0.41976726,0.41078493,0.49458227,0.4124389,0.40481183,0.5840158,0.58878446,0.4898754,0.39999068,0.43142107,0.3756522,0.33002454,0.33379325,0.44004634,0.44846007,0.41799566,0.47996783,0.6155865,0.33964792,0.44662294,0.383053,0.42126155,0.49725285,0.48673505,0.5010828,0.5154551,0.41278303,0.4253269,0.42134237,0.42217466,0.43185857,0.44436213,0.5055915,0.5124644,0.4526488,0.44237694,0.45615155,0.4551855,0.40513012,0.41038683,0.42398235
234,0.39624837,0.37425905,0.36054206,0.38828018,0.396585,0.3765104,0.3533972,0.42269257,0.38004485,0.39606622,0.36771464,0.41053382,0.30202028,0.44006684,0.3505936,0.25908735,0.2644457,0.4519094,0.30931228,0.37992772,0.41701338,0.38848075,0.43819806,0.39814,0.39079407,0.41279027,0.41924703,0.41167963,0.3422548,0.6230462,0.56078225,0.40240225,0.67431086,0.5295046,0.57327366,0.39472985,0.39102355,0.35895807,0.41051328,0.44681117,0.4290691,0.41174203,0.41966066,0.3789007,0.3627922,0.301219,0.3825393,0.33727673,0.35931733,0.2408109,0.38964,0.4191901,0.39082915,0.42171168,0.463283,0.5115668,0.39243576,0.35123023,0.36720085,0.42912018,0.5086682,0.42595544,0.31310764,0.49525574,0.7300712,0.52010906,0.3790388,0.4390365,0.50260705,0.42234853,0.48863113,0.42383635,0.2713041,0.35822496,0.42362395,0.47595397,0.3712401,0.29606175,0.29394862,0.24449717,0.4269935,0.27579948,0.26764545,0.3330539,0.25385267,0.34563503,0.4809193,0.650009,0.3613985,0.45006502,0.30262372,0.39706403,0.45433363,0.44208696,0.29588178,0.33518854,0.30339372,0.3894897,0.4646617,0.46774718,0.47148678,0.40529704,0.38756078,0.42717144,0.43379477,0.40311125,0.37409475,0.3712096,0.39418918,0.43306184,0.3482549,0.48094907,0.471645,0.38012812,0.44779366,0.35732818,0.26410633,0.4789604,0.5048663,0.5125398,0.4242649,0.40605676,0.35152245,0.41081586,0.38050318,0.5108236,0.43933633,0.4380101,0.35754865,0.33258572,0.476108,0.49958822,0.31874853,0.38980788,0.48881403,0.3542378,0.26979822,0.31884938,0.3792892,0.35599592,0.53649884,0.37736222,0.37707072,0.19682302,0.27439335,0.2974343,0.41936725,0.25870556,0.24875323,0.46944717,0.49128684,0.3086542,0.4025187,0.29625168,0.5480447,0.372385,0.33532974,0.3337781,0.38716823,0.38781717,0.5401723,0.34302104,0.36601898,0.59014684,0.6394281,0.39492103,0.3580972,0.4453141,0.36264524,0.337658,0.25550523,0.36712274,0.44450086,0.40120512,0.40709573,0.5581472,0.29971713,0.39125562,0.38206673,0.3843687,0.40227163,0.38148975,0.3594363,0.37281072,0.39734337,0.39696556,0.39222863,0.42190236,0.3831831,0.41353136,0.33161226,0.42774194,0.31114483,0.44688618,0.3675633,0.28169146,0.30201647,0.49752608,0.34380493,0.407524,0.43357617,0.42204115,0.43960243,0.38949674,0.40996224,0.43067864,0.43537188,0.50013375,0.3696048,0.6122808,0.59822094,0.4377264,0.6642671,0.5083041,0.58319235,0.38748312,0.3975498,0.35929105,0.40124384,0.42822382,0.41720137,0.3768426,0.470054,0.35950914,0.37956235,0.28711966,0.36198467,0.33712518,0.3387934,0.2745913,0.39515865,0.39127806,0.38359103,0.39626095,0.41785008,0.48442364,0.3656694,0.384928,0.40790048,0.40588784,0.5348957,0.35948846,0.3409663,0.51406467,0.69408154,0.4909382,0.443775,0.3498923,0.49514493,0.48196325,0.469684,0.60006046,0.2889859,0.3669447,0.45736438,0.51195395,0.35423088,0.3515317,0.45336935,0.43414792,0.39021027,0.35036412,0.256489,0.29651308,0.20550144,0.29065153,0.36071417,0.65114534,0.48060387,0.5200142,0.26031604,0.4675894,0.45039737,0.46283364,0.36753142,0.3598454,0.2676561,0.27246645,0.41420096,0.4758794,0.41373518,0.3636764,0.40395656,0.44393373,0.422372,0.41896772,0.38342306,0.36922917,0.39642262,0.43823534,0.32331568,0.42968518,0.42518803,0.43438196,0.44281998,0.38592955,0.31704518,0.51495874,0.48483157,0.53506166,0.44756085,0.45771715,0.3509155,0.43425193,0.3973499,0.5396146,0.50458384,0.5090732,0.38773757,0.34184384,0.47600374,0.5924183,0.35361448,0.43386456,0.5005481,0.49997437,0.24577715,0.32576773,0.3895224,0.33571082,0.5187381,0.41538432,0.46800658,0.25029093,0.35679916,0.38255903,0.38741362,0.29310656,0.23249857,0.50063455,0.48544487,0.31356257,0.37708086,0.33373097,0.62576526,0.39892122,0.33010298,0.34023097,0.42663604,0.4179566,0.48178178,0.41386637,0.42052063,0.59182465,0.6185531,0.4804376,0.40150598,0.4335217,0.40318748,0.32469866,0.36300537,0.43051052,0.4224448,0.39528105,0.4573263,0.61483514,0.35156193,0.43439114,0.39571923,0.40659493,0.4821959,0.46375546,0.5037584,0.51880777,0.41071394,0.41871867,0.42530057,0.42568585,0.43076524,0.438082,0.51152253,0.51840174,0.4537771,0.4430197,0.4544609,0.45647523,0.40814102,0.4091746,0.4251832
235,0.42274287,0.38566405,0.37238392,0.40941805,0.41655046,0.39196378,0.36789694,0.42487758,0.38127083,0.42885837,0.40025797,0.4355256,0.3180299,0.42546645,0.33503026,0.26894033,0.2517026,0.46954915,0.33163026,0.3889699,0.43244272,0.4186897,0.44916248,0.4003576,0.3976859,0.43241665,0.42228487,0.40458235,0.33399242,0.6491374,0.55942005,0.4033793,0.71207047,0.5580621,0.5905134,0.38309932,0.40052292,0.36229265,0.41225973,0.45189402,0.43667018,0.41782424,0.4598836,0.3911589,0.37509665,0.29147732,0.37570745,0.35682258,0.37057954,0.2326294,0.39130786,0.4205542,0.3936964,0.41085753,0.47307235,0.5605695,0.39882973,0.3636055,0.37982112,0.4625775,0.49630636,0.43478158,0.34833118,0.48079833,0.7554942,0.53032416,0.40548852,0.44132358,0.5162719,0.4524192,0.49016854,0.445526,0.29524478,0.3717498,0.44823918,0.5046279,0.40319493,0.30679217,0.32175928,0.24235891,0.47964492,0.2825855,0.27358788,0.33303508,0.25882414,0.34688494,0.49246693,0.68924785,0.37342817,0.4656873,0.2862927,0.40089828,0.463339,0.43988436,0.31349552,0.3358716,0.3067717,0.3824852,0.49575576,0.4978901,0.4695732,0.41975453,0.3798583,0.4346529,0.4547178,0.412702,0.34667957,0.39664498,0.40473112,0.44208804,0.36302176,0.46925905,0.50855714,0.4004357,0.4658225,0.3589082,0.26191732,0.49150297,0.5083147,0.5210635,0.43570957,0.4084896,0.3221279,0.40937164,0.3556902,0.5296154,0.4401915,0.42939436,0.3466394,0.3485275,0.48760527,0.53209907,0.34702042,0.40738446,0.50315386,0.35701656,0.26131114,0.3200608,0.38099715,0.3537889,0.56041795,0.37233165,0.38519835,0.19460133,0.28937164,0.30251473,0.47114477,0.26182437,0.26080894,0.5003774,0.5233594,0.31233892,0.41272047,0.2914135,0.56745625,0.37483466,0.33247963,0.34248918,0.39731196,0.3801617,0.557816,0.34564224,0.37171483,0.59730595,0.692879,0.3747032,0.35821456,0.45843968,0.39595944,0.3283368,0.2836947,0.35488373,0.4275439,0.40124065,0.38303,0.5744995,0.32702848,0.3776787,0.39039445,0.36634952,0.4264749,0.38152233,0.36970893,0.39149722,0.42238507,0.41825727,0.41451952,0.4226166,0.38705727,0.45099598,0.34317398,0.4311604,0.32703343,0.436082,0.35998344,0.28797302,0.3029955,0.5205284,0.37273708,0.42217782,0.45151624,0.46424016,0.43700835,0.39400887,0.41311926,0.4216091,0.42893013,0.49196643,0.38411453,0.64068884,0.6106841,0.4342728,0.67983186,0.54845357,0.6073119,0.38094968,0.4082135,0.35915858,0.39915714,0.4266429,0.4280729,0.3770439,0.51468456,0.36470324,0.38575295,0.27166572,0.3547703,0.36148587,0.35208085,0.26999956,0.40115413,0.39913973,0.3885728,0.38725922,0.42408666,0.5186495,0.37326145,0.39928237,0.42603984,0.43512392,0.5244384,0.36395758,0.376098,0.49949995,0.72335637,0.53101623,0.46163705,0.36620843,0.5020751,0.51126885,0.48678285,0.62813014,0.31418496,0.36249778,0.4470325,0.5482946,0.38703245,0.37037373,0.5079359,0.4827429,0.43342075,0.36116633,0.26803735,0.29425496,0.20708562,0.28603238,0.34698018,0.688841,0.49081847,0.536561,0.24906178,0.47062525,0.45067847,0.44791076,0.4105667,0.36114132,0.27493778,0.25762865,0.44580266,0.4954104,0.40838704,0.37513372,0.3962766,0.4409764,0.4475541,0.43066135,0.35621023,0.38761023,0.40114486,0.4442842,0.338313,0.41483358,0.4582278,0.45951772,0.4541139,0.3898977,0.31155804,0.524106,0.49070352,0.54128337,0.4539977,0.4600568,0.32853773,0.41175738,0.36470655,0.5544348,0.5179868,0.4858435,0.3667715,0.34587967,0.48170426,0.62977517,0.39505106,0.46327123,0.51852965,0.5279518,0.23798226,0.33025697,0.3858976,0.3330818,0.5350969,0.41777173,0.48804754,0.25825426,0.40080222,0.41227642,0.42091665,0.2943749,0.24728385,0.53222287,0.5287764,0.31219992,0.37992662,0.3380288,0.65415454,0.41232383,0.32464597,0.3496086,0.4382315,0.42466825,0.47707504,0.42090318,0.43695208,0.6024224,0.65823215,0.46286735,0.4026969,0.444974,0.4320951,0.32884905,0.4081066,0.41915643,0.40328255,0.38050476,0.43692222,0.6138622,0.38649437,0.42538255,0.4076301,0.39357835,0.46483317,0.44239187,0.5040365,0.5205009,0.4145555,0.41636205,0.4338781,0.43257746,0.43359572,0.43457544,0.5194797,0.52670646,0.45297256,0.44351852,0.4522464,0.45798746,0.41516882,0.4131619,0.42932817
236,0.44766244,0.39577672,0.3837045,0.4306229,0.43583187,0.4040527,0.37986785,0.42806193,0.38754863,0.44696078,0.4128223,0.45918176,0.33450943,0.4135816,0.3215519,0.27523908,0.23467626,0.48766938,0.34646532,0.39645907,0.4473323,0.44382215,0.4620281,0.40470898,0.4073693,0.4538226,0.42723927,0.40170392,0.32300344,0.673679,0.5546294,0.41504022,0.74253154,0.5853622,0.61269206,0.37653896,0.41086036,0.3656571,0.42013294,0.4552021,0.44411784,0.42971045,0.487307,0.3984139,0.38476887,0.27585977,0.37722299,0.36555433,0.37681374,0.21903977,0.40006304,0.42909947,0.39833146,0.40899238,0.4803004,0.5936247,0.4042952,0.37241292,0.39361826,0.48772043,0.49054644,0.44690895,0.37835616,0.46822226,0.77075034,0.5328656,0.43645886,0.43943295,0.53411263,0.4848911,0.49236584,0.4664482,0.31685063,0.38727307,0.4729909,0.53170043,0.43206966,0.30802664,0.3440279,0.23031604,0.5171878,0.27952185,0.27102822,0.3301029,0.2630209,0.3455715,0.5019452,0.7198207,0.38421908,0.48336002,0.27363887,0.39994514,0.47075948,0.44485253,0.31908482,0.3299017,0.3056678,0.3757176,0.516081,0.52687216,0.47315508,0.43269092,0.37841266,0.44029298,0.46970946,0.42176008,0.32922396,0.41345066,0.41106313,0.45220086,0.37579772,0.46400657,0.5333326,0.41010293,0.4765201,0.35837388,0.25584134,0.5011345,0.51279265,0.5285065,0.4472631,0.41191667,0.30439615,0.4126171,0.34163782,0.54219,0.43245214,0.4287326,0.34672,0.37232217,0.5026978,0.5664354,0.367118,0.42554522,0.51499724,0.35649014,0.2505208,0.3165621,0.38364273,0.3489333,0.5780244,0.36490703,0.38406584,0.19142629,0.30013898,0.29512402,0.5074566,0.26113766,0.2778882,0.53267205,0.5491341,0.314624,0.42174655,0.2862479,0.57246053,0.38099006,0.3314767,0.3456827,0.40750906,0.373829,0.57868063,0.34771347,0.37496483,0.60147065,0.7300372,0.35612494,0.36055344,0.47468895,0.42124736,0.31736007,0.3077434,0.34886068,0.41764152,0.40487218,0.3697233,0.5924422,0.35935563,0.3710969,0.39608985,0.35624948,0.44878066,0.38495526,0.37963405,0.41018796,0.44530985,0.43535906,0.43283468,0.42562178,0.39587322,0.47555092,0.34348112,0.4379629,0.34230188,0.4303562,0.35399076,0.2925366,0.29422006,0.5441134,0.391247,0.43156475,0.4712155,0.4952271,0.43966106,0.40243787,0.41562742,0.42486596,0.4233185,0.48910463,0.39415097,0.6667998,0.6158342,0.44626465,0.69639933,0.5862646,0.63616717,0.37791398,0.41749415,0.35885912,0.4033743,0.42693928,0.4393269,0.38458675,0.5456103,0.36777112,0.39012942,0.25246248,0.35742533,0.37472034,0.36177146,0.2578998,0.4134615,0.41403168,0.39652595,0.3882653,0.43049747,0.5437298,0.3808862,0.41072026,0.44297093,0.45715004,0.5205632,0.37616044,0.41163963,0.4893697,0.7452699,0.5565988,0.4888171,0.38643688,0.5209813,0.54569125,0.50934243,0.65500987,0.34584618,0.3676375,0.4491758,0.5901802,0.42484272,0.37870193,0.5441697,0.50766397,0.46943945,0.36500546,0.27777588,0.2909702,0.21440074,0.2841485,0.34935874,0.71922874,0.50527143,0.5490564,0.24695764,0.46876633,0.4532176,0.44221228,0.43547192,0.35530266,0.2865491,0.25581768,0.46906534,0.51575464,0.4128382,0.3868037,0.39561856,0.43684378,0.4668495,0.44402757,0.33854714,0.39622223,0.4030677,0.45198518,0.35190403,0.41005796,0.4788735,0.47086042,0.4583241,0.39611197,0.30247816,0.5306233,0.49887156,0.54789394,0.45984226,0.4618659,0.31630042,0.39632857,0.3450718,0.56396663,0.5197039,0.47079465,0.36131003,0.36569458,0.49381748,0.66318107,0.42993623,0.49332455,0.5326265,0.547973,0.22826006,0.3277581,0.38688058,0.32642713,0.54700845,0.41493815,0.49522415,0.26190397,0.43724087,0.41976866,0.44414878,0.28980544,0.27013358,0.5692999,0.570876,0.3111128,0.38183007,0.33847436,0.66913694,0.43112236,0.3219977,0.35206696,0.44885835,0.42595682,0.485084,0.42727655,0.44885126,0.6109666,0.6903976,0.44581488,0.40370125,0.45864663,0.45885342,0.33870456,0.45505443,0.4119562,0.3904602,0.3726292,0.42201668,0.6143527,0.42775548,0.42068952,0.41917554,0.38813558,0.45043337,0.42765123,0.5039269,0.52155316,0.42137972,0.41765025,0.44416243,0.44060943,0.43850052,0.43437967,0.5254755,0.5340269,0.45188144,0.44365996,0.45024565,0.45958295,0.42379007,0.42040396,0.43461013
237,0.46549433,0.4017526,0.39052877,0.44699812,0.45071647,0.4114672,0.38674155,0.4282929,0.39342138,0.44924355,0.40698946,0.47791228,0.34780315,0.4113038,0.31856313,0.2753387,0.2174508,0.5021196,0.3513081,0.4011434,0.4598868,0.46102408,0.47229472,0.4041932,0.42203984,0.47161338,0.43558648,0.40665698,0.3111344,0.6833707,0.54297906,0.4324175,0.75364304,0.6019105,0.63160664,0.37546036,0.41801405,0.37032428,0.42937547,0.45384777,0.44548523,0.44064984,0.4977652,0.40165743,0.38980383,0.258998,0.38276425,0.36210224,0.37340027,0.20560753,0.410834,0.4393476,0.40034568,0.41336462,0.48195943,0.60374135,0.4079071,0.37686288,0.40506268,0.50142366,0.49196175,0.4596574,0.39608866,0.46081012,0.7683293,0.5266478,0.45869505,0.43117508,0.5505685,0.5066826,0.49295783,0.4777338,0.32979047,0.4042108,0.49425274,0.55237716,0.44561812,0.30701002,0.36107954,0.2163255,0.5347291,0.27487838,0.2654975,0.33151683,0.2674339,0.34829596,0.5058327,0.73075664,0.3929681,0.49625716,0.27163133,0.39778674,0.4731776,0.4566799,0.31478962,0.3192366,0.2991913,0.3676315,0.5212463,0.54381883,0.47685742,0.43689182,0.37788287,0.43828195,0.4755958,0.4287527,0.321712,0.42394826,0.41719976,0.46074504,0.39014575,0.46810514,0.54397,0.41432008,0.4797992,0.3559156,0.24755608,0.5021611,0.5143162,0.52942127,0.45201406,0.41515806,0.3034656,0.4129432,0.34085587,0.54249966,0.41826954,0.43728215,0.36035404,0.396419,0.5154084,0.585669,0.3732764,0.43712303,0.5217374,0.35694766,0.24418458,0.3096584,0.39251316,0.3479684,0.58425385,0.3566264,0.3745752,0.19170487,0.30615848,0.28012848,0.5227813,0.26446387,0.29508418,0.5530238,0.5553033,0.313415,0.42545727,0.28255484,0.55822486,0.38843435,0.33131513,0.34239453,0.41285226,0.36801618,0.59781975,0.34834334,0.3753436,0.59812987,0.7383032,0.34642217,0.36603364,0.48446706,0.4401521,0.3116451,0.32319966,0.35162395,0.41000304,0.4042521,0.36622238,0.6025188,0.38333833,0.37275955,0.4022655,0.36038718,0.46420512,0.38980636,0.3862837,0.42463043,0.46239403,0.44523025,0.44250676,0.4275636,0.4045977,0.48380256,0.3382483,0.44984698,0.35390478,0.43432295,0.35557815,0.2933445,0.2783898,0.5610471,0.39589205,0.43482387,0.48732048,0.5104218,0.44603395,0.40594083,0.42296812,0.4415497,0.41917396,0.49291784,0.39495653,0.68008894,0.6080028,0.46802804,0.70554245,0.60815305,0.6576721,0.37770224,0.42157364,0.3619999,0.40972972,0.42789114,0.44735813,0.39612022,0.5590169,0.37048084,0.39127544,0.2340498,0.3668627,0.37335065,0.36120823,0.24202247,0.42705092,0.4304962,0.4020491,0.39733022,0.43526372,0.55247414,0.3859885,0.4164093,0.45457387,0.46774584,0.52393734,0.3953014,0.4399335,0.48573586,0.75007737,0.5624452,0.5142978,0.40182054,0.5444194,0.5727009,0.53229815,0.667659,0.37608117,0.38867804,0.46573183,0.6227328,0.45471644,0.3801614,0.5595836,0.50751555,0.49123695,0.36774966,0.28786236,0.2909977,0.22678779,0.2906698,0.36658603,0.7316286,0.5228597,0.553532,0.25700587,0.46683425,0.45589706,0.44919476,0.43897626,0.3425352,0.29774055,0.26438707,0.47858635,0.5283471,0.42357898,0.39215127,0.3955979,0.42856887,0.47520933,0.4543239,0.32991642,0.39806947,0.40781677,0.4589861,0.36669138,0.41812676,0.48445973,0.47238764,0.45506716,0.40139773,0.29048315,0.53033626,0.5044115,0.5495175,0.46000403,0.4612045,0.31791985,0.38562682,0.34013605,0.56234235,0.50647527,0.46880662,0.37425697,0.39497676,0.5069032,0.6773251,0.4484837,0.5140548,0.5374474,0.5563796,0.22272703,0.31866145,0.39567995,0.31938165,0.5508137,0.40648112,0.48542792,0.2646448,0.455498,0.4059171,0.45433506,0.2860766,0.29615775,0.5962813,0.5940272,0.30825236,0.38110724,0.33480108,0.6603259,0.4496539,0.32078943,0.34622896,0.4551514,0.42009625,0.50564885,0.42859396,0.4528921,0.6111853,0.70044434,0.43682158,0.40515953,0.4668994,0.4825911,0.352515,0.4914485,0.41336998,0.37991858,0.36705154,0.41193545,0.61441714,0.4585162,0.41909805,0.4317822,0.3939859,0.44231954,0.42187524,0.50389093,0.52127284,0.42812166,0.4214821,0.45353094,0.44784454,0.44343036,0.43703893,0.52489924,0.53613406,0.45211223,0.4435358,0.44890097,0.46130002,0.4316801,0.42871594,0.43926355
238,0.473775,0.40421432,0.39295492,0.4559367,0.45940667,0.41503108,0.38913578,0.42395955,0.39527953,0.44049636,0.39106768,0.4883932,0.3578714,0.42140272,0.33133197,0.2714372,0.20573173,0.5098812,0.3491294,0.4037678,0.46931696,0.4700845,0.47753543,0.39532316,0.44067886,0.4805117,0.44819838,0.420246,0.30205107,0.6677712,0.522205,0.44848764,0.73601407,0.60013735,0.63786614,0.37946302,0.42039233,0.3782084,0.43577355,0.4473004,0.43820444,0.44523612,0.49277145,0.40358555,0.3907678,0.24674283,0.3878618,0.35102162,0.36054182,0.198502,0.41864946,0.44599342,0.39793605,0.4200213,0.47745803,0.5900082,0.4092745,0.37856874,0.4126888,0.50385106,0.49675193,0.46999732,0.4008587,0.4588407,0.74105763,0.5120477,0.4632805,0.41707736,0.5581827,0.5086435,0.4891422,0.473745,0.33370087,0.42107868,0.5072413,0.56182325,0.4392958,0.31210187,0.37700647,0.20955849,0.5333671,0.27853137,0.26487258,0.34375647,0.2756979,0.36047447,0.5004308,0.71448034,0.40072724,0.49998116,0.2856747,0.39934286,0.4693211,0.47193277,0.30792922,0.30872148,0.29096395,0.358895,0.51189536,0.5425976,0.4762661,0.42970353,0.3742037,0.42656088,0.47248247,0.43341845,0.32275867,0.43270797,0.4268998,0.46568042,0.40952185,0.4801246,0.54230744,0.41953832,0.47733852,0.35273784,0.24110173,0.49177048,0.50992644,0.5197619,0.44685373,0.41780338,0.31931397,0.4056175,0.3514734,0.52836716,0.4024883,0.45099607,0.3850816,0.41363254,0.5192571,0.5778362,0.36673144,0.4386283,0.5213173,0.36293474,0.24885271,0.30373412,0.40976647,0.3567716,0.57722753,0.35118616,0.36195987,0.20118733,0.31090254,0.2662922,0.5182164,0.27972418,0.31030697,0.55165136,0.53488785,0.31137574,0.42333233,0.2840786,0.5251824,0.39659688,0.33266178,0.33618543,0.41294655,0.36416554,0.60875696,0.348843,0.37455294,0.58304316,0.7108984,0.3502512,0.3755545,0.48159397,0.45612136,0.3170501,0.33192956,0.3629595,0.40005356,0.39506775,0.3693828,0.5952572,0.39132386,0.3825883,0.41160908,0.38031465,0.4706113,0.39503387,0.38983724,0.433034,0.4722387,0.44750068,0.44278425,0.4266757,0.40974858,0.47834793,0.33636838,0.46602264,0.36246285,0.4485528,0.36919886,0.2923216,0.26176223,0.5661357,0.38928697,0.43341157,0.49640295,0.50995904,0.45429346,0.3992554,0.43838897,0.46820238,0.4178376,0.50198156,0.3867501,0.67219853,0.5838436,0.49064007,0.69785225,0.60637033,0.6616579,0.37996075,0.42011374,0.37200087,0.41463596,0.4287568,0.45034438,0.40829405,0.55572766,0.37605062,0.38984832,0.22137287,0.378888,0.3606321,0.34970728,0.22846381,0.43725118,0.44334468,0.40250236,0.41097912,0.43795922,0.54233086,0.38800618,0.4166675,0.45921022,0.46703938,0.53027785,0.41941774,0.4582137,0.4872594,0.73013926,0.5496375,0.5281425,0.40828675,0.56231815,0.58220667,0.5492828,0.6571931,0.40033862,0.42677468,0.49131936,0.6341207,0.46950787,0.3811631,0.55903405,0.48888037,0.4984662,0.37659526,0.3030939,0.29936087,0.24657373,0.3105512,0.39338395,0.71833533,0.5389992,0.5477098,0.28224993,0.46845695,0.45699877,0.46722803,0.42633975,0.32696688,0.3078546,0.28168902,0.47482598,0.52747285,0.4357149,0.38918483,0.39108482,0.4159816,0.4722035,0.4587708,0.32776937,0.3991007,0.42023867,0.4635175,0.3865397,0.43794456,0.47784993,0.47067684,0.44594124,0.40246773,0.2784137,0.5205345,0.50388044,0.5414237,0.45230004,0.45736828,0.33285603,0.37646762,0.34717152,0.54667425,0.4801845,0.4775256,0.402543,0.42547944,0.51406807,0.6619681,0.44920257,0.51950336,0.53002787,0.55250096,0.22753279,0.30690637,0.41330484,0.31774035,0.5452316,0.39527938,0.4610339,0.27277926,0.45429543,0.37969083,0.4526714,0.29062355,0.32306862,0.6015014,0.58820045,0.3057106,0.37912565,0.33001903,0.6227226,0.46420482,0.3210192,0.3358161,0.456675,0.409417,0.5323,0.42421165,0.44883966,0.5978048,0.6797417,0.4397626,0.4084562,0.46497342,0.5033663,0.36960563,0.51131535,0.42447665,0.36836106,0.35961327,0.40415308,0.6094498,0.46874362,0.41842568,0.44638586,0.4111867,0.44141173,0.42438045,0.50285757,0.5178107,0.43255785,0.42670462,0.46018878,0.4527795,0.44681546,0.44142705,0.5146316,0.5295741,0.45457092,0.44367784,0.448541,0.46340564,0.4372676,0.4363268,0.44221047
239,0.47263262,0.405586,0.39375335,0.45659345,0.46122944,0.41671234,0.38990536,0.41675913,0.3929304,0.43024972,0.37787354,0.48875326,0.36705542,0.44131792,0.36070582,0.2706017,0.20692326,0.5085895,0.34675914,0.4060462,0.47434434,0.47220695,0.47598514,0.38035795,0.45944005,0.47720978,0.4642227,0.440138,0.3012635,0.6199495,0.49234235,0.45630777,0.68074733,0.5752946,0.62227124,0.38792974,0.41943672,0.3911271,0.43686885,0.43830982,0.4247253,0.44117263,0.4791802,0.40886262,0.39118627,0.24687096,0.39015627,0.34167048,0.34497818,0.20516373,0.4202351,0.44551972,0.39301372,0.4257035,0.4691419,0.5572809,0.40987134,0.3818814,0.41769624,0.49873263,0.4993389,0.47520953,0.39807463,0.4604926,0.6829074,0.49158144,0.44765964,0.4006755,0.5500347,0.48774385,0.47881988,0.45434165,0.3335541,0.43584293,0.508362,0.5560368,0.41687754,0.33173776,0.3970003,0.21925847,0.5185355,0.29998615,0.27788508,0.37171558,0.29273635,0.38516203,0.48352313,0.6660989,0.40871853,0.49289837,0.31941792,0.40918854,0.46058986,0.4853139,0.30862027,0.3064633,0.2878965,0.35285068,0.49317726,0.5222216,0.4691461,0.4138881,0.3670006,0.4085964,0.46332186,0.4361411,0.33146116,0.44486058,0.44271794,0.4666232,0.4355769,0.49519983,0.5328383,0.43103182,0.47224218,0.35207963,0.24351946,0.47116795,0.49823624,0.49889636,0.43336794,0.42048597,0.34801605,0.39135104,0.36885595,0.5018992,0.3911165,0.4624386,0.4137412,0.41922837,0.50986415,0.5391533,0.35534024,0.43124843,0.5130288,0.3778704,0.27086383,0.30509415,0.4344313,0.3793107,0.55734265,0.35298464,0.35389984,0.2265964,0.3199444,0.26407602,0.5001424,0.3140404,0.32442415,0.5245719,0.48898146,0.31469277,0.41737974,0.29518515,0.48056334,0.40472543,0.33739552,0.333061,0.41031164,0.3647333,0.60404485,0.35253292,0.37561247,0.55404896,0.6448819,0.369529,0.38959318,0.46470344,0.4725798,0.33698502,0.34073097,0.3808637,0.38656974,0.37879702,0.37588456,0.56433135,0.38379642,0.3992195,0.4265005,0.41288576,0.4682669,0.3997425,0.39232203,0.43532923,0.4746406,0.4436875,0.43579575,0.42368478,0.4105105,0.46656513,0.3474916,0.48349804,0.3706298,0.46881646,0.3955438,0.29489657,0.2533597,0.55582917,0.37867615,0.4294121,0.49574605,0.4975672,0.46050006,0.38381487,0.4620743,0.4967874,0.42130038,0.5117128,0.3751933,0.6372437,0.5437169,0.5041524,0.66428214,0.5784163,0.64051473,0.38520613,0.416147,0.39110443,0.41651216,0.43005005,0.44891587,0.41806874,0.5405004,0.38878137,0.38930142,0.22137675,0.3893963,0.34596622,0.3339374,0.22569473,0.4407456,0.44862288,0.39899203,0.42491797,0.43976703,0.5159659,0.3891802,0.41511035,0.45810324,0.45968008,0.53286934,0.44450766,0.46777984,0.49093556,0.6793532,0.52453905,0.5230405,0.4068148,0.5646129,0.5681808,0.55336493,0.6190926,0.4172657,0.47623834,0.5156315,0.61707705,0.46813664,0.38919994,0.55100477,0.4641227,0.49525648,0.39750144,0.32895365,0.32136962,0.27814877,0.3465894,0.42090288,0.6744489,0.5466908,0.5318024,0.32374692,0.47486028,0.45597497,0.4897636,0.40907827,0.3170339,0.31967163,0.30689192,0.4630507,0.5109615,0.4440698,0.38077226,0.3809079,0.402603,0.4612141,0.45650852,0.3305479,0.4068194,0.44268444,0.46509755,0.41428816,0.46416822,0.4663648,0.47244218,0.4350746,0.3978721,0.272589,0.5016478,0.49604985,0.5215485,0.43827906,0.45141506,0.3578269,0.3678521,0.36145136,0.5180409,0.44745702,0.48983908,0.437357,0.44813555,0.50979435,0.6126989,0.43838742,0.50895244,0.5107115,0.5375131,0.24934535,0.29944393,0.4379209,0.32857582,0.53110653,0.3864359,0.43056762,0.2939089,0.4403269,0.35542685,0.44379112,0.31073353,0.3505765,0.5787274,0.55133116,0.30894363,0.37887007,0.32903183,0.5590198,0.47134987,0.32423523,0.32775635,0.4538621,0.39871797,0.55366117,0.41725376,0.43897304,0.5684809,0.62480426,0.45446545,0.41522953,0.45216194,0.52055925,0.38896173,0.51455283,0.44324732,0.35627794,0.3499622,0.39711335,0.5944048,0.45773244,0.41728696,0.46287215,0.43610138,0.44686815,0.43255195,0.4994505,0.509785,0.43420783,0.4326327,0.46335712,0.45466322,0.4480025,0.4462858,0.4948256,0.51338816,0.45920488,0.4449782,0.44971415,0.46618244,0.440199,0.44220334,0.44339165
240,0.46400043,0.40831956,0.39587885,0.44964105,0.4564714,0.41913876,0.3929002,0.4103425,0.3890198,0.4298297,0.3814314,0.48005325,0.37835237,0.4626441,0.40111643,0.2829973,0.23100458,0.49619728,0.35233945,0.41001892,0.47282085,0.46939623,0.4659798,0.36569127,0.4739799,0.46225294,0.48004836,0.4615291,0.3147345,0.5388465,0.45481688,0.4508077,0.5819677,0.52549887,0.5764333,0.39987263,0.41821766,0.40930003,0.43241662,0.43171418,0.41101736,0.4301695,0.4672956,0.42270023,0.396479,0.2695488,0.39132693,0.34525064,0.3386626,0.23594566,0.41540822,0.437795,0.38972357,0.43008107,0.4610402,0.5163042,0.41311067,0.39247277,0.4227841,0.49207783,0.49495476,0.4731557,0.39617243,0.46191555,0.59377927,0.46868595,0.41570753,0.3861159,0.5223913,0.44763923,0.46098572,0.42466807,0.33702633,0.44741324,0.49816528,0.5336624,0.38802648,0.37377593,0.4251912,0.25582412,0.49822208,0.34650204,0.3130698,0.41717905,0.32273263,0.42179507,0.45539424,0.58663994,0.41703114,0.4755424,0.37298515,0.429441,0.45051306,0.49173895,0.32704458,0.32282102,0.2972601,0.35338446,0.47199997,0.48616236,0.45621225,0.3956921,0.35934675,0.39175406,0.4523414,0.43696988,0.34764487,0.4643486,0.46534795,0.4651045,0.46735635,0.50710034,0.52077544,0.45052868,0.46835127,0.3599258,0.26499426,0.44518942,0.47898078,0.4701228,0.41636565,0.42467904,0.3832128,0.37516308,0.3876933,0.46815467,0.38871434,0.46476802,0.43758127,0.41283515,0.48730484,0.4764914,0.34962183,0.42004147,0.49764213,0.40276504,0.31580988,0.32038355,0.46318907,0.41667905,0.5260311,0.3649521,0.35704416,0.27507895,0.33782232,0.2838972,0.47873756,0.3721537,0.3398921,0.47506523,0.42676887,0.33002222,0.4102131,0.31990603,0.4360752,0.41051322,0.3483779,0.33920243,0.40744504,0.37130195,0.5758624,0.3622829,0.38193476,0.51233584,0.5479818,0.40254915,0.4073191,0.43650544,0.4923219,0.37055776,0.357903,0.40309435,0.37230092,0.36134276,0.3830961,0.5096258,0.36788246,0.41970044,0.44787613,0.45061833,0.45902187,0.402771,0.3958183,0.43250743,0.47000974,0.4365269,0.4249244,0.4209257,0.40830347,0.45786396,0.37992778,0.49827167,0.38096932,0.48614016,0.4295295,0.3085544,0.26397395,0.5277011,0.37298265,0.42482844,0.4826383,0.47939408,0.45829135,0.36657006,0.49093595,0.5170407,0.43075797,0.51526076,0.36928946,0.5730095,0.49181592,0.50021654,0.59741837,0.5255702,0.5883543,0.39446265,0.4134518,0.41866365,0.4160344,0.43327358,0.44570565,0.42327124,0.5208094,0.4126499,0.39459655,0.2442969,0.39696482,0.34167463,0.32566664,0.24447334,0.436883,0.445461,0.39496985,0.43635952,0.44256878,0.48147026,0.39391717,0.41670778,0.4537808,0.45272076,0.525272,0.464618,0.47222698,0.49283236,0.59607923,0.49568692,0.495642,0.40150967,0.54433244,0.52958196,0.5386132,0.5542145,0.4284707,0.52627385,0.5288105,0.57003635,0.45405716,0.4112161,0.5439178,0.4479399,0.4871001,0.43257815,0.36949798,0.36099568,0.32572734,0.39730987,0.4394208,0.6005793,0.53923804,0.5087963,0.37813264,0.4841583,0.45363975,0.50767416,0.40049863,0.32375062,0.33740684,0.33912158,0.44946423,0.47985357,0.4456083,0.3721634,0.36791596,0.39366472,0.44707635,0.44765523,0.3388965,0.42795047,0.47343472,0.4641667,0.45011872,0.48824844,0.4583849,0.48162296,0.4284397,0.3904405,0.28285077,0.47766387,0.48136085,0.49164817,0.4220849,0.44569963,0.3886241,0.36115357,0.37806794,0.48078048,0.41664338,0.49767745,0.46693704,0.4560517,0.4925388,0.53439134,0.42643178,0.48661873,0.48289213,0.51290154,0.29564273,0.30477443,0.4648645,0.35838288,0.51032925,0.3847547,0.40467823,0.3353335,0.42400324,0.3475918,0.43475896,0.35266474,0.37916404,0.52795064,0.48937696,0.32406,0.38289708,0.33691916,0.4816453,0.46652415,0.33362886,0.32940355,0.44566715,0.39222145,0.55683374,0.4113944,0.4268963,0.5249366,0.540671,0.4768744,0.42616916,0.430928,0.53304845,0.40793654,0.504759,0.4661837,0.34766355,0.34156376,0.391063,0.5657857,0.43280083,0.41574124,0.47983694,0.46149227,0.4567334,0.44289792,0.49322814,0.49745348,0.43445832,0.4391993,0.46308613,0.4535329,0.4472913,0.45051768,0.46913576,0.4898369,0.46497875,0.44831872,0.45290956,0.46928182,0.44131085,0.4459953,0.44355106
241,0.45142612,0.4141406,0.40083715,0.43810627,0.44752705,0.42570278,0.40238577,0.40768996,0.38725328,0.44690004,0.4110898,0.46613145,0.39339998,0.4737987,0.43976173,0.3172272,0.289437,0.47332242,0.3718473,0.41851553,0.4646733,0.46471733,0.4483952,0.35790923,0.48141918,0.4402535,0.49081284,0.47930488,0.34626162,0.43683794,0.41266704,0.4299386,0.45081294,0.4534754,0.4970389,0.41373762,0.4194623,0.43037632,0.4247906,0.43128833,0.40288526,0.41725227,0.46551085,0.447045,0.41152534,0.3251632,0.39567158,0.36943096,0.35289,0.3026626,0.40722975,0.42598167,0.39147738,0.43498376,0.45611137,0.47859508,0.42190275,0.41393858,0.42984143,0.488542,0.48176378,0.4628412,0.40108326,0.45832676,0.48737553,0.44604054,0.3760935,0.37541875,0.47753343,0.39773175,0.43566895,0.39203495,0.34971792,0.4554805,0.48093745,0.49719003,0.36272043,0.43995294,0.46118033,0.3286036,0.4783843,0.416974,0.3742839,0.4749456,0.36584035,0.46440217,0.4186391,0.48966855,0.42457318,0.4501465,0.43908876,0.45737576,0.44279623,0.4886486,0.36950445,0.36576828,0.32290092,0.36187652,0.4530628,0.44194195,0.44103494,0.3817559,0.35573626,0.38305798,0.44284368,0.43568474,0.37122768,0.49059746,0.49194664,0.46367994,0.50116646,0.51117545,0.50881946,0.47367907,0.46768785,0.3814507,0.31527704,0.41997352,0.4533967,0.4399466,0.40165097,0.43172523,0.41829413,0.3634156,0.40468746,0.43382803,0.39690244,0.45564952,0.4510059,0.39787337,0.45651314,0.4071841,0.35628968,0.41055727,0.47737765,0.43506697,0.38381112,0.35455063,0.4910096,0.4653212,0.4869326,0.38725722,0.37435088,0.34905168,0.36422566,0.33358964,0.4625138,0.45001435,0.35745743,0.41386747,0.361823,0.36055952,0.4041887,0.36054608,0.40224558,0.41235432,0.36847132,0.3596118,0.40605098,0.38419437,0.5196223,0.377314,0.39667213,0.4635259,0.44486275,0.44242358,0.4264234,0.4031541,0.5154756,0.41078502,0.38776794,0.4274552,0.36214605,0.34997085,0.38998932,0.4402415,0.35262224,0.4405159,0.47311816,0.48407605,0.44596466,0.40392727,0.4012705,0.4269185,0.4602727,0.43001527,0.41431808,0.42024273,0.40550855,0.45890424,0.4362565,0.5069785,0.39411134,0.48993242,0.46079692,0.33929008,0.3039567,0.48378146,0.37884256,0.42272112,0.45751485,0.46260098,0.4435235,0.35567415,0.5186366,0.5216265,0.44589004,0.5077356,0.37773988,0.4869429,0.43629476,0.4751921,0.49865156,0.45415992,0.50448984,0.408404,0.41406286,0.44995266,0.4156747,0.43902293,0.44374204,0.42364806,0.50278383,0.44820306,0.40984574,0.30227086,0.4036674,0.35679734,0.33596593,0.29621232,0.42823613,0.43659523,0.39360473,0.44474643,0.44707826,0.44837832,0.40613365,0.42485315,0.4481789,0.4511746,0.50438374,0.47423434,0.4755629,0.48924515,0.49147308,0.4697942,0.44952267,0.3973481,0.50189334,0.47278792,0.50305885,0.47303987,0.4374856,0.5663819,0.52611786,0.5010182,0.4336956,0.44974047,0.54272723,0.45091966,0.4781929,0.47783422,0.42417255,0.41673106,0.38922846,0.45451653,0.4430238,0.50881547,0.5140615,0.48349103,0.43706265,0.4924012,0.45151204,0.5138851,0.409816,0.35619134,0.3645722,0.37679628,0.4369857,0.4384403,0.44099423,0.36814454,0.35716707,0.3928008,0.4336679,0.4331694,0.3542368,0.463637,0.5056424,0.46131307,0.4903323,0.5022808,0.45765564,0.49580312,0.42982662,0.3863299,0.31907505,0.4546879,0.4618057,0.45743802,0.4088748,0.44254524,0.42118895,0.3586704,0.3934041,0.44141638,0.39471868,0.4956283,0.48280153,0.4476539,0.46584693,0.44533113,0.42195234,0.45973188,0.4521649,0.48112893,0.3699554,0.33044976,0.48806277,0.40921667,0.4860805,0.39261594,0.3915811,0.39972135,0.41456342,0.36538824,0.43101433,0.41726446,0.4087722,0.45815843,0.41679534,0.35398263,0.3922839,0.35686138,0.4090686,0.4477485,0.35276407,0.34627014,0.43097383,0.39170533,0.5320532,0.4080625,0.4169654,0.47380158,0.4466021,0.49967292,0.4404403,0.4059222,0.5399075,0.42302096,0.4872298,0.48938563,0.34689206,0.3390797,0.38733396,0.52415526,0.4054971,0.4149647,0.49495313,0.4791856,0.4687627,0.4524816,0.48473775,0.4825797,0.43556765,0.4467509,0.45988178,0.44987366,0.4455923,0.45345944,0.44344884,0.46375105,0.46995124,0.45376945,0.45770466,0.47141555,0.44200772,0.44788545,0.44371304
242,0.43999588,0.4231358,0.40879077,0.42759314,0.43938357,0.4397105,0.42202368,0.40834028,0.38972783,0.48049688,0.46579313,0.45211497,0.41207543,0.46681616,0.46285555,0.37476093,0.38727027,0.44540697,0.40684983,0.43484774,0.45419472,0.46214136,0.42783365,0.35963127,0.48143676,0.41857964,0.4943315,0.49000207,0.39484254,0.3383293,0.37132844,0.39590362,0.321162,0.37046722,0.39500982,0.4269797,0.42436942,0.45082086,0.41813818,0.43570194,0.40155968,0.40768546,0.47431424,0.4774446,0.43830863,0.41614422,0.40449023,0.41359192,0.39170462,0.40890965,0.39892063,0.4125727,0.39797992,0.43871453,0.45288217,0.44671196,0.43524268,0.4448807,0.43821374,0.48746994,0.4611055,0.4457583,0.41397423,0.44685152,0.3863365,0.42588997,0.33942407,0.36929402,0.42488018,0.34994182,0.40493748,0.36309648,0.37249485,0.4604436,0.46193382,0.45332006,0.34667808,0.51913136,0.4994361,0.43635958,0.4605492,0.49775115,0.45436832,0.53183186,0.41746664,0.5034819,0.37836576,0.39656246,0.43174213,0.42067948,0.5036452,0.48646465,0.4387447,0.47700423,0.4344332,0.43292823,0.36411968,0.37654176,0.43602395,0.39769313,0.42574063,0.37564135,0.3589823,0.3843145,0.4351954,0.43249646,0.40038237,0.516504,0.51519614,0.46367198,0.5321826,0.5056813,0.49431846,0.49152884,0.46654916,0.41440424,0.3950149,0.4000889,0.42470756,0.41433442,0.39352897,0.4417031,0.44846535,0.35980502,0.41957766,0.40550068,0.41543397,0.43800688,0.45479482,0.37977967,0.4241158,0.34855646,0.37610912,0.40530232,0.45589107,0.4701659,0.46500942,0.4085456,0.5126301,0.51639014,0.44682887,0.4178945,0.4058372,0.43974143,0.39482343,0.41396028,0.4514403,0.5315524,0.37540856,0.35470426,0.30582303,0.40394187,0.4016253,0.4159293,0.3839632,0.4124243,0.397992,0.39757726,0.40843937,0.40364385,0.44074565,0.39376032,0.4216536,0.4162645,0.36083508,0.4797182,0.44440982,0.37140176,0.53832847,0.44851717,0.42867818,0.45156446,0.3589167,0.34927157,0.3968209,0.37156004,0.34456983,0.4594863,0.4964843,0.50673485,0.4335281,0.40482938,0.40880558,0.4226332,0.44979513,0.42887583,0.4086757,0.42059076,0.40363804,0.46987852,0.50847185,0.50841254,0.40932906,0.47355294,0.47849452,0.38746315,0.3787713,0.43388915,0.39869288,0.4280627,0.42732123,0.4534826,0.41966876,0.35552877,0.537639,0.5106484,0.46515912,0.48976445,0.4043893,0.39719668,0.3863303,0.4316977,0.3857964,0.37649193,0.4001141,0.4259259,0.41830215,0.47848016,0.41795805,0.44419116,0.4437554,0.4217882,0.48682317,0.48988143,0.43661186,0.4007139,0.4117087,0.3923009,0.37003654,0.38681808,0.41806892,0.42497426,0.39518088,0.4481943,0.451095,0.41975784,0.42584032,0.43980646,0.4420346,0.45423934,0.4716738,0.4717477,0.48024052,0.47734016,0.3877735,0.4492066,0.39561,0.39749843,0.44657895,0.4107366,0.4513556,0.39279798,0.44704986,0.5904554,0.508553,0.42683643,0.41367605,0.49909815,0.5476123,0.474061,0.47053656,0.52464855,0.48614186,0.4786648,0.46071145,0.5057895,0.43273422,0.4184843,0.47518864,0.4595711,0.4911208,0.49644288,0.45005667,0.5070886,0.43906614,0.41494653,0.40209034,0.41705763,0.42432225,0.39255968,0.43146285,0.37118056,0.35268807,0.39918274,0.4225427,0.4147014,0.3754817,0.50570774,0.5294241,0.45646724,0.5281115,0.50253105,0.45999745,0.50618905,0.43561542,0.38951764,0.38411832,0.4372067,0.44009027,0.4244509,0.40258604,0.44256312,0.45111918,0.36177248,0.40533754,0.40643078,0.38634056,0.48181328,0.48424137,0.4268536,0.43577084,0.36656025,0.42788777,0.43467462,0.42447266,0.44791612,0.46350715,0.38027638,0.50273466,0.47454903,0.46269906,0.4097515,0.39565155,0.4797407,0.41645682,0.41108322,0.4316834,0.4947014,0.43794405,0.38491505,0.34964392,0.39656112,0.40692875,0.3888265,0.35508105,0.4207863,0.38258603,0.3815055,0.41278517,0.39751205,0.47721285,0.40628126,0.41363192,0.42391843,0.36614323,0.51497406,0.4559714,0.38186994,0.5403905,0.43235096,0.46691307,0.508337,0.35464546,0.34502146,0.3867227,0.47431618,0.38484055,0.4162571,0.505971,0.48507535,0.48066336,0.45967856,0.47392464,0.46636662,0.43925926,0.45569468,0.45462552,0.44474474,0.443885,0.45491955,0.4222643,0.4390473,0.47193316,0.46031377,0.46222928,0.47117737,0.4436482,0.44863385,0.44474512
243,0.43302697,0.43430504,0.41896108,0.4223256,0.4358178,0.4622178,0.45278275,0.41041553,0.39758095,0.52322775,0.53595406,0.44173324,0.43337134,0.44077757,0.4629451,0.44921067,0.51436025,0.42005232,0.45629945,0.46157897,0.44791257,0.4645554,0.4094937,0.3706896,0.47595954,0.40343344,0.49207088,0.49362093,0.4533733,0.25987732,0.33521405,0.35462105,0.22078398,0.29086646,0.29269087,0.4388358,0.4337705,0.46921852,0.41733128,0.44138837,0.40561908,0.4049225,0.48707193,0.5063646,0.4758267,0.52980274,0.4145012,0.47100872,0.45120448,0.5392503,0.39199397,0.39724866,0.40714222,0.43536684,0.44832063,0.4143432,0.45006952,0.4803707,0.44647014,0.48403025,0.43506896,0.42415574,0.4322581,0.4265034,0.30401635,0.41087714,0.3129813,0.36798963,0.3758072,0.31313384,0.37310094,0.34128028,0.40132895,0.46396825,0.44559124,0.41164115,0.34123465,0.59401673,0.53405005,0.56012255,0.4437904,0.5730589,0.53661436,0.5754311,0.4701187,0.5310209,0.34105888,0.32136598,0.44006708,0.3913802,0.55444086,0.5109892,0.4371419,0.4600088,0.51279485,0.5112216,0.41520166,0.3936365,0.41890207,0.3581861,0.4095025,0.37845716,0.3709412,0.39389837,0.42975673,0.42877972,0.43298894,0.53254724,0.5276408,0.4653226,0.5558057,0.4906064,0.47311965,0.49813125,0.45853475,0.4502835,0.49128553,0.3874879,0.39653817,0.39565676,0.3924523,0.45384884,0.47229612,0.3653088,0.43425748,0.3867556,0.4440011,0.41702467,0.45384026,0.36301875,0.3948879,0.306828,0.40569192,0.40384606,0.43755168,0.50584614,0.54706407,0.4792701,0.52623904,0.5623998,0.41272178,0.4543386,0.45051387,0.53011227,0.42323402,0.5161942,0.43929663,0.6012903,0.39072898,0.30666918,0.2629837,0.4547439,0.40397635,0.48184693,0.38070825,0.41574836,0.43537062,0.45450598,0.41761348,0.43050727,0.35396868,0.40778607,0.45701748,0.37722552,0.30283406,0.5091571,0.46186498,0.34558713,0.55596584,0.47603798,0.47606823,0.47418535,0.36377496,0.36041623,0.40553984,0.31436604,0.34507474,0.47701302,0.51172775,0.5168981,0.42489445,0.40792146,0.41810983,0.4227701,0.4423603,0.43613216,0.41161966,0.42010766,0.40431866,0.48675928,0.58376145,0.50343585,0.42620414,0.436743,0.47630796,0.4481546,0.4845822,0.39021704,0.43267578,0.44593585,0.40230227,0.45458442,0.3947087,0.36724678,0.5442699,0.4899126,0.48689505,0.4662255,0.44609517,0.31956992,0.3463995,0.37676993,0.28197372,0.30425757,0.2956765,0.44639513,0.42778215,0.5014493,0.4258379,0.44487843,0.44521895,0.4222523,0.46912217,0.5292934,0.47487155,0.5266705,0.4202937,0.44283587,0.4267781,0.5081565,0.4085466,0.41074502,0.39880157,0.44229847,0.45256948,0.39100024,0.4506943,0.4609105,0.43646055,0.4576118,0.43112978,0.45882407,0.48535985,0.45441213,0.30084696,0.43396062,0.34501973,0.40074736,0.39017305,0.35590398,0.39430958,0.32505244,0.4567658,0.59732807,0.48099232,0.36418596,0.3977729,0.5492947,0.55610245,0.51005626,0.46534118,0.5673832,0.54612964,0.5340205,0.5270797,0.5415869,0.41444054,0.34259242,0.42998368,0.43740568,0.53414303,0.49613607,0.44786242,0.49089804,0.4839452,0.4907305,0.4460674,0.45601186,0.41023254,0.34726942,0.41710976,0.38262007,0.35809267,0.41110528,0.4151297,0.3947775,0.40053836,0.5417893,0.5378381,0.44959903,0.5565622,0.48894086,0.458494,0.50548047,0.43797678,0.39863625,0.4700663,0.42597967,0.4186367,0.39488962,0.40411407,0.44507614,0.47529048,0.3721195,0.41425365,0.3798539,0.39434138,0.45815155,0.47600728,0.39960793,0.40732786,0.30646697,0.4425794,0.41444087,0.40407443,0.42137504,0.5595916,0.45373267,0.5088073,0.54389197,0.44468826,0.43469557,0.41881517,0.5611156,0.42688966,0.48135564,0.4315344,0.5708,0.4636524,0.32039863,0.29488495,0.4471833,0.42612553,0.4311618,0.3232663,0.3959521,0.42109793,0.43652666,0.39755064,0.41073257,0.39944795,0.4040974,0.42047706,0.38079488,0.30886418,0.5192788,0.47230068,0.36211452,0.5341245,0.4342818,0.44805455,0.51881397,0.3699931,0.36098832,0.3909463,0.4215875,0.37267178,0.42160952,0.51100826,0.48026896,0.4901694,0.46439806,0.46054348,0.44958934,0.44560403,0.4656323,0.44798955,0.43914494,0.44296765,0.455357,0.40669093,0.41677347,0.4699625,0.46704233,0.46458107,0.46829805,0.4469499,0.44927377,0.44722232
244,0.42804214,0.44839856,0.43062598,0.4211052,0.43514568,0.48829156,0.48838645,0.41646507,0.41448003,0.5627449,0.6036551,0.4338278,0.45489112,0.40160304,0.44011113,0.52673006,0.64040387,0.40290257,0.5130601,0.49708498,0.4502938,0.46926755,0.39928824,0.39206877,0.46538988,0.39524937,0.48400015,0.49209392,0.5076013,0.2058702,0.30869988,0.31408533,0.15658844,0.22592373,0.21098119,0.4537184,0.44807974,0.4851355,0.42686236,0.4499892,0.41701946,0.41179782,0.49501318,0.5272305,0.517299,0.6370728,0.42534474,0.5297017,0.5180168,0.6577817,0.39058965,0.3836937,0.42064658,0.42648238,0.44538528,0.38000304,0.464251,0.51214004,0.45320642,0.47303033,0.4055094,0.39849594,0.44854432,0.3986135,0.24474004,0.402715,0.29880834,0.37079966,0.3375349,0.29081708,0.3457783,0.3266027,0.4277152,0.46536323,0.43206814,0.3794446,0.345428,0.6495212,0.5574707,0.6667085,0.42411506,0.630918,0.6016634,0.59890634,0.51271665,0.5406776,0.3125088,0.26926583,0.44730368,0.36606672,0.58516383,0.5260812,0.43656495,0.43974265,0.58570075,0.5836989,0.46365204,0.40822908,0.4047725,0.32943115,0.39739665,0.3922566,0.39447495,0.41208863,0.4306551,0.4278066,0.46903256,0.53139263,0.5256302,0.4678554,0.5641703,0.466935,0.4465184,0.49323723,0.4446727,0.4832205,0.58151245,0.38267142,0.37281695,0.38529623,0.3966383,0.4665997,0.4892099,0.3817914,0.45032892,0.37800312,0.47939435,0.3964303,0.4501355,0.34874335,0.3716775,0.2805993,0.43635875,0.40548542,0.42484945,0.53978235,0.6186209,0.55522233,0.53097606,0.5994277,0.38979983,0.49240085,0.5017484,0.59962153,0.43949023,0.61596996,0.42382392,0.65013653,0.3987956,0.27335176,0.23369455,0.50583804,0.41152364,0.54913044,0.38921067,0.42782134,0.4798013,0.52356845,0.43594223,0.46405247,0.2761819,0.41621166,0.49853498,0.35036245,0.26711714,0.52930975,0.48083308,0.33155382,0.5612004,0.48655605,0.5209469,0.49342453,0.38081494,0.38433975,0.42022234,0.27221873,0.3509738,0.49347702,0.51193714,0.51261383,0.41856718,0.41692063,0.42842707,0.42630613,0.43708542,0.44945344,0.42243662,0.42220104,0.41254207,0.502338,0.647891,0.49190712,0.44381174,0.38722727,0.45471907,0.5118976,0.5983906,0.3607451,0.47568154,0.47635263,0.38997084,0.46043783,0.3771903,0.3914862,0.53835315,0.46382916,0.5075141,0.44274,0.4922528,0.26252204,0.3191242,0.32097763,0.20388193,0.24627444,0.2123799,0.47219,0.44492856,0.5183673,0.44372317,0.44384536,0.44969955,0.4297451,0.44656152,0.55821615,0.5195268,0.6459249,0.4295968,0.49724922,0.49541414,0.6289203,0.4046849,0.39680403,0.40765017,0.42985874,0.454801,0.3617221,0.47809717,0.4855275,0.43272635,0.45750466,0.3882238,0.43721855,0.48558515,0.420765,0.23765327,0.42427865,0.3050375,0.4036938,0.34142447,0.31627157,0.34500417,0.27552465,0.46287936,0.5861109,0.4477052,0.32267118,0.38782865,0.58973426,0.56116706,0.5453682,0.46147877,0.60244656,0.5934766,0.5720003,0.5758126,0.55579674,0.39394218,0.2866848,0.38583326,0.4171436,0.5615041,0.49307093,0.44388923,0.46944246,0.5305076,0.56725127,0.48681232,0.48871642,0.3980569,0.3113748,0.4041577,0.40428624,0.3778751,0.43108428,0.41524038,0.37928346,0.42954534,0.56168544,0.5292057,0.44160292,0.56875074,0.46335784,0.45030004,0.4931891,0.4358785,0.4119483,0.5588359,0.4203375,0.4004446,0.3721512,0.41240135,0.44954237,0.4920134,0.39281365,0.42375404,0.36434343,0.41809013,0.43004873,0.46148214,0.37088057,0.38379574,0.2656978,0.45990962,0.39929423,0.39293683,0.40656704,0.6409043,0.5399329,0.50775975,0.6058058,0.43513757,0.46393007,0.45740205,0.6269101,0.43640107,0.5592766,0.42846096,0.6330319,0.4808215,0.2714371,0.25418258,0.49965,0.44820872,0.47932488,0.31240785,0.38229802,0.46573114,0.5047964,0.3910664,0.43215343,0.31529012,0.39976546,0.43763122,0.34827137,0.27407575,0.5144104,0.49022576,0.352275,0.51948065,0.42676425,0.43433708,0.5176374,0.3947174,0.38959223,0.4041714,0.37132585,0.3668911,0.43290603,0.5060466,0.46580574,0.49544108,0.46754697,0.4466455,0.43522313,0.45186067,0.47390866,0.43989623,0.43287528,0.44303215,0.4555112,0.39749244,0.39841965,0.46508893,0.47319826,0.4641863,0.46342468,0.45052257,0.44974995,0.4505613
245,0.42214522,0.46367595,0.44223112,0.4213035,0.43366674,0.507115,0.51545566,0.4287839,0.44038025,0.58356863,0.64560163,0.42482427,0.47563425,0.35975108,0.40188375,0.5918818,0.7310251,0.39306906,0.5618406,0.5311855,0.45687908,0.46870235,0.398297,0.41948074,0.44974703,0.3904303,0.46898714,0.4839151,0.54153734,0.17561267,0.29357803,0.28513774,0.124468036,0.18490931,0.16186637,0.47510448,0.46503437,0.4966116,0.44792345,0.46277902,0.4351828,0.42952237,0.49053317,0.5356617,0.5515229,0.709503,0.44065925,0.57601875,0.575404,0.7348939,0.39873192,0.37901792,0.4392502,0.42067888,0.44776893,0.35083553,0.47615093,0.5310548,0.4571626,0.45193803,0.3779865,0.37293443,0.4565832,0.36997214,0.20896289,0.40137824,0.29849136,0.37621647,0.31467968,0.28486827,0.32921883,0.3211954,0.44566292,0.46245345,0.4204139,0.36090502,0.35829818,0.67849344,0.5636212,0.73084766,0.3984478,0.6632246,0.6358231,0.60210955,0.53758174,0.5299833,0.2966823,0.24097236,0.44836888,0.34942976,0.5959872,0.52977526,0.43679273,0.4189969,0.6315369,0.6351484,0.4960666,0.41589874,0.3965228,0.31546965,0.39481094,0.41411808,0.42620394,0.43507573,0.43811476,0.43224892,0.5019522,0.5120685,0.51125777,0.4691264,0.5504553,0.43914768,0.41946405,0.48040625,0.43082717,0.5122183,0.64658564,0.38531578,0.35693812,0.3819081,0.40332,0.4777556,0.49604976,0.40516502,0.46370834,0.37566638,0.5101317,0.37748903,0.4429004,0.33964512,0.3569366,0.2694423,0.45950726,0.41174987,0.41681182,0.56610817,0.66944534,0.6155585,0.52354735,0.62088,0.3765438,0.52106774,0.54362905,0.63615036,0.439063,0.6836404,0.40936393,0.67524153,0.40088102,0.25703776,0.21977408,0.5482141,0.4216107,0.6019591,0.40121937,0.44729623,0.5262563,0.58525807,0.45968798,0.49588355,0.2215839,0.41822872,0.5340643,0.33667278,0.24900612,0.53959197,0.5000867,0.33222532,0.54858416,0.4787393,0.5539229,0.5058905,0.40763047,0.41533512,0.43858752,0.24629995,0.36124328,0.50659686,0.49347842,0.4948988,0.41271812,0.4309844,0.43798018,0.43075222,0.43092003,0.4604998,0.43342352,0.43114877,0.43107587,0.50717217,0.6865218,0.47458827,0.4620083,0.33875224,0.41919196,0.5673521,0.68518764,0.34462336,0.51531285,0.50836897,0.3887279,0.45912176,0.3698839,0.4221492,0.52109563,0.43612164,0.51843786,0.41964525,0.5271666,0.22835658,0.30330226,0.27861872,0.15836751,0.20959175,0.16261053,0.502491,0.46693206,0.5275898,0.47170907,0.4464024,0.45758992,0.44665068,0.4199969,0.570251,0.5577991,0.72667706,0.44363466,0.54233116,0.5581605,0.7126246,0.41119623,0.39049035,0.424305,0.4215846,0.46095797,0.34007847,0.50322944,0.5063658,0.4307698,0.45187843,0.35112375,0.41232955,0.4768228,0.38264784,0.1998288,0.4176691,0.28082114,0.40504202,0.3082654,0.29566664,0.3142834,0.24740136,0.46406376,0.5581534,0.41361302,0.30418152,0.38647035,0.61206293,0.5504483,0.56266475,0.4536816,0.6242629,0.618855,0.588201,0.6019784,0.54875284,0.37755686,0.2529636,0.3506739,0.40110537,0.5729398,0.48758107,0.43920544,0.4474288,0.55806345,0.62552893,0.5136254,0.51146686,0.39225227,0.29252952,0.40014783,0.43290374,0.40892938,0.45664924,0.42242318,0.37378484,0.45776153,0.56067383,0.5084946,0.433685,0.5607225,0.43256652,0.43691894,0.47447544,0.43382543,0.4302424,0.62937033,0.41894516,0.3881275,0.3581785,0.42284855,0.45465946,0.49866188,0.41916117,0.43426403,0.35820884,0.44639498,0.40191948,0.44240284,0.3479041,0.36787912,0.24402063,0.47205913,0.3903812,0.38992566,0.39909008,0.6951322,0.613666,0.4986108,0.64783865,0.42983577,0.4871045,0.49550125,0.66414285,0.43446615,0.6151732,0.425496,0.6723171,0.48769706,0.24255712,0.22945385,0.5453125,0.4683106,0.5217654,0.31573227,0.3809566,0.51145154,0.566303,0.39300802,0.4552009,0.24852219,0.39175192,0.4568242,0.32936275,0.2580837,0.50427693,0.5065938,0.3555308,0.49489868,0.41242832,0.42991874,0.5058622,0.42431366,0.4252082,0.42327213,0.3289345,0.3674897,0.4476221,0.4875367,0.44486013,0.4944616,0.4688168,0.43539697,0.42583418,0.45608822,0.47890675,0.43262374,0.42779395,0.44421682,0.45541146,0.39376733,0.38540238,0.4596149,0.4782071,0.46150365,0.45787272,0.4532896,0.45077726,0.45359078
246,0.41780606,0.47678643,0.45418078,0.42427534,0.43243608,0.5132077,0.5272167,0.44480118,0.4684424,0.5802871,0.6500565,0.4149355,0.49867192,0.3241701,0.35831565,0.6383013,0.7778207,0.3878605,0.5924677,0.55414724,0.4614535,0.45917434,0.40281084,0.44455892,0.43340382,0.38729742,0.45034122,0.46943468,0.5464544,0.16401865,0.2859228,0.27481577,0.11526603,0.16782208,0.1426653,0.50056434,0.48183197,0.50240064,0.4770534,0.47675505,0.45404026,0.4555803,0.47242707,0.53234375,0.57248753,0.74041665,0.46060166,0.60393554,0.6158,0.7668952,0.41437203,0.3853928,0.45865613,0.4219777,0.4547169,0.3318846,0.48550737,0.53482306,0.45989498,0.42580682,0.36026973,0.35452017,0.45385596,0.34712943,0.19185123,0.40505907,0.31214783,0.3795686,0.31009394,0.2953708,0.32609808,0.3261483,0.45114633,0.45690998,0.41423786,0.3589905,0.37657127,0.6825177,0.55298424,0.74878347,0.36843267,0.66849214,0.6343314,0.59209955,0.54174083,0.5034217,0.2935151,0.2335466,0.43887857,0.34375986,0.5918453,0.5237078,0.43790087,0.4048871,0.64146745,0.6585377,0.50362337,0.41426793,0.3933501,0.31414926,0.4005734,0.43662277,0.45774922,0.45629945,0.4480334,0.44095796,0.5217941,0.4821622,0.4922345,0.46944234,0.51781535,0.41497025,0.39822623,0.4652469,0.41961843,0.53451896,0.6792486,0.3930177,0.34993586,0.38185132,0.41140378,0.48588,0.49246204,0.4268913,0.4695672,0.3763329,0.5257592,0.3620632,0.43444005,0.33945325,0.3529269,0.27422956,0.46955523,0.4226493,0.41163206,0.5793875,0.69510645,0.64717233,0.50592107,0.6238236,0.3681931,0.53188866,0.56289303,0.63875854,0.4232277,0.70829475,0.399325,0.6803861,0.40070176,0.2574781,0.21844047,0.5793182,0.43244874,0.6317609,0.4078498,0.4684893,0.5653764,0.62482756,0.48259938,0.51919925,0.19373524,0.41349533,0.5540739,0.33336607,0.24319306,0.54068565,0.51795065,0.34342968,0.52173835,0.45414758,0.5697746,0.510799,0.43437797,0.44308764,0.45395628,0.2361402,0.37472782,0.51521575,0.4614468,0.47233286,0.40944278,0.44470593,0.44807598,0.43681502,0.4249177,0.46405947,0.43909675,0.44612586,0.4559038,0.49849707,0.69547707,0.45741507,0.48323762,0.3015934,0.37734908,0.6101447,0.7301643,0.33742177,0.5421163,0.53005856,0.39383587,0.4442809,0.37077084,0.4504149,0.49904624,0.41480663,0.51588404,0.39805365,0.54076356,0.21365844,0.2930359,0.25870138,0.14007142,0.19382355,0.14379053,0.53227234,0.48897564,0.52937365,0.5043579,0.45426932,0.4675749,0.47127625,0.39475647,0.5658431,0.5816707,0.76359653,0.46371382,0.5713926,0.6045762,0.7489769,0.42605287,0.39514866,0.44532064,0.42271796,0.47020042,0.33100545,0.52180445,0.51747847,0.4317924,0.4432877,0.32784382,0.3915911,0.46026433,0.34862015,0.18332495,0.41011834,0.27389812,0.40370977,0.29694304,0.2938084,0.3049331,0.24012515,0.46161306,0.525113,0.38912278,0.30783278,0.394565,0.6138219,0.517548,0.5504201,0.43709415,0.6295321,0.61935407,0.58662826,0.6072695,0.5282152,0.3722734,0.24048868,0.32916033,0.3905071,0.5739069,0.47845152,0.4352943,0.43193775,0.5535904,0.6552935,0.5196491,0.523267,0.39413238,0.2900176,0.4055122,0.4613411,0.4429649,0.48081967,0.43249753,0.3788472,0.47771803,0.5431966,0.48525417,0.42770103,0.53523266,0.40757295,0.4234853,0.4567837,0.43206516,0.45046964,0.66951185,0.42041928,0.3836093,0.35189694,0.43172178,0.45893288,0.4963764,0.44198126,0.44303796,0.35739207,0.46521625,0.37831217,0.42481503,0.3386994,0.3629327,0.24015848,0.47359633,0.38973746,0.3921789,0.39212018,0.72005916,0.65597504,0.48415896,0.66576284,0.42450154,0.4964806,0.5175631,0.6693875,0.41481227,0.6310672,0.4246717,0.6881647,0.486158,0.23407203,0.2188233,0.5805573,0.48457557,0.54895115,0.3231416,0.38871208,0.55036485,0.6056902,0.4011896,0.47222635,0.21197374,0.37953937,0.4689457,0.32312807,0.2554027,0.49263567,0.5186849,0.36831534,0.46462288,0.39533204,0.4364646,0.49038744,0.44977954,0.4567624,0.43991584,0.29950535,0.3745731,0.46162596,0.45927197,0.42598647,0.4876296,0.46866283,0.42877057,0.42191482,0.45960066,0.48232588,0.42923582,0.42635155,0.44720972,0.4554073,0.39288235,0.37830454,0.4555764,0.48214957,0.4585789,0.45418587,0.45593446,0.45422858,0.4561183
247,0.4175719,0.48517805,0.466487,0.43110865,0.43411794,0.5090032,0.52669513,0.46041107,0.4915748,0.5573488,0.6182029,0.40646222,0.5230794,0.30023703,0.3186726,0.6638733,0.7882592,0.38663116,0.60254186,0.5620941,0.46251893,0.44323018,0.4094232,0.462398,0.4216453,0.38654587,0.43346804,0.45342523,0.52340966,0.16569595,0.2821581,0.2830153,0.1218594,0.16921042,0.14595734,0.52438307,0.49660406,0.5026444,0.50835973,0.48865503,0.4685107,0.48487574,0.44536185,0.5207346,0.5796276,0.735366,0.4808651,0.6120625,0.6367754,0.76019007,0.43177778,0.39977428,0.47384924,0.4292335,0.4638825,0.3212197,0.49157527,0.52612716,0.46318176,0.40251914,0.35667816,0.34705085,0.4389271,0.33357,0.18853211,0.41077733,0.3349229,0.37669602,0.3226305,0.31769088,0.33398405,0.33755633,0.44003898,0.4515903,0.41596532,0.3720276,0.39342377,0.66411656,0.5273925,0.7246331,0.33698508,0.6478898,0.5977189,0.575981,0.52496564,0.46939716,0.29953542,0.24280545,0.4183426,0.3475457,0.57741517,0.50965846,0.43924078,0.40311524,0.61670786,0.6540182,0.4844764,0.40492526,0.39287224,0.32071742,0.41214177,0.45399278,0.48316032,0.4724123,0.45709613,0.44926262,0.525778,0.4506771,0.475095,0.4700649,0.47602868,0.40105745,0.38635355,0.45035675,0.4098442,0.54368675,0.6787228,0.4020221,0.35125232,0.38266522,0.42050153,0.49025512,0.48232833,0.44249043,0.46797207,0.3791514,0.52477354,0.35243854,0.42812008,0.3471192,0.3596734,0.29314268,0.46269813,0.43434888,0.40809646,0.5772575,0.6953285,0.6495751,0.48431125,0.6104894,0.3622295,0.52592045,0.5565058,0.6099114,0.394349,0.6930031,0.39114434,0.6690957,0.397286,0.27024773,0.22328037,0.5994376,0.4436281,0.6403142,0.40629545,0.48663938,0.58896065,0.6394692,0.49973157,0.53422904,0.18860178,0.4019118,0.55771506,0.33703485,0.24482474,0.5346284,0.53266275,0.35880002,0.48846906,0.41642994,0.5643456,0.5101427,0.4545513,0.46214214,0.4637232,0.23960775,0.38632348,0.5201552,0.42621124,0.45517868,0.41034627,0.45399716,0.45973626,0.44502258,0.42194274,0.46139675,0.44047654,0.46327385,0.48042887,0.47957376,0.6776,0.44647107,0.5057077,0.2796745,0.33798522,0.6379257,0.7364387,0.3371981,0.5520202,0.5368421,0.4034121,0.4198131,0.37799203,0.4720854,0.480075,0.4069281,0.5042133,0.38333103,0.53219974,0.21369101,0.28465986,0.26167065,0.14164321,0.19427922,0.14887866,0.5561783,0.5079828,0.5254611,0.5354989,0.46609488,0.47813812,0.49889156,0.37542275,0.5502657,0.59110624,0.7640435,0.4854867,0.581883,0.630746,0.74395293,0.4429411,0.40786117,0.46483934,0.43123972,0.48058224,0.33151472,0.53178644,0.51718813,0.4367322,0.43531847,0.32228863,0.37934873,0.43888897,0.32587877,0.18331327,0.39878878,0.28164366,0.3979686,0.3082902,0.3064469,0.3121857,0.25076845,0.45477763,0.50091755,0.38258752,0.33045235,0.40782025,0.59557945,0.46691686,0.50798154,0.41101664,0.61729246,0.59614563,0.5730238,0.59401834,0.502516,0.38081712,0.24599126,0.32067993,0.38506532,0.56919247,0.46482998,0.43293,0.42822227,0.5164601,0.65593517,0.50367635,0.5248062,0.40069297,0.2985454,0.41706598,0.48319605,0.47413495,0.49944344,0.44202083,0.39072922,0.48708504,0.5174637,0.46577242,0.42463738,0.4991819,0.3958632,0.4139715,0.44327953,0.42695698,0.4650354,0.67652875,0.42388883,0.387412,0.35194278,0.43858534,0.46189266,0.48973006,0.45813733,0.4487782,0.35964328,0.46940687,0.36434287,0.41552442,0.34529218,0.37004265,0.25131238,0.46219447,0.3966198,0.39712304,0.38348296,0.7176428,0.6639399,0.4698274,0.66193914,0.419756,0.4930649,0.5191684,0.64420795,0.3784952,0.6059062,0.42237952,0.6833209,0.47688904,0.24211778,0.21772568,0.60439193,0.49785748,0.55911475,0.3286174,0.40257573,0.5748526,0.6205584,0.41391146,0.48121902,0.20433661,0.36487767,0.4715943,0.32622996,0.26158035,0.48246858,0.5264725,0.38467333,0.4357272,0.37727246,0.44858906,0.4783918,0.46741295,0.47891194,0.45052937,0.28633824,0.38459638,0.47277135,0.4303169,0.4171113,0.47884288,0.46955204,0.4269041,0.42270136,0.46375915,0.48596525,0.4301582,0.428508,0.45214373,0.45659584,0.39325437,0.37718514,0.4539858,0.48515975,0.45800745,0.4545262,0.45896062,0.46052974,0.4584138
248,0.42043245,0.4860738,0.47554013,0.439253,0.43834838,0.49799415,0.5178621,0.47337836,0.5069616,0.52044564,0.556773,0.40149978,0.5401765,0.29120594,0.29090703,0.66302747,0.7651498,0.38997453,0.5900971,0.55375904,0.46057898,0.42593342,0.41623586,0.47285333,0.417331,0.3896604,0.42225185,0.44079614,0.48080695,0.17889994,0.2832375,0.3068838,0.14243904,0.18629368,0.16863798,0.54207146,0.50740886,0.49771476,0.5361861,0.49684265,0.47751755,0.5105889,0.4155214,0.50292015,0.5720189,0.69729245,0.49539894,0.59732413,0.6334551,0.71684587,0.44653103,0.41755292,0.4830419,0.43967557,0.47275817,0.31441605,0.49240264,0.5084961,0.4665523,0.38659438,0.36748293,0.35142332,0.41414544,0.33182156,0.19856915,0.41724023,0.3596353,0.36936453,0.34789324,0.34485364,0.3494806,0.35118532,0.41415092,0.44801554,0.42388535,0.39364448,0.40335923,0.62332237,0.49032995,0.66181666,0.30910137,0.6041499,0.5322778,0.55596787,0.49230278,0.43678626,0.31238005,0.2656733,0.39159986,0.35892713,0.555966,0.49011984,0.44013837,0.41406474,0.5621034,0.6229806,0.44556615,0.39369872,0.39327875,0.3324065,0.428384,0.4642056,0.4999689,0.4827989,0.46258792,0.45292306,0.51796424,0.42226645,0.46155232,0.47056833,0.4356154,0.40096524,0.38272592,0.43457383,0.39931518,0.53284854,0.64416385,0.4097106,0.36007115,0.3840939,0.42837307,0.4902821,0.47034886,0.4525915,0.4626378,0.38342068,0.5103986,0.35027498,0.42622477,0.35838282,0.37448594,0.32125902,0.4399469,0.44257635,0.4061443,0.56036156,0.6702106,0.62598217,0.46401525,0.58307356,0.35848477,0.5075499,0.5274847,0.55514437,0.35954574,0.6415612,0.3787987,0.64094514,0.38934624,0.28976417,0.23116907,0.60400355,0.4530279,0.6299425,0.39829996,0.49792835,0.59098613,0.6289926,0.5065491,0.5412389,0.20296068,0.38685918,0.5472484,0.34626436,0.25258967,0.5240023,0.54074323,0.37515137,0.45515653,0.37492353,0.53641033,0.50575227,0.4680242,0.47307065,0.46999678,0.25427616,0.391736,0.5217599,0.39772868,0.44972485,0.41411555,0.45759857,0.46956196,0.45288473,0.42269903,0.455267,0.43970147,0.47943428,0.5004149,0.45396507,0.6350273,0.4445265,0.52102613,0.27418357,0.30910128,0.6439208,0.7064308,0.34455156,0.54170173,0.52856237,0.41668627,0.39442688,0.39116988,0.48700994,0.4678817,0.41470927,0.4888947,0.38017577,0.50505114,0.22581354,0.27929088,0.28514177,0.16058184,0.20853087,0.17485468,0.57073414,0.52118534,0.51627356,0.5603738,0.47943768,0.4872521,0.5227394,0.36328197,0.5278903,0.58622247,0.73071355,0.5016666,0.57038236,0.6317762,0.7008263,0.4571853,0.42347527,0.47946674,0.44325182,0.48981163,0.33544037,0.5317926,0.50641197,0.44486308,0.42875427,0.3347073,0.3774302,0.41570696,0.31876445,0.19808243,0.38444167,0.30010062,0.38808882,0.33868253,0.328164,0.33009502,0.27617803,0.44265145,0.49121442,0.39538917,0.36572418,0.4196987,0.5580497,0.41085267,0.4453928,0.3805769,0.5880682,0.5528326,0.55001557,0.5643357,0.47727564,0.40065002,0.26628056,0.3227173,0.3846672,0.560054,0.44817898,0.43260026,0.43699133,0.45648193,0.62837154,0.4706667,0.51763225,0.40722284,0.31437144,0.43236244,0.4951082,0.49990252,0.5112048,0.44784725,0.40474886,0.48838386,0.48832563,0.4507421,0.42431408,0.4605611,0.3988823,0.40785965,0.43142673,0.4156079,0.46680477,0.64947736,0.42829096,0.39813972,0.35766596,0.44319347,0.4633913,0.48246336,0.47039518,0.4527355,0.36387947,0.4610626,0.36331135,0.417787,0.3640508,0.38652876,0.27400827,0.43953598,0.40753978,0.40317267,0.3752107,0.68753165,0.6400815,0.45906445,0.63739204,0.4168681,0.4804614,0.50208473,0.5913485,0.33501667,0.5461961,0.41181195,0.6567836,0.4599086,0.26208374,0.22346033,0.6120599,0.50619006,0.5531211,0.3315584,0.41968095,0.578811,0.61176604,0.42804384,0.48253274,0.22199489,0.3516136,0.46657085,0.33584344,0.27535105,0.47561595,0.529342,0.40097934,0.41334397,0.36020073,0.45784777,0.4729707,0.47928703,0.49297532,0.45696604,0.29005682,0.3923939,0.4803221,0.40943936,0.42116424,0.4722941,0.47368142,0.42906687,0.4266658,0.468329,0.4899015,0.43395716,0.43286863,0.4580755,0.45969024,0.3949621,0.38161057,0.45492703,0.48673958,0.4609983,0.45908466,0.4619463,0.46813372,0.4604016
249,0.42586938,0.47776276,0.47874346,0.44680974,0.44406217,0.48268092,0.5029484,0.48205593,0.5135938,0.4764247,0.477764,0.40184587,0.5441457,0.3001388,0.28207305,0.6316817,0.7043664,0.3976337,0.555556,0.5301841,0.45625362,0.4116701,0.4221584,0.4773073,0.4212385,0.39759225,0.4206264,0.4342202,0.43157244,0.20484304,0.2918289,0.34410924,0.1781509,0.22045165,0.21208388,0.55057657,0.5132066,0.4898011,0.5554876,0.5002633,0.4812169,0.5259349,0.38982737,0.4815399,0.549691,0.62604403,0.49870387,0.5587186,0.6019105,0.6358256,0.45610246,0.43403938,0.48590434,0.4490277,0.47856265,0.31003308,0.48633558,0.48602393,0.4700617,0.38133317,0.39082164,0.368258,0.38750154,0.3435739,0.22304879,0.42376736,0.38140753,0.36309105,0.37938386,0.3710634,0.37088162,0.3659393,0.38391617,0.4468455,0.43387008,0.4158896,0.4053233,0.5627134,0.44967055,0.5682538,0.2906915,0.5437457,0.45416263,0.5339603,0.4552194,0.41449782,0.33127868,0.29831913,0.36788282,0.3773794,0.53220814,0.4687897,0.44044772,0.43451616,0.48826736,0.5677593,0.40128586,0.38821128,0.39536718,0.34896356,0.44671524,0.4679045,0.5071776,0.4871242,0.46315122,0.451293,0.5032521,0.40112206,0.4524836,0.4696403,0.4064719,0.4151631,0.386504,0.41966432,0.38755694,0.4989328,0.5759447,0.41448775,0.37488857,0.38593712,0.43276814,0.4852414,0.45912552,0.45873028,0.45609882,0.38778764,0.4863128,0.35531288,0.4288407,0.37041196,0.39242327,0.35171193,0.40835488,0.44529548,0.40562025,0.5313867,0.62061137,0.5798105,0.4484061,0.54447037,0.35749826,0.4817213,0.48264635,0.4878221,0.3312742,0.5596026,0.36055613,0.5969307,0.3814049,0.3114197,0.24335352,0.5893714,0.4591691,0.6024943,0.38564894,0.50070393,0.56872785,0.594987,0.5015358,0.53954303,0.23705006,0.37570173,0.52526224,0.36046475,0.2663279,0.5109026,0.5399561,0.3918846,0.42770374,0.34386075,0.4925969,0.49766728,0.47584635,0.47809774,0.47449005,0.2772547,0.39232242,0.5207313,0.3842184,0.45886377,0.4204414,0.45561558,0.47492126,0.45900708,0.42720655,0.44783705,0.43813464,0.4918553,0.5133657,0.42626756,0.5719833,0.45174617,0.52386266,0.2866356,0.29719532,0.62381727,0.6400737,0.3596948,0.51175296,0.5079625,0.43233213,0.37550348,0.40939307,0.495874,0.4638983,0.43661532,0.47365767,0.38921198,0.4656714,0.24899986,0.27926353,0.3269428,0.19793317,0.23687048,0.22207516,0.57388824,0.52702576,0.503451,0.5743337,0.491398,0.4929555,0.53666645,0.35956356,0.5026003,0.566547,0.6606052,0.5060473,0.53657526,0.6052164,0.61970484,0.46676672,0.43760282,0.48758176,0.45464996,0.4951744,0.33880174,0.5209294,0.4877289,0.4560176,0.4250115,0.36286592,0.3878075,0.39508078,0.3285445,0.22678386,0.36880067,0.32567096,0.37745363,0.38126808,0.35361663,0.35464588,0.31145516,0.42808378,0.4946764,0.42244396,0.40376765,0.42642957,0.5053559,0.3613889,0.37858665,0.3534645,0.5447248,0.49864525,0.5209234,0.5242029,0.45856965,0.42676312,0.297407,0.33382672,0.3885723,0.54813755,0.4302814,0.4343385,0.4553745,0.39021233,0.57412827,0.4314254,0.50496715,0.41244733,0.3357039,0.44880456,0.49755287,0.518451,0.5149365,0.4484095,0.4180441,0.48389125,0.45994857,0.44021508,0.4264306,0.42792636,0.415149,0.4045723,0.42061815,0.3975138,0.45297658,0.5876357,0.4311836,0.4127641,0.36736783,0.44453895,0.46205935,0.47533238,0.4804558,0.45516792,0.36895445,0.44415614,0.3737502,0.43034402,0.3899268,0.40684506,0.3029843,0.41092935,0.41868556,0.40847367,0.36931053,0.62859493,0.58732074,0.45250514,0.5921372,0.41546363,0.46194422,0.47019607,0.5189575,0.29737917,0.46493468,0.39128858,0.6078385,0.4393673,0.29010165,0.23614742,0.60030687,0.5074448,0.5330793,0.33267155,0.43809116,0.5593223,0.5820172,0.4414026,0.4778492,0.26401255,0.34430912,0.45630544,0.34987268,0.29590178,0.47214076,0.5264411,0.41574317,0.39989734,0.34936568,0.4589642,0.4733637,0.48710418,0.500647,0.4604873,0.30826998,0.39601138,0.4839112,0.40313524,0.4382238,0.46990633,0.48105994,0.43330267,0.4309915,0.47294658,0.4937031,0.43953085,0.43863866,0.4638215,0.46420482,0.39764595,0.38989034,0.45794758,0.48657683,0.4670946,0.46683487,0.46489325,0.47558188,0.46215078
250,0.43668315,0.4609737,0.47898254,0.45609903,0.45263225,0.46707505,0.48628253,0.48478913,0.5106708,0.4348987,0.3986868,0.40786546,0.5399702,0.33012703,0.2981587,0.5765028,0.6069814,0.4071588,0.50834364,0.49671027,0.45052424,0.40322018,0.42609176,0.47644377,0.4322611,0.4099144,0.4327577,0.433888,0.3902483,0.2446311,0.31016827,0.3923846,0.22821116,0.27399433,0.2768869,0.54865074,0.5156834,0.48408738,0.5635648,0.49871927,0.48004326,0.527841,0.37489885,0.46265242,0.5184962,0.52911294,0.4884722,0.50459653,0.5469306,0.52616173,0.45893416,0.44540432,0.48226222,0.452155,0.4797889,0.30973154,0.47341672,0.46379238,0.47621733,0.39018518,0.4245694,0.39850232,0.36897755,0.370385,0.2607703,0.4286187,0.3981124,0.36382008,0.40937385,0.39226982,0.39731437,0.38288042,0.36218527,0.44793966,0.4404007,0.43133157,0.40106416,0.49333504,0.41339076,0.46343186,0.28369012,0.47773978,0.3854854,0.51579034,0.42822373,0.41035715,0.3543036,0.3334014,0.3568526,0.40182284,0.513178,0.4490977,0.44033593,0.45966467,0.41316265,0.4970736,0.36764708,0.39607018,0.40187097,0.3698179,0.46193975,0.46723405,0.5047557,0.4855411,0.46040654,0.4471554,0.4843945,0.393705,0.45098743,0.46684116,0.39653412,0.44134846,0.39952686,0.41294086,0.37623444,0.44660774,0.48419318,0.41502926,0.39323136,0.38704392,0.4351066,0.47481662,0.44804984,0.4606401,0.4468495,0.39252663,0.45845705,0.3638936,0.43254817,0.38195753,0.40680104,0.37698877,0.37770465,0.44270575,0.40471098,0.49471143,0.55298245,0.51857775,0.43788853,0.50093627,0.3590329,0.45621893,0.43440738,0.42714733,0.32040834,0.46377566,0.3418417,0.54531586,0.38201344,0.33084652,0.26241928,0.5608139,0.46463883,0.56545025,0.37157312,0.49663064,0.52575266,0.5474262,0.48884284,0.5323392,0.29140687,0.3773736,0.4975047,0.37819412,0.2838903,0.49731246,0.5325205,0.40782818,0.41229448,0.3367801,0.44628266,0.4846776,0.47641587,0.47847748,0.47519603,0.3044676,0.39374906,0.51934874,0.3923525,0.48408812,0.4323974,0.4481684,0.47870564,0.46638113,0.43683013,0.44215655,0.43840826,0.4982055,0.5176841,0.4030856,0.5007965,0.46608785,0.5186533,0.3187632,0.30706757,0.5835966,0.54688793,0.37989187,0.47178993,0.48180768,0.44835207,0.36682165,0.4289359,0.49874306,0.46896157,0.4682053,0.462079,0.40631315,0.4243704,0.28123504,0.28643444,0.38286796,0.25369212,0.27884206,0.2884101,0.566051,0.52733296,0.4923323,0.5743241,0.4996658,0.49501058,0.53832567,0.36635867,0.48043662,0.5358436,0.5572311,0.4966597,0.48904583,0.5575606,0.5105437,0.47073227,0.44759688,0.48830885,0.46124342,0.49556586,0.34099796,0.5006043,0.46560463,0.47112465,0.42799035,0.4027231,0.41313532,0.38233042,0.35553774,0.26595002,0.35218316,0.35380173,0.37151012,0.42614037,0.37626228,0.38226628,0.34808743,0.4160909,0.50707066,0.4530927,0.43190566,0.42777792,0.44832474,0.32355082,0.32166728,0.3343839,0.49357423,0.4485028,0.4939286,0.48533064,0.4538348,0.4534721,0.33200502,0.35324395,0.3948238,0.5379974,0.41213584,0.4374324,0.47872815,0.33367747,0.50171345,0.39905998,0.4928634,0.41941428,0.3595974,0.46218312,0.4942814,0.5273007,0.50988925,0.44533405,0.42997637,0.47330442,0.4397784,0.43657088,0.43091193,0.4092531,0.44252008,0.4064955,0.4160164,0.37481397,0.42637476,0.49813563,0.43010545,0.4273235,0.37736744,0.44334397,0.45593783,0.46603823,0.48588678,0.4527711,0.37493593,0.42462504,0.3884232,0.44698906,0.4171918,0.42379293,0.32994407,0.38271502,0.42707375,0.41042772,0.36490288,0.546595,0.51444685,0.44795573,0.5309621,0.4137942,0.4425569,0.4313787,0.444269,0.27448702,0.38311788,0.36726266,0.5442424,0.42353818,0.321581,0.2568307,0.5744457,0.5041118,0.5059808,0.33313337,0.4568292,0.51944035,0.5417341,0.4548793,0.4724838,0.32854676,0.34728533,0.4440034,0.3662623,0.3207543,0.47085857,0.5191602,0.42791724,0.39519298,0.35219002,0.4510106,0.47641778,0.48893118,0.50087416,0.45891157,0.33535558,0.397738,0.48332044,0.41556835,0.46841228,0.4720498,0.4901698,0.43574288,0.43165708,0.47808665,0.49758735,0.44665778,0.44578096,0.4686923,0.46896377,0.39981052,0.39896688,0.46222505,0.4853838,0.47483048,0.47641486,0.46918887,0.48290986,0.46438932
251,0.454061,0.4382792,0.48063338,0.46874312,0.46458262,0.45465124,0.47178596,0.48179612,0.49939644,0.40361956,0.3359805,0.420277,0.5347467,0.38152304,0.3418296,0.5129976,0.49132627,0.41575196,0.46225104,0.46003836,0.44378883,0.40122652,0.4269114,0.4716671,0.44946367,0.4277272,0.45755348,0.43882757,0.3671662,0.29812178,0.34121847,0.4463278,0.28962287,0.34562388,0.35750717,0.53790015,0.5160674,0.4832632,0.56023717,0.49306867,0.4753965,0.5165614,0.37419412,0.45087582,0.4860791,0.42668894,0.466187,0.4489923,0.4812189,0.4126758,0.45522285,0.44989344,0.47373128,0.44693294,0.47694132,0.3154234,0.45557332,0.44552204,0.48578027,0.4131246,0.46571797,0.44085842,0.3664299,0.41215843,0.3097245,0.43206364,0.41055647,0.37641504,0.43327045,0.40792495,0.4279675,0.40390137,0.35809964,0.4527294,0.4422492,0.4378612,0.39456737,0.42982125,0.3874476,0.37240717,0.28974393,0.4194058,0.34182143,0.5048224,0.42044687,0.4274059,0.3805993,0.36412337,0.3643433,0.42916042,0.5031356,0.43389183,0.44035345,0.4844925,0.35323387,0.42547375,0.35552758,0.42123386,0.41486177,0.39338943,0.46993235,0.46464044,0.49476972,0.47996134,0.45672694,0.44304955,0.46446955,0.40348625,0.45802405,0.46276614,0.4084134,0.4735528,0.421799,0.41955397,0.36771902,0.38743022,0.39008683,0.41207385,0.41304618,0.38816157,0.43908337,0.459787,0.43796793,0.45823482,0.43474963,0.40039808,0.4348434,0.37395146,0.43583176,0.39480862,0.4136255,0.3932464,0.35731176,0.4370224,0.4026535,0.45564067,0.48018143,0.4542094,0.43174392,0.45951274,0.36276963,0.43854806,0.39629793,0.38639045,0.33115548,0.37790996,0.32920092,0.49628758,0.39703965,0.34746125,0.29187524,0.5283119,0.47247115,0.5291345,0.36309972,0.48759523,0.470719,0.5002199,0.4741758,0.52457815,0.36182192,0.39644095,0.4709226,0.39832956,0.30480888,0.48553908,0.52146584,0.42149505,0.41319942,0.36093813,0.4104199,0.46759143,0.46969163,0.47516853,0.47047427,0.3341682,0.401708,0.51842946,0.42402178,0.5217067,0.4513797,0.43582782,0.4849432,0.477289,0.45156223,0.4402317,0.4421227,0.4983185,0.51379365,0.38952577,0.43629405,0.48481032,0.51176906,0.3698461,0.34008875,0.53517413,0.45012897,0.40055516,0.4340812,0.45677426,0.46097746,0.36867765,0.44463092,0.49694732,0.4814618,0.503816,0.45657364,0.4259223,0.3914757,0.31923932,0.30426446,0.44386485,0.32375994,0.3313152,0.3645552,0.5504593,0.524556,0.48605716,0.5608009,0.50329727,0.49399766,0.5282978,0.3839975,0.46534312,0.5003082,0.44162962,0.47533232,0.4405489,0.5008035,0.39894506,0.46933824,0.45224696,0.48264793,0.46076357,0.49187002,0.34339628,0.47444692,0.44456136,0.4888567,0.4389748,0.44846675,0.45200506,0.381101,0.39855367,0.31141272,0.33787364,0.38019112,0.37473857,0.4637104,0.391878,0.40937436,0.37827152,0.41062889,0.5228184,0.47854397,0.44275835,0.42522693,0.39897916,0.2992859,0.28386733,0.32601652,0.4431781,0.4140483,0.47518528,0.4572631,0.4656293,0.47582412,0.36286446,0.38062614,0.40230322,0.5319948,0.39677274,0.44125286,0.50227684,0.29675663,0.4271159,0.38223928,0.48582476,0.43095607,0.38346857,0.46901348,0.48979247,0.5260451,0.49803272,0.44108889,0.44045633,0.45858884,0.43312132,0.44050485,0.43812707,0.408294,0.47648826,0.4153509,0.4215657,0.35226905,0.39370647,0.4007605,0.42547202,0.4387374,0.38588446,0.4422426,0.44504184,0.45413288,0.4856828,0.44516778,0.38427237,0.4101991,0.40184554,0.46185136,0.44109422,0.43278486,0.34919754,0.36068377,0.4311063,0.4081127,0.36156595,0.45678163,0.43801653,0.44331786,0.46374145,0.41008818,0.42820543,0.3965294,0.38432842,0.26990077,0.32068998,0.34774503,0.47896132,0.41776228,0.3529021,0.2870527,0.54420054,0.49997282,0.48062292,0.33715355,0.4728666,0.4667468,0.50436884,0.468503,0.47213253,0.4067367,0.36283377,0.43308836,0.38376075,0.3480527,0.4710601,0.5093817,0.43744564,0.3988712,0.3730492,0.4362365,0.47891095,0.48450655,0.494171,0.4524104,0.3664367,0.4008111,0.47965163,0.445849,0.5079721,0.47846144,0.49907482,0.43392816,0.42715952,0.48344895,0.5010667,0.45456472,0.4535534,0.47209543,0.4728199,0.40158433,0.4071909,0.46639213,0.4835132,0.48200518,0.48565668,0.4749962,0.489342,0.46723968
252,0.47390974,0.4147843,0.48486686,0.48176494,0.476815,0.44662046,0.4601621,0.47385436,0.48217496,0.3865627,0.3003896,0.43867454,0.53004026,0.4466171,0.40778688,0.45911533,0.39073393,0.42134845,0.42885703,0.426566,0.43632418,0.40512916,0.42445734,0.46553063,0.46997452,0.45152596,0.4856668,0.44612867,0.36596733,0.36118934,0.3855207,0.49523482,0.35666263,0.42527565,0.43914428,0.51972514,0.5116521,0.48360598,0.5446572,0.4831808,0.46772987,0.49365985,0.3870853,0.44510052,0.4565287,0.34351575,0.4369915,0.40575257,0.4215618,0.32449412,0.44623774,0.44727987,0.46254173,0.43507862,0.47036132,0.3280384,0.43566325,0.43257225,0.49472994,0.44367698,0.5074985,0.48829344,0.38322136,0.46299157,0.36677986,0.43622425,0.42134568,0.40212372,0.44952127,0.42012697,0.46056867,0.42893562,0.37609947,0.46258628,0.44194382,0.4376241,0.3914513,0.38256952,0.37575585,0.3137297,0.3116235,0.37853134,0.32872733,0.49691164,0.43223482,0.46066833,0.4098182,0.38754165,0.3911029,0.45439747,0.50047463,0.42593333,0.44156396,0.50313383,0.3180211,0.36782146,0.36989552,0.46067312,0.43282914,0.41641244,0.46939954,0.4614131,0.48118943,0.4730934,0.45281628,0.43860543,0.44804096,0.42723244,0.4687622,0.45747292,0.43794516,0.50183475,0.44757694,0.4367016,0.36364692,0.3359418,0.3174027,0.4092128,0.43271446,0.3922149,0.44684857,0.44250846,0.43210793,0.45300436,0.42319754,0.41385332,0.42095494,0.38605928,0.43965894,0.4122885,0.41366437,0.40242118,0.3543591,0.431678,0.40062138,0.4192234,0.4163512,0.40005785,0.42877907,0.42507777,0.36885604,0.43184838,0.37652215,0.3703747,0.36275017,0.32070288,0.32633188,0.4551935,0.42657033,0.36462203,0.33459446,0.50036895,0.4821519,0.5005368,0.3671629,0.4749589,0.41558918,0.46378776,0.46113452,0.5182994,0.43484747,0.4292398,0.44992718,0.4200951,0.33118486,0.47687262,0.50685173,0.43150073,0.42947915,0.4153691,0.39257365,0.4499669,0.4599268,0.46951666,0.461773,0.36667117,0.419166,0.5156736,0.4723627,0.56022745,0.47320366,0.4209709,0.49355814,0.4890476,0.46769044,0.44162813,0.44769317,0.49232548,0.502395,0.38793817,0.3894335,0.50231016,0.50510466,0.43234363,0.39181378,0.49083278,0.37606114,0.4170061,0.40766692,0.4369622,0.46587548,0.3800576,0.45254678,0.4927785,0.49493134,0.53460103,0.45571595,0.44218627,0.37333032,0.3581225,0.3358504,0.49681893,0.39755514,0.38723361,0.43442655,0.5295588,0.51806617,0.48195878,0.5355063,0.5005888,0.488857,0.5078276,0.4089294,0.45604923,0.46453416,0.3458104,0.44669992,0.40293017,0.44828287,0.31452382,0.46289188,0.45072845,0.47207785,0.4529355,0.48408124,0.3484304,0.44660282,0.4281639,0.50357926,0.45426232,0.49160385,0.4959741,0.392218,0.45134792,0.35981962,0.33208394,0.40225554,0.3893912,0.48680392,0.40043187,0.43203512,0.3986368,0.41385457,0.53382343,0.4930781,0.43702292,0.42145792,0.36582017,0.29103938,0.2712699,0.33051473,0.4013669,0.3994971,0.46404004,0.44415504,0.48853528,0.48976165,0.386377,0.4137362,0.411239,0.52805257,0.38866824,0.44569468,0.52071625,0.28446925,0.3681387,0.38476178,0.48424506,0.44592935,0.40539193,0.4676183,0.48622352,0.5168269,0.48331764,0.4372974,0.44787493,0.44552395,0.43935037,0.4488084,0.4475448,0.42375344,0.50908977,0.4295945,0.43531826,0.33630335,0.36367756,0.32196328,0.42021406,0.4461564,0.3944913,0.44323355,0.4322898,0.44204926,0.48197848,0.43677965,0.39923432,0.40645924,0.41278765,0.4708361,0.4585136,0.43357,0.3615558,0.35038927,0.43127078,0.40330684,0.360627,0.3790837,0.37672365,0.4377848,0.4028027,0.40362576,0.42258522,0.3746423,0.34949765,0.28584442,0.28869537,0.33821437,0.42344487,0.42279032,0.382194,0.32787612,0.5172596,0.4961632,0.46246555,0.34980938,0.4809944,0.41281,0.47902235,0.47888592,0.47774816,0.47992697,0.3892546,0.4254185,0.40204132,0.37651062,0.47229525,0.49717188,0.44409913,0.4104938,0.41052893,0.4184981,0.47872597,0.4771605,0.4839457,0.44515038,0.39854044,0.40841994,0.47519296,0.48573813,0.54634535,0.4878062,0.50554454,0.4286272,0.41968188,0.4872976,0.50223553,0.4611577,0.46007094,0.4732183,0.4746694,0.40511033,0.41528156,0.468572,0.4804309,0.4860315,0.49159175,0.47977036,0.49217945,0.46953693
253,0.49024278,0.3976711,0.49103218,0.49106202,0.48546842,0.44351918,0.45198658,0.4618304,0.46168557,0.38493145,0.29609218,0.45740724,0.5251395,0.50958514,0.480664,0.4294126,0.33151218,0.42237952,0.41561267,0.40224418,0.42895588,0.41360772,0.42051804,0.46036065,0.4855,0.47561646,0.50523484,0.45034766,0.38623065,0.42428386,0.43766028,0.5277365,0.41934076,0.49681112,0.503383,0.49485222,0.4994469,0.47966644,0.517056,0.46855208,0.4565366,0.46360275,0.40893826,0.44147915,0.43225893,0.29538512,0.4090883,0.38525024,0.38320383,0.27815163,0.4336455,0.4387871,0.45043173,0.41990578,0.4597628,0.347099,0.4168322,0.4254625,0.49744913,0.4708025,0.5396216,0.5287623,0.415733,0.5117205,0.42487767,0.44220302,0.4322988,0.4375642,0.45592242,0.43002766,0.49007896,0.4546128,0.4147407,0.4736267,0.43881285,0.43072563,0.39647684,0.35548204,0.37718892,0.2942714,0.34720927,0.35786054,0.3451673,0.4851632,0.45797724,0.49737728,0.43859026,0.40331474,0.43161923,0.47298542,0.5002836,0.42639166,0.44488022,0.5091663,0.3116252,0.3340423,0.41084474,0.50606596,0.45032367,0.4341579,0.46166825,0.45823073,0.4681693,0.46717754,0.4481275,0.43203592,0.43769917,0.455816,0.47540206,0.44957653,0.4740003,0.5163985,0.46740937,0.45559797,0.36388257,0.30374452,0.28034726,0.41100588,0.45012176,0.40075985,0.45876038,0.42682046,0.4304986,0.44737458,0.41452098,0.4329276,0.4182724,0.3983483,0.4415994,0.433471,0.4094805,0.409305,0.3721204,0.42952228,0.39934593,0.3899282,0.37139913,0.367087,0.4253375,0.39944506,0.37751505,0.43619058,0.37740466,0.38017732,0.4124828,0.30061594,0.33398816,0.42302382,0.46543792,0.38405445,0.3896141,0.4832384,0.49224645,0.48314184,0.38647348,0.4615265,0.37272233,0.44439,0.4519202,0.51404834,0.49260974,0.46690366,0.43696812,0.44128183,0.3629438,0.47033155,0.4875253,0.43681657,0.45229352,0.4889762,0.39348346,0.43468398,0.45190033,0.46393976,0.45136812,0.39998898,0.4449358,0.50792956,0.52206236,0.58567744,0.49149624,0.4082278,0.50217015,0.49752042,0.480302,0.44562116,0.45324844,0.48008645,0.48395273,0.39820474,0.36513257,0.5086264,0.49914685,0.49176615,0.45103782,0.46114856,0.34019935,0.42594185,0.3985627,0.42543554,0.46204764,0.39963168,0.45265695,0.48743442,0.4992935,0.54738206,0.4555741,0.44887248,0.3727078,0.3922067,0.37972718,0.5302341,0.46109837,0.4377086,0.48338553,0.5043595,0.5063187,0.47577405,0.50123,0.48962933,0.47804797,0.47979087,0.43416676,0.44925568,0.43235523,0.2908108,0.4178009,0.38594753,0.41277546,0.2733008,0.45112014,0.4433681,0.45805067,0.43874243,0.4712292,0.3587786,0.42102998,0.41860747,0.508426,0.46834323,0.5220198,0.53280866,0.41186804,0.5022135,0.40668812,0.33752367,0.41822708,0.4150894,0.49103212,0.4026836,0.4451887,0.41006342,0.42403224,0.52889997,0.48928103,0.4174496,0.41904914,0.35241872,0.29808426,0.28662622,0.34636912,0.37183678,0.40296128,0.45731223,0.44645262,0.51255965,0.49209225,0.40141997,0.4444685,0.4215013,0.5227743,0.3891323,0.4504403,0.52792263,0.2987109,0.3370351,0.40661636,0.48631522,0.46000242,0.42232543,0.4578983,0.4833418,0.5022995,0.4693649,0.4352705,0.44956088,0.43814158,0.45354486,0.4560904,0.4558406,0.4489923,0.53096414,0.44559067,0.45095456,0.33194008,0.34454635,0.2791533,0.41738272,0.4500939,0.40443897,0.44738516,0.42199674,0.43047526,0.47644678,0.4302785,0.4189384,0.41490996,0.4187991,0.46838215,0.46586338,0.42763975,0.37153864,0.35517195,0.42959875,0.39935917,0.36254662,0.32795593,0.34301037,0.42902136,0.35884574,0.39524347,0.4271606,0.3701902,0.34345138,0.3236329,0.2901793,0.3412539,0.3852833,0.43635836,0.40683767,0.37701982,0.49869627,0.49340945,0.45435828,0.3731771,0.47858712,0.37140688,0.4705015,0.4834551,0.4869707,0.52829516,0.42149776,0.42170295,0.42068547,0.40367964,0.47233024,0.4816767,0.44675368,0.42505792,0.4571847,0.39986446,0.47430745,0.4696137,0.4731807,0.4400754,0.4276402,0.4223177,0.47098222,0.52198917,0.5714306,0.49687362,0.50707984,0.42141265,0.41155753,0.48805562,0.4992453,0.46443123,0.4640062,0.4716278,0.4735134,0.41180047,0.42393172,0.46717957,0.4759401,0.4852207,0.49189383,0.48084587,0.4893802,0.4700409
254,0.4982287,0.39142218,0.49592945,0.49374297,0.4879513,0.44415334,0.44730112,0.44755837,0.4405353,0.39523342,0.31919226,0.46862003,0.51795346,0.5566019,0.5433862,0.4253059,0.3159663,0.41897556,0.42090255,0.38968047,0.42207292,0.4239783,0.41720665,0.45664206,0.48773092,0.49129283,0.51086605,0.44740435,0.42388457,0.47888076,0.48848617,0.54004014,0.4698549,0.55001265,0.5427467,0.46625096,0.48032427,0.46974507,0.48259488,0.4501092,0.44254515,0.43314695,0.43195185,0.4375069,0.41509768,0.2828345,0.38885224,0.38827333,0.37001702,0.2726591,0.41924718,0.42662513,0.4385751,0.4040244,0.4456367,0.37025306,0.40121758,0.42297307,0.49102688,0.48559237,0.5546226,0.5526869,0.4534526,0.548782,0.4760437,0.44930395,0.44398457,0.47668293,0.45194116,0.4375702,0.5118522,0.47724316,0.4643083,0.47836918,0.4296905,0.41640472,0.4105366,0.34631136,0.38473633,0.31009507,0.38750052,0.35353273,0.38353202,0.46680552,0.48878476,0.52449346,0.4628541,0.41343755,0.47567886,0.48377052,0.49811605,0.43257853,0.44994098,0.4999055,0.33197275,0.32500872,0.4706269,0.5484067,0.46161267,0.44312388,0.44851047,0.45485556,0.45767066,0.46219972,0.44163176,0.42288262,0.43252662,0.47813904,0.47269642,0.43792894,0.5020106,0.51386106,0.47416148,0.46787316,0.3665338,0.2940986,0.2786467,0.41945842,0.46329585,0.41204354,0.4720105,0.41581655,0.42966467,0.44305974,0.40861478,0.45405564,0.4243271,0.40778464,0.4377063,0.45308775,0.40375176,0.41714942,0.40673113,0.43102896,0.3988698,0.3707994,0.34779614,0.35813475,0.41781047,0.38142857,0.38820055,0.44814655,0.39487326,0.41178763,0.47374475,0.31550658,0.3496191,0.39869386,0.50493395,0.40442577,0.45110545,0.47645447,0.5001391,0.47506368,0.41735488,0.45006728,0.3487192,0.4412218,0.4466591,0.51028335,0.5269526,0.5014029,0.4316909,0.4593445,0.3958506,0.46404776,0.46381482,0.437538,0.46827683,0.5630304,0.40674198,0.42227596,0.4472812,0.46027735,0.44091123,0.43073288,0.47335383,0.4941795,0.55789536,0.59024227,0.5013541,0.4021248,0.50692695,0.4997552,0.48586348,0.45101625,0.45741725,0.46301553,0.46025386,0.4158026,0.36091182,0.49770766,0.49311662,0.5350636,0.50378865,0.44804996,0.34133983,0.4279122,0.40671504,0.42290217,0.4527229,0.42395523,0.44879472,0.48019674,0.48863634,0.53469443,0.45347473,0.44413826,0.38790777,0.41895607,0.42838597,0.54043335,0.50692457,0.4765384,0.50822383,0.4766467,0.4896407,0.46556357,0.46326888,0.4709538,0.46176156,0.44957832,0.45304078,0.442819,0.40718013,0.27661505,0.3947879,0.3917811,0.39906082,0.27370727,0.43453076,0.4318682,0.44248068,0.42042786,0.45375025,0.37540406,0.40006775,0.4146517,0.5005594,0.47664928,0.53349406,0.5526703,0.43079114,0.5392186,0.4464651,0.34966323,0.42767602,0.44590068,0.47766042,0.399235,0.4457359,0.41545698,0.43425158,0.5009241,0.46453452,0.38759598,0.41729975,0.355875,0.31375033,0.32534182,0.36658472,0.35280085,0.41600353,0.452635,0.4577847,0.5286515,0.48291227,0.40923855,0.46394643,0.4317555,0.5129643,0.39436814,0.4545255,0.52026606,0.33596092,0.33456102,0.44060332,0.48870957,0.46906927,0.4317814,0.44071555,0.47930405,0.48453555,0.45734707,0.43485183,0.44431898,0.43596783,0.4681496,0.4575912,0.4588217,0.4719854,0.53588057,0.45913526,0.46202067,0.33950996,0.34007975,0.27316517,0.4180463,0.4505459,0.41409087,0.45310244,0.4168303,0.41847587,0.46978718,0.42538998,0.43897238,0.43206808,0.41802147,0.45237318,0.46105394,0.41743067,0.3828755,0.3720408,0.42737722,0.39911908,0.36674577,0.30556214,0.3379589,0.41512927,0.3352169,0.3870986,0.43961468,0.38143185,0.36121532,0.37778804,0.32114017,0.35532394,0.36554486,0.45187128,0.4241903,0.4270066,0.4882863,0.49077424,0.45524073,0.40466726,0.4681597,0.35080513,0.47684145,0.48275217,0.4957002,0.54590935,0.45285127,0.4218129,0.43866664,0.426224,0.46821776,0.46247482,0.4448002,0.4333097,0.5012722,0.37907374,0.4653589,0.46240216,0.46273306,0.4374106,0.449724,0.43872803,0.46650162,0.542909,0.57697254,0.5016687,0.5020344,0.41372663,0.4039058,0.48536703,0.4918869,0.46403062,0.46569735,0.46752357,0.46881768,0.42075816,0.4319659,0.46221578,0.4706458,0.47952363,0.48610595,0.4777519,0.48142084,0.4683538
255,0.4952313,0.39655018,0.4952597,0.48860455,0.48365116,0.4463777,0.44520727,0.4332048,0.42106417,0.40941218,0.359108,0.4673804,0.50635463,0.5811198,0.58514106,0.43893895,0.33531642,0.41347513,0.4366347,0.3891589,0.41695526,0.43343306,0.41590524,0.4528812,0.4740282,0.49282634,0.50297964,0.4369684,0.46922892,0.5184543,0.5278871,0.53486395,0.5032104,0.5810208,0.5585269,0.43894666,0.45696664,0.4547353,0.4487098,0.4299501,0.42712307,0.4074066,0.447632,0.43156132,0.40440497,0.29856202,0.37866047,0.40805766,0.3763926,0.3003341,0.40511766,0.41315573,0.42773622,0.38987637,0.42894694,0.39285553,0.388903,0.42121178,0.47511256,0.48373058,0.5506489,0.55651104,0.48329937,0.56862795,0.512951,0.45470938,0.45490423,0.51136756,0.4395994,0.4415081,0.5233014,0.49331194,0.5095028,0.47178552,0.4134752,0.39594197,0.42983913,0.34933126,0.38987687,0.35113835,0.4204464,0.35884273,0.43048057,0.44336885,0.5147537,0.5348889,0.47896498,0.41955173,0.5124805,0.4876424,0.49225813,0.4397458,0.4551197,0.47763512,0.37074244,0.33510503,0.53261375,0.5794365,0.46273115,0.44210592,0.4313374,0.44990304,0.4489223,0.45625034,0.43197602,0.41195288,0.43155912,0.4855538,0.45946044,0.42329526,0.51087725,0.49676535,0.46465328,0.46846893,0.3692134,0.30397174,0.30550784,0.432367,0.47054356,0.42250922,0.48093793,0.41025674,0.42803153,0.44006306,0.40596417,0.47097293,0.43399882,0.413458,0.4281031,0.46543998,0.3985805,0.42502853,0.44652852,0.43440467,0.39894345,0.3629443,0.34267968,0.36984417,0.4062841,0.3694087,0.39895236,0.46165225,0.4196902,0.45433387,0.5323241,0.35609365,0.36772195,0.38054535,0.53491265,0.42178005,0.507398,0.4750527,0.50195783,0.47167683,0.45030227,0.44334754,0.34500477,0.44845968,0.4449596,0.50442636,0.5382602,0.5264712,0.43184775,0.47204182,0.42272896,0.4576782,0.43751618,0.43448538,0.46695763,0.6196207,0.42239952,0.41351992,0.44555423,0.45774353,0.43217248,0.45479625,0.49625158,0.47621796,0.57121617,0.57341117,0.5003072,0.40522555,0.50419235,0.49453598,0.4833193,0.45603338,0.45922768,0.4442848,0.4348647,0.4327451,0.3705814,0.4724869,0.4855764,0.55572665,0.53920186,0.4471284,0.37040102,0.42645133,0.42680064,0.4279873,0.44268864,0.4474057,0.44594866,0.469638,0.46478,0.50060314,0.44844353,0.43165335,0.41178706,0.4368692,0.46982044,0.5302279,0.53245544,0.49934438,0.51253647,0.44966426,0.4689453,0.45128784,0.42795554,0.44750288,0.4411922,0.42249817,0.46099764,0.43545598,0.389929,0.29410943,0.38119233,0.4147023,0.40340915,0.3076667,0.41577995,0.41855437,0.4277271,0.40204725,0.43349695,0.39616072,0.38371694,0.41278148,0.48119417,0.4752663,0.52576524,0.55125237,0.43952554,0.55505043,0.47327104,0.3604812,0.4305877,0.47180262,0.4524445,0.3908308,0.43379885,0.41641042,0.43761262,0.45353633,0.42631054,0.35348985,0.41358495,0.36944598,0.32905582,0.37438652,0.3826397,0.34096065,0.42765623,0.44803634,0.4685579,0.531629,0.46578142,0.41123563,0.4687819,0.44016802,0.49731594,0.39958254,0.45706615,0.4994118,0.38580033,0.35360453,0.47425634,0.488134,0.470109,0.4332411,0.4185065,0.4718852,0.4649604,0.44684026,0.43361947,0.4331634,0.43744993,0.47565284,0.45112243,0.45431882,0.4814854,0.5232196,0.46543524,0.46414948,0.3555934,0.34887233,0.29780692,0.42100793,0.44663408,0.42027456,0.45611396,0.41692576,0.40714997,0.4633844,0.4229708,0.4536321,0.45094085,0.41286495,0.42839324,0.4457195,0.4058905,0.39497817,0.39274576,0.4240504,0.402953,0.37260398,0.3074338,0.35637978,0.39838523,0.3294667,0.381065,0.4540018,0.40137327,0.39176527,0.43327698,0.3709207,0.37519446,0.3602905,0.4611574,0.43199074,0.46637946,0.48256516,0.4859456,0.46108836,0.4371504,0.45558676,0.3528775,0.49074498,0.47895393,0.49970782,0.5378779,0.47570843,0.42504162,0.45353678,0.44020957,0.45975426,0.44022116,0.43872645,0.4285129,0.5315806,0.35569885,0.4536553,0.45582065,0.45303193,0.43734264,0.46189252,0.4501804,0.46156374,0.5424697,0.56287014,0.50038344,0.49099958,0.4072708,0.39778414,0.4794482,0.48142084,0.46032926,0.4653805,0.4611502,0.46083757,0.42943987,0.43687382,0.4551362,0.46528724,0.46981716,0.47529054,0.47113279,0.47006685,0.46445113
256,0.48150423,0.41083375,0.48686126,0.47628632,0.47364005,0.44850865,0.4441996,0.4198706,0.4048216,0.41929346,0.4026462,0.45337588,0.49044532,0.58146673,0.60167253,0.46180055,0.38068214,0.408454,0.45479497,0.39996737,0.41544706,0.4398964,0.41731867,0.44638556,0.4473139,0.47934902,0.48376846,0.42108002,0.5095811,0.5367918,0.54728174,0.51606953,0.5144956,0.5877325,0.55211,0.41681182,0.43153432,0.43582568,0.4205929,0.41004038,0.41083905,0.38850358,0.45035067,0.42233416,0.397862,0.33419523,0.37830853,0.43579027,0.39502162,0.3526762,0.39319,0.4002834,0.41805235,0.38007772,0.410461,0.40935072,0.3789753,0.41610274,0.45072457,0.46459287,0.5294678,0.54068875,0.49657044,0.56822187,0.5289009,0.45504722,0.4621622,0.53323686,0.42174122,0.4401013,0.52317756,0.49955925,0.53839535,0.45421904,0.39280477,0.3727587,0.44883195,0.35929984,0.38886392,0.4049516,0.43798915,0.36881608,0.47293794,0.41826114,0.529021,0.5272602,0.48354977,0.42091215,0.534488,0.48504764,0.48370212,0.4449868,0.45873138,0.4473407,0.416075,0.35727346,0.5801329,0.5928603,0.45161736,0.43129304,0.4116283,0.44137198,0.43972996,0.44692537,0.41814142,0.40012372,0.43454888,0.47462985,0.4372665,0.40793568,0.49724707,0.4697995,0.43909106,0.45584717,0.37005043,0.3281565,0.35292003,0.4453108,0.47015622,0.4286094,0.48035014,0.40924168,0.42716557,0.43643442,0.40793917,0.4777203,0.44182932,0.41603968,0.41682267,0.46759564,0.39496493,0.42937788,0.47863093,0.43757123,0.39917392,0.365913,0.3520205,0.39661846,0.39390504,0.3632887,0.4073839,0.47111824,0.44234693,0.49501666,0.57311046,0.40931052,0.3823345,0.3680313,0.5482685,0.43139425,0.54533285,0.4751989,0.49502105,0.46963957,0.47409844,0.4436406,0.36026496,0.46010104,0.44709894,0.49506915,0.5278061,0.5369998,0.434855,0.47729045,0.43677568,0.45257896,0.41098088,0.42770827,0.4457944,0.6488986,0.43357876,0.4103689,0.44499496,0.45305437,0.42627224,0.4675331,0.50727034,0.45695928,0.5596055,0.53871536,0.4885033,0.41746107,0.4929431,0.48246726,0.47364792,0.45883837,0.45775467,0.42669958,0.41137156,0.44210103,0.3881944,0.44082126,0.47622207,0.55242616,0.55185515,0.4538389,0.41721997,0.42448604,0.45178327,0.43873113,0.434982,0.46413788,0.44736832,0.45455435,0.4339153,0.45605537,0.44014475,0.41625887,0.4347279,0.4430845,0.49273857,0.5046667,0.53510594,0.50254357,0.49895743,0.42632163,0.4447274,0.4336842,0.39971158,0.42265475,0.4176569,0.4017162,0.45568433,0.42634583,0.37923437,0.33396065,0.37837315,0.4453874,0.4192222,0.3654874,0.39853036,0.40561092,0.41533774,0.38811132,0.41243285,0.41626042,0.37088057,0.4101484,0.45309773,0.46156466,0.5019402,0.5291545,0.4344369,0.54739136,0.4821377,0.36450052,0.4266626,0.48480535,0.42175016,0.3788046,0.41171315,0.4124509,0.4326766,0.39923653,0.38668028,0.32227486,0.40711305,0.38682756,0.3386537,0.41831666,0.39003912,0.33503452,0.43140474,0.4418011,0.47331563,0.520409,0.4451812,0.40733427,0.4606605,0.44539776,0.47775862,0.40280047,0.45785955,0.47099555,0.43433762,0.38502806,0.4975303,0.48311722,0.46088094,0.42690948,0.39508992,0.4594789,0.44437104,0.43692067,0.4284392,0.4178709,0.44168007,0.47170895,0.4371217,0.44282043,0.4734312,0.49664998,0.46041438,0.4556127,0.37531877,0.36663356,0.34595415,0.42413843,0.4374382,0.420384,0.45231622,0.42091835,0.3992651,0.45813602,0.425109,0.45829725,0.4643246,0.40764174,0.40516612,0.42424062,0.39538828,0.4038403,0.40957344,0.41854033,0.40895948,0.37930557,0.3287297,0.39125985,0.38368198,0.33758196,0.37773272,0.46412688,0.42158893,0.4241408,0.4738518,0.42476898,0.39459953,0.36480665,0.46001095,0.4286413,0.48533338,0.47907987,0.47770467,0.46762872,0.46116364,0.44596577,0.37572736,0.5046348,0.47405276,0.49631435,0.51089585,0.4834719,0.42989868,0.46183538,0.44236466,0.44980225,0.4166065,0.42901525,0.41072005,0.5418526,0.33322558,0.4421594,0.44986913,0.44433075,0.43986577,0.4625546,0.45151556,0.4566925,0.5200597,0.5319325,0.49387053,0.47600988,0.403583,0.39429772,0.470785,0.46971634,0.4536944,0.46252987,0.45273542,0.4505919,0.43480188,0.4363819,0.44771057,0.46046516,0.4573587,0.46128094,0.4617019,0.4570933,0.45838585
257,0.45961723,0.42994532,0.4714092,0.45867273,0.45963445,0.44944093,0.4424054,0.40766272,0.39242154,0.4210792,0.4385583,0.43061998,0.47217217,0.559463,0.59315234,0.48681438,0.44209152,0.40491414,0.46977255,0.41960108,0.41807583,0.44179997,0.42106348,0.43526748,0.4147816,0.45477885,0.45716858,0.40335935,0.5348826,0.52978086,0.54231226,0.48685727,0.4998402,0.5686787,0.52447945,0.40145385,0.4063739,0.41509688,0.40023008,0.3921721,0.39427087,0.37668732,0.43976983,0.4103549,0.39416662,0.3813224,0.3858352,0.46293703,0.4199215,0.41820046,0.3844029,0.38919464,0.40923238,0.37638307,0.3917714,0.4157487,0.37124977,0.4061933,0.42124695,0.43235862,0.49625134,0.5087367,0.49110812,0.5475925,0.51999223,0.448657,0.46282527,0.53618944,0.4020178,0.4323438,0.51173013,0.4936824,0.54599714,0.43071783,0.3730789,0.3519342,0.46197483,0.37349147,0.38337344,0.4585361,0.43844393,0.38106048,0.50273985,0.3962806,0.5290562,0.50506425,0.47505605,0.4155551,0.53888893,0.47559547,0.4749785,0.44788757,0.45980918,0.41573378,0.45641577,0.38549027,0.60403067,0.5857614,0.42975986,0.4121991,0.3916632,0.42809373,0.4290305,0.43313265,0.4011052,0.38852564,0.44089383,0.4486047,0.4106491,0.39489606,0.46583155,0.4389832,0.40263155,0.4331084,0.36879823,0.36069268,0.41068685,0.45408124,0.4613606,0.4282757,0.46825853,0.41132313,0.42975625,0.42971838,0.4150163,0.4714984,0.44437408,0.4167316,0.40852985,0.460044,0.39313626,0.4268446,0.49440196,0.43901613,0.3992444,0.37771013,0.37211898,0.431361,0.38456005,0.36460316,0.4118883,0.4738569,0.45700395,0.5241601,0.58708054,0.4613335,0.3896917,0.36250895,0.54261255,0.43030912,0.5556573,0.4753471,0.47924337,0.4681376,0.4810487,0.45071983,0.3904674,0.472175,0.45270815,0.48303565,0.49745148,0.5297101,0.43863273,0.4742212,0.43394732,0.45045707,0.38747704,0.4168217,0.41116467,0.64896715,0.43809894,0.41439927,0.44372648,0.44305572,0.42315817,0.46601835,0.503617,0.43970576,0.5263937,0.4936314,0.46810508,0.43576065,0.47485682,0.4653045,0.458722,0.45785916,0.45181203,0.4115712,0.3920087,0.44109946,0.40943843,0.4113571,0.46553117,0.52795684,0.541606,0.4646374,0.47090906,0.42246276,0.47448456,0.45275113,0.42955643,0.4697435,0.45273793,0.4352785,0.40387547,0.41397667,0.42974022,0.40181723,0.4493024,0.43542758,0.49173376,0.4696908,0.51362497,0.48389548,0.46882695,0.40839678,0.41865855,0.41493848,0.38036335,0.39964548,0.3935738,0.3885121,0.43798205,0.41629642,0.3740872,0.38714576,0.38539013,0.47394904,0.44011566,0.43405762,0.3853458,0.39439282,0.40531677,0.38121498,0.3927697,0.4300914,0.36122435,0.4058815,0.4206282,0.43673262,0.46787637,0.49119532,0.41797954,0.51887137,0.4709099,0.3608317,0.41631892,0.48163512,0.39144865,0.36535838,0.38407373,0.4024076,0.4223059,0.35332653,0.35645962,0.299602,0.39885604,0.4042415,0.34215966,0.44658068,0.3885199,0.33569002,0.42738515,0.43378305,0.47171405,0.4981199,0.425421,0.39731303,0.44433346,0.44668326,0.45867082,0.40462598,0.45723322,0.44247985,0.4696962,0.42044535,0.50609136,0.4741285,0.44149417,0.41327736,0.37437853,0.44200528,0.4239283,0.42711914,0.4178719,0.40046862,0.4476763,0.4573541,0.4188554,0.42729154,0.4514495,0.4632252,0.4436599,0.43868214,0.39386553,0.38801557,0.40775475,0.42589143,0.42328364,0.41397637,0.44037008,0.4268884,0.39741582,0.4534717,0.43286112,0.45117828,0.46797714,0.4057777,0.38947552,0.4018827,0.3876356,0.40522453,0.41799933,0.41040373,0.41438836,0.38536176,0.36479124,0.43405238,0.3753005,0.35589477,0.376923,0.46665162,0.4360511,0.45111156,0.49017525,0.46920982,0.40875995,0.37630552,0.44912183,0.41447642,0.4795137,0.47703648,0.46649873,0.4717025,0.46902648,0.44073814,0.41359773,0.51368046,0.46864906,0.4853628,0.47162324,0.4731507,0.43427002,0.4611283,0.43158832,0.44235137,0.39476985,0.41607466,0.386099,0.53159124,0.31645003,0.43406463,0.44404247,0.43618733,0.44371763,0.452903,0.44176897,0.4527313,0.48061174,0.4900252,0.48493895,0.46002382,0.40373528,0.39435762,0.46043473,0.45891187,0.44488683,0.4567247,0.4430774,0.43986878,0.43475175,0.430026,0.44136542,0.45685476,0.44409668,0.44656998,0.4504653,0.44424653,0.4506682
258,0.43350488,0.44840965,0.45185143,0.43833995,0.4435169,0.44856986,0.4384137,0.39625278,0.38337526,0.41616747,0.46071395,0.4057203,0.45391494,0.5212656,0.5638702,0.50798154,0.5064369,0.4021605,0.47819,0.44309092,0.4233936,0.4382949,0.42522624,0.4198768,0.38525993,0.42638952,0.42909884,0.3882954,0.5410485,0.4977737,0.5142422,0.45067257,0.45885855,0.52470976,0.47970644,0.3925929,0.38413838,0.39557084,0.38714856,0.37768298,0.3782847,0.3710219,0.42021322,0.39802414,0.39355022,0.43095756,0.39758816,0.48259655,0.44573644,0.48183188,0.37812704,0.38020658,0.40077138,0.37878382,0.37538573,0.41086036,0.3660343,0.39280674,0.39199483,0.39556375,0.45901638,0.46720076,0.46926597,0.51096857,0.487034,0.43581015,0.45516905,0.5177653,0.38445696,0.41836724,0.49090374,0.47495082,0.53244555,0.4084093,0.35981816,0.3381708,0.46441647,0.39056432,0.37678894,0.5007569,0.42438698,0.3937983,0.5167345,0.38217735,0.5153776,0.47551998,0.45493656,0.4022398,0.527391,0.45946345,0.46874574,0.44888124,0.45816448,0.3897937,0.48403123,0.41455615,0.60244316,0.55889535,0.40226316,0.38776967,0.37446406,0.4105289,0.4177619,0.4158974,0.38358772,0.37822652,0.4491332,0.4159811,0.3859431,0.38665974,0.4271375,0.41076958,0.36433715,0.40651718,0.3666484,0.3946957,0.46600696,0.45594007,0.4454324,0.42153978,0.44670972,0.41504633,0.43778366,0.41877365,0.4259033,0.45377982,0.44116363,0.41703302,0.40632197,0.4460321,0.3930878,0.4162181,0.4903585,0.4376198,0.39895597,0.39441428,0.39848855,0.46583265,0.38115203,0.37481397,0.4120084,0.47078,0.46210572,0.5370149,0.57214034,0.50151795,0.3887395,0.36555108,0.5194492,0.41866806,0.5347458,0.4753381,0.4572825,0.46816015,0.469614,0.46114036,0.42806306,0.4825846,0.4597755,0.4712285,0.4528376,0.504277,0.44187993,0.4638687,0.41344666,0.4518556,0.3703084,0.40212512,0.37460962,0.6232685,0.4360966,0.4255274,0.44085744,0.4270767,0.42201945,0.45106354,0.48559394,0.4274944,0.48066038,0.44875616,0.44257402,0.454752,0.453377,0.44540602,0.4408424,0.45234004,0.44074634,0.39898208,0.37725168,0.4312067,0.43131697,0.39095038,0.45384997,0.4896612,0.5137799,0.4761819,0.52013284,0.4190806,0.48875627,0.46680015,0.4244455,0.46278527,0.45865533,0.41423178,0.38182482,0.38492426,0.42030066,0.39142188,0.45310655,0.41482708,0.46869865,0.43210384,0.4709889,0.4444412,0.42572525,0.3965274,0.3940065,0.39855185,0.36967978,0.3811788,0.3722371,0.38280782,0.41224092,0.40771833,0.3746174,0.44411653,0.39879867,0.49243832,0.4604367,0.4981071,0.37660822,0.38526013,0.3964983,0.38111264,0.3768134,0.4336539,0.35516626,0.40040943,0.38916832,0.4061098,0.43155333,0.4457768,0.39576232,0.4773846,0.44139445,0.35122362,0.4015551,0.46323097,0.36664966,0.35281992,0.35683298,0.38614717,0.4102137,0.32709292,0.3423609,0.28786075,0.38991776,0.41993883,0.34182227,0.4560576,0.3795033,0.34342435,0.41974127,0.4256499,0.46605176,0.47158328,0.41047052,0.3822211,0.4257894,0.443977,0.44487512,0.40630937,0.45575133,0.4209403,0.48589236,0.4532647,0.50034744,0.46296299,0.41524342,0.39387864,0.3592205,0.4210234,0.40546575,0.41773757,0.4030162,0.3830117,0.4537052,0.43816942,0.4013482,0.41182983,0.42369998,0.43162927,0.4191634,0.41865414,0.40738967,0.40758795,0.4696741,0.42575133,0.40636343,0.40288302,0.4223091,0.43306315,0.40287146,0.44803506,0.4450054,0.43386087,0.4618027,0.40901828,0.38462335,0.38345003,0.3837565,0.3970876,0.41630048,0.4002633,0.41681755,0.38878262,0.4091983,0.47504917,0.37514162,0.3810941,0.378387,0.46214417,0.4427162,0.46980748,0.48135477,0.49644652,0.41529423,0.3936067,0.43225506,0.3924479,0.45061764,0.47641227,0.4539187,0.4716986,0.4581137,0.43791616,0.4565114,0.51630074,0.46194363,0.46918914,0.42829958,0.44689777,0.436168,0.45142293,0.40905663,0.4403123,0.3783987,0.40069312,0.36335713,0.5054686,0.30789438,0.43202302,0.43784493,0.42767346,0.44667375,0.43752038,0.42310473,0.45025557,0.43413687,0.4460714,0.47727215,0.4464329,0.40804556,0.39824837,0.449825,0.45076856,0.4353435,0.44833514,0.43358666,0.43072513,0.42901054,0.41944516,0.43697202,0.4549331,0.4324137,0.43385622,0.43875584,0.43311936,0.44233158
259,0.40865356,0.4611366,0.43260387,0.41904154,0.42820692,0.44651008,0.4329345,0.38561234,0.37680277,0.40864062,0.46850824,0.385931,0.43846083,0.47723913,0.52285457,0.5213374,0.55977947,0.3993922,0.4793507,0.46431652,0.42944786,0.43103218,0.42688897,0.4024218,0.36639443,0.40262586,0.4060289,0.37985346,0.5298191,0.44676366,0.46985394,0.41334823,0.39812633,0.46323165,0.42713127,0.38928807,0.36727604,0.3803286,0.38050914,0.3671668,0.36376393,0.37026075,0.3980559,0.38805643,0.3963558,0.47354996,0.40935686,0.491196,0.4669544,0.5300266,0.3732231,0.37338227,0.39241657,0.38571158,0.36353138,0.39565545,0.3635337,0.37943986,0.3684535,0.3635949,0.42619365,0.42539012,0.43741465,0.46692955,0.43646502,0.4182305,0.44015944,0.48089185,0.372216,0.4000251,0.46423832,0.44594774,0.5025868,0.39439878,0.35715896,0.33412096,0.45396832,0.4087921,0.37270215,0.5256116,0.40177038,0.40558848,0.51570016,0.37866342,0.49166724,0.44784948,0.42778936,0.3819697,0.50541747,0.43898195,0.46694863,0.44860724,0.45423245,0.37483513,0.49646345,0.439004,0.5784307,0.5171257,0.37474218,0.36180916,0.36267266,0.39067346,0.40734604,0.39769012,0.36801717,0.36961734,0.45698884,0.386543,0.3687032,0.38417822,0.39386028,0.39058268,0.3324647,0.3820047,0.36441568,0.4224836,0.50689137,0.45017612,0.42574778,0.41007054,0.42109287,0.41943502,0.45157826,0.40452316,0.4383606,0.42947584,0.43391186,0.41861242,0.41205576,0.4307979,0.3948609,0.3992855,0.46889085,0.43320715,0.3985256,0.4114245,0.42558876,0.49262977,0.3854347,0.3928753,0.407638,0.46468648,0.45866656,0.53468865,0.5337898,0.52446914,0.3799856,0.3772824,0.484605,0.39969522,0.48587653,0.4756877,0.4339124,0.47097313,0.44384617,0.4697937,0.46271887,0.4899851,0.46509507,0.4627358,0.4045064,0.46557292,0.44417146,0.4484058,0.37872133,0.4559736,0.36140937,0.38477913,0.34746394,0.5804057,0.42950848,0.44232598,0.4362012,0.4072156,0.4219746,0.42702442,0.4571224,0.42212644,0.4354574,0.41485405,0.4170021,0.46846992,0.43290848,0.42625102,0.4236121,0.4435353,0.42625964,0.38899916,0.3670139,0.41669357,0.45118833,0.38370436,0.4421378,0.44835025,0.47855005,0.48566955,0.55536884,0.41344044,0.49154267,0.47711027,0.418705,0.4468561,0.4608991,0.3948076,0.3723175,0.37464803,0.41504562,0.3872761,0.44838062,0.38543347,0.43096098,0.39920318,0.4156906,0.3920347,0.37800935,0.39093804,0.37438312,0.3880171,0.3669986,0.3690823,0.35674453,0.38394892,0.38497597,0.4032345,0.38069603,0.49463803,0.41413754,0.497365,0.4754952,0.54516006,0.37171736,0.3786869,0.38805088,0.38612342,0.36645213,0.425813,0.35317993,0.39491218,0.36380702,0.37671372,0.4008436,0.40397355,0.3749051,0.43444705,0.3995099,0.33836046,0.385805,0.4348291,0.3511973,0.34325817,0.33571076,0.36571863,0.40033212,0.32567263,0.34709868,0.28688905,0.3816324,0.432766,0.3411048,0.44994813,0.36630526,0.35760248,0.41366482,0.4199842,0.4601401,0.44953716,0.40372774,0.36443213,0.41043454,0.43835258,0.44028586,0.40866044,0.45398614,0.41118252,0.4839904,0.4782888,0.4845407,0.452685,0.38714892,0.37169543,0.35147315,0.39937112,0.39067733,0.40908688,0.38662785,0.36733902,0.45757434,0.420667,0.38913348,0.3998549,0.39984176,0.40922555,0.39295062,0.4003336,0.41333666,0.42079866,0.51807094,0.42372668,0.3903729,0.38984847,0.40255934,0.43833545,0.4153798,0.44080338,0.45836943,0.4104495,0.44830263,0.41749606,0.3916448,0.37310192,0.3841724,0.3804581,0.40631387,0.39034536,0.4150917,0.38840687,0.45344484,0.5056706,0.38310164,0.40937665,0.3813826,0.4535115,0.44194746,0.4810806,0.45425004,0.5046178,0.41350478,0.41491422,0.41532665,0.3676333,0.40644237,0.4772223,0.442095,0.46793485,0.43125996,0.43474004,0.49283502,0.51315886,0.45279157,0.45131135,0.3906548,0.4121554,0.4348399,0.43481177,0.37807438,0.44412607,0.36989573,0.38416502,0.3504278,0.47241887,0.308058,0.43742028,0.4308973,0.41814885,0.44662014,0.4221052,0.40034905,0.4490716,0.39322856,0.41005972,0.47341275,0.43782547,0.4156236,0.40501198,0.44052178,0.4460682,0.427183,0.43898067,0.4259569,0.424849,0.41890576,0.4073667,0.43491322,0.45450982,0.42418757,0.42519355,0.42828944,0.4251054,0.43476427
260,0.39198762,0.46559083,0.41830516,0.40612364,0.41838178,0.44598192,0.43003926,0.3770891,0.37309167,0.40267327,0.46544918,0.37735888,0.4296246,0.43884206,0.48213172,0.526644,0.5929047,0.3975837,0.47609678,0.47945708,0.43595424,0.42539778,0.42423302,0.38608712,0.3634648,0.39049155,0.39351574,0.38074088,0.50734097,0.38811603,0.42002264,0.3839783,0.33258986,0.39994594,0.3791072,0.3914258,0.35844976,0.3726243,0.38106114,0.36141187,0.35247782,0.37414575,0.37956512,0.38312522,0.40251517,0.5013699,0.4189697,0.48994175,0.4796487,0.556925,0.3702484,0.36994508,0.38523713,0.39553577,0.35766846,0.37335074,0.36494815,0.3717399,0.35568273,0.3436662,0.4048167,0.39412883,0.4060378,0.42716026,0.38014364,0.39946583,0.42172158,0.43558693,0.36717245,0.3816135,0.43710947,0.41396606,0.4663562,0.3942251,0.36750668,0.34054622,0.4332001,0.4267684,0.37558556,0.53368366,0.3791031,0.4170055,0.5040364,0.38654152,0.46571973,0.4308166,0.40054065,0.3586915,0.48007753,0.41881257,0.47099185,0.44854194,0.44901937,0.37397662,0.49604917,0.454402,0.5393102,0.47039276,0.35104713,0.3387972,0.3579388,0.37227196,0.3986111,0.3818814,0.35607305,0.363672,0.4622926,0.3683888,0.36327213,0.3878379,0.37726617,0.38292035,0.3119577,0.36435246,0.36243334,0.4385248,0.52736187,0.43856147,0.40715224,0.39697203,0.39859086,0.424713,0.4697296,0.38990152,0.4506622,0.40514436,0.42565864,0.42291856,0.4270485,0.419813,0.39861247,0.38063267,0.4387324,0.4274297,0.39909777,0.42645717,0.4493557,0.5081349,0.39855632,0.41509834,0.39878535,0.45797095,0.4489864,0.5240827,0.48571628,0.52991706,0.36579388,0.39710003,0.44859788,0.3786872,0.42141053,0.4772168,0.41479695,0.4774884,0.41178697,0.4732082,0.485801,0.4938945,0.4660552,0.45904386,0.3645528,0.4251104,0.44667128,0.43019062,0.3386015,0.46180588,0.36178628,0.3671412,0.33801678,0.53365445,0.42289335,0.46283013,0.4294848,0.3875543,0.4227623,0.40017304,0.42648098,0.42415017,0.40385544,0.40075597,0.39806604,0.47285208,0.41795373,0.41282552,0.41235018,0.4354595,0.41346714,0.38300937,0.36247948,0.40307754,0.46711698,0.39148933,0.43346593,0.41467723,0.44742802,0.4924367,0.57205456,0.40665185,0.48473966,0.48139653,0.41448116,0.4305587,0.4569903,0.38004366,0.37725884,0.3847129,0.41556615,0.3901402,0.4397302,0.35349748,0.38846773,0.3782383,0.36055115,0.34141868,0.33713108,0.3924216,0.36292067,0.38626015,0.3725952,0.36484447,0.34994668,0.39135602,0.3632078,0.40521705,0.39118797,0.52973884,0.42880642,0.4910005,0.48288158,0.5693015,0.37126842,0.37674788,0.3812188,0.39551762,0.36324322,0.4088886,0.35645258,0.392007,0.34916216,0.3551794,0.38213733,0.37773925,0.3634321,0.40178743,0.35478374,0.3262142,0.37315208,0.40610772,0.34791985,0.3389333,0.32572138,0.34551793,0.39756504,0.35027903,0.37070587,0.2960267,0.3764028,0.44230524,0.34432623,0.43538848,0.35524577,0.37762156,0.41412967,0.42008522,0.45927137,0.44014874,0.4077424,0.34715864,0.40149906,0.4316834,0.447654,0.4122965,0.45237595,0.415183,0.47054198,0.4918267,0.46597397,0.44812012,0.3623398,0.35097858,0.35285246,0.38110426,0.38049528,0.4013428,0.37217808,0.3558084,0.45765862,0.4099164,0.38579544,0.39373457,0.3889603,0.4011019,0.37080124,0.3866605,0.41158316,0.42593044,0.5446314,0.42027196,0.37978333,0.37776673,0.38669482,0.44246024,0.43368882,0.43170014,0.46927017,0.38658756,0.43092018,0.42991272,0.41065952,0.37441522,0.38888794,0.3592925,0.3942339,0.38457295,0.4101366,0.38537148,0.49018714,0.5216043,0.39854383,0.43681028,0.38447452,0.4436144,0.43458354,0.48823422,0.42110142,0.496408,0.40448883,0.4373133,0.40575993,0.34612578,0.35957885,0.47924688,0.43338415,0.46317777,0.39559257,0.43067697,0.51465017,0.5063671,0.44121736,0.43530908,0.36744833,0.37996867,0.4318442,0.4147807,0.34482923,0.45201266,0.3700903,0.36882204,0.35280845,0.44303116,0.31774688,0.45000327,0.4227822,0.40797183,0.44250387,0.4104708,0.38076308,0.44825652,0.3696599,0.39121926,0.47352675,0.4355673,0.4244252,0.41264024,0.43455598,0.44510815,0.4229827,0.43153647,0.42204565,0.4234984,0.4071595,0.39683616,0.43531922,0.45496306,0.42048007,0.42179024,0.4215413,0.42183307,0.42979068
261,0.38936844,0.46287972,0.41211855,0.40451902,0.4184133,0.4498852,0.43450683,0.3728972,0.3733473,0.40145823,0.45650023,0.38274613,0.43094096,0.41429868,0.45214504,0.5265919,0.60332906,0.39891747,0.47276574,0.48803174,0.44333193,0.42689326,0.41828498,0.37414682,0.37826163,0.39292598,0.39517856,0.39197734,0.4822009,0.33687386,0.37667677,0.37224498,0.28021213,0.35262075,0.34677857,0.39829943,0.36014375,0.37558866,0.38926616,0.36160386,0.34719932,0.38305065,0.3700257,0.3865057,0.41208312,0.51166594,0.42717126,0.48371395,0.48379758,0.5636465,0.37117773,0.372087,0.38122374,0.407246,0.35868075,0.35132676,0.372432,0.37505183,0.35748124,0.34021252,0.3998982,0.3829483,0.38640884,0.40288273,0.33215234,0.384307,0.40618235,0.39641705,0.3708988,0.36962682,0.4167073,0.38939828,0.436017,0.40950322,0.39012608,0.356852,0.40977287,0.44457492,0.38871506,0.52866477,0.3640797,0.4292342,0.48828366,0.40573183,0.44726124,0.42972964,0.3805016,0.33884338,0.45785517,0.4049482,0.48111314,0.45050043,0.44411847,0.3883148,0.48741522,0.4601834,0.49645093,0.43252125,0.33447352,0.32372162,0.3604975,0.35984704,0.3921261,0.37200606,0.34993288,0.3630012,0.46336082,0.3672658,0.3730122,0.39826334,0.38384983,0.39086407,0.30628106,0.3583852,0.36240575,0.44309756,0.52885205,0.42519227,0.3948905,0.3864534,0.3856381,0.4318009,0.48856544,0.37858552,0.4608948,0.38710126,0.4197925,0.43029597,0.44977424,0.41690955,0.40455118,0.36683148,0.41143805,0.42334276,0.40213197,0.439602,0.468376,0.51240355,0.41972327,0.43745056,0.3873152,0.45180547,0.43659368,0.51368046,0.44429022,0.5209708,0.35239562,0.42437196,0.424133,0.3622997,0.36121488,0.48033786,0.40475303,0.48746705,0.3831699,0.47138625,0.4945692,0.49489307,0.46253806,0.45990962,0.34220544,0.39681244,0.45124698,0.41228023,0.3049449,0.4684784,0.37208298,0.3529313,0.35040134,0.49603972,0.42150882,0.48363864,0.4201567,0.37259465,0.4240767,0.37788036,0.40454197,0.43293926,0.39445367,0.41103968,0.39174384,0.46776053,0.41188306,0.4097093,0.41158727,0.43254134,0.40822875,0.3828015,0.3651451,0.3955507,0.47898707,0.41354096,0.4320102,0.39550436,0.42831257,0.49782854,0.5705438,0.40136057,0.47386745,0.47991747,0.41494524,0.4219716,0.44779804,0.3719271,0.3964513,0.41334775,0.42177305,0.3993202,0.43165064,0.32685927,0.3512074,0.37537724,0.3189893,0.3071163,0.31348756,0.40050915,0.36173537,0.39521015,0.3854871,0.36938167,0.35390663,0.4038816,0.35335433,0.4160168,0.40450296,0.54451984,0.44264552,0.47939965,0.48359683,0.5703381,0.37635547,0.3820227,0.37847748,0.4093994,0.36817688,0.38960084,0.36667946,0.39471775,0.34865525,0.3471102,0.37989447,0.37622362,0.36802265,0.38782954,0.31845456,0.3191982,0.36817533,0.38813263,0.35933068,0.34257102,0.33113995,0.33162752,0.4063772,0.39857757,0.4099206,0.31514555,0.3775784,0.4495844,0.35427374,0.4188887,0.3528146,0.40213996,0.4241451,0.42940605,0.46811417,0.44818562,0.4237913,0.33459884,0.40002218,0.4257327,0.46742964,0.41708604,0.45132858,0.4322604,0.4528024,0.493163,0.45255023,0.45480672,0.3459368,0.33641776,0.36372864,0.37017772,0.37501967,0.39501193,0.36325496,0.35145774,0.45319134,0.4097684,0.39428404,0.39513698,0.39672893,0.4104063,0.35820588,0.38063827,0.40522522,0.4251308,0.54818046,0.41675493,0.37834984,0.3696425,0.3792845,0.44541276,0.4547579,0.4212632,0.47450057,0.3685325,0.4135149,0.44341722,0.43957752,0.38976762,0.3979254,0.34005868,0.3873167,0.3869729,0.40463188,0.38233462,0.5155888,0.5226126,0.42023373,0.46076426,0.38731492,0.43436924,0.42240456,0.49390948,0.39349875,0.47728705,0.39273882,0.45830843,0.41026837,0.33463454,0.32348177,0.48206788,0.42986962,0.4608032,0.36080638,0.4278373,0.5204802,0.4985098,0.42960098,0.42431536,0.3642309,0.36080983,0.42979813,0.39612922,0.31793115,0.46118402,0.37868652,0.35779127,0.37223673,0.4259655,0.33827972,0.4674883,0.41316125,0.39813927,0.43434754,0.40441567,0.37224916,0.44650626,0.3706938,0.39556846,0.4759816,0.4399135,0.43206355,0.4190767,0.43450254,0.4486689,0.42496407,0.42908257,0.42344543,0.42724958,0.39747003,0.39080882,0.43816432,0.4560917,0.4219552,0.4243782,0.42129868,0.4249773,0.42940724
262,0.4027709,0.45723236,0.41451696,0.41610003,0.42983258,0.45926306,0.44835973,0.3742705,0.37755853,0.40645152,0.44611728,0.40046883,0.44355068,0.40595865,0.4373319,0.5248824,0.59393066,0.40519243,0.47272775,0.49198973,0.45156172,0.43724972,0.41281918,0.368928,0.4078338,0.40827712,0.4109002,0.4116445,0.4615809,0.30608276,0.34825572,0.38400564,0.2530292,0.33231625,0.3372123,0.40683252,0.372821,0.39033177,0.40276217,0.36806896,0.3501174,0.3965273,0.3726578,0.40054598,0.42507264,0.507083,0.43558893,0.4781053,0.48320952,0.55439955,0.3771382,0.3809039,0.38158607,0.4192671,0.36645275,0.3394155,0.3871189,0.39074343,0.37453392,0.35454628,0.4131803,0.39672655,0.38544196,0.39999977,0.30300766,0.37712857,0.40089905,0.37514067,0.38525668,0.37087503,0.40999582,0.38144997,0.42066884,0.43667078,0.4205424,0.38166663,0.39370775,0.4626957,0.4108448,0.51376235,0.36070773,0.4413215,0.47413668,0.43424863,0.44264922,0.44412646,0.37342164,0.3292996,0.44316563,0.40244597,0.4950418,0.45517012,0.44132608,0.41647637,0.4752956,0.45970017,0.46156913,0.41474527,0.32869148,0.32052073,0.36867684,0.35673216,0.38876775,0.37037674,0.35242704,0.37037554,0.45909995,0.38534835,0.39831606,0.41546804,0.41267744,0.41376224,0.31803742,0.3680725,0.36720708,0.4417581,0.51780057,0.4150673,0.39256588,0.38241416,0.3851516,0.4409214,0.5027402,0.37309787,0.46622255,0.37944618,0.41844562,0.43957895,0.47425237,0.42363068,0.41285887,0.36450467,0.39563164,0.4237753,0.408231,0.4510892,0.4825012,0.5077105,0.44479218,0.45710126,0.37746572,0.4462809,0.42549998,0.50795424,0.41963148,0.5025055,0.3487059,0.45719382,0.42052653,0.35727954,0.32297426,0.48447537,0.40587252,0.4992317,0.3657615,0.4676217,0.49273238,0.4945405,0.45741028,0.46411288,0.34146672,0.38917854,0.4590245,0.39856645,0.2873293,0.4748063,0.3918153,0.34596568,0.38336012,0.47418857,0.42804518,0.49975038,0.4082638,0.3652937,0.4247727,0.3671459,0.40021923,0.446243,0.40854657,0.44333372,0.40068266,0.45752797,0.41564545,0.4186899,0.42267486,0.43726003,0.41394702,0.38849702,0.37465963,0.39730382,0.48827037,0.4452708,0.44046092,0.39222053,0.42259833,0.5036071,0.5547721,0.4005024,0.46537614,0.47555065,0.42155445,0.42402184,0.4376588,0.37114733,0.4268963,0.45492852,0.43182978,0.41257936,0.4267401,0.31290135,0.32614622,0.39354697,0.29994062,0.29660746,0.31316745,0.41166955,0.37115723,0.4144063,0.4014573,0.3818129,0.36849663,0.41931695,0.35959467,0.43634847,0.41911647,0.5392658,0.45600566,0.46906015,0.48143494,0.55182034,0.38647398,0.39491102,0.38115427,0.42633966,0.38076228,0.3770494,0.38417324,0.4042151,0.36301973,0.35570434,0.39538902,0.402103,0.3905129,0.39448023,0.29935995,0.32032686,0.37522963,0.38785228,0.38685676,0.3567731,0.35457247,0.329775,0.42779624,0.46173778,0.45700258,0.34440812,0.38805944,0.45638788,0.36940193,0.40333945,0.36160448,0.42739308,0.44274452,0.44894075,0.48692277,0.47258374,0.45109695,0.33134133,0.40587413,0.42145082,0.4961385,0.42142576,0.4512145,0.45904714,0.43536636,0.48506323,0.44900578,0.4751272,0.3425772,0.33156767,0.38128072,0.3687754,0.37411296,0.39099854,0.36288467,0.3564574,0.44421348,0.4222325,0.41528845,0.4045986,0.42250493,0.43686584,0.3596933,0.38575912,0.39897054,0.4229067,0.533374,0.41522565,0.38701123,0.3680579,0.38152894,0.44685096,0.4733143,0.41037264,0.47223666,0.36109686,0.39988846,0.4540212,0.47236335,0.41875407,0.41122338,0.32986757,0.38930857,0.3992506,0.4016509,0.3818941,0.52896065,0.511568,0.44509512,0.48005623,0.39140728,0.42678943,0.40886444,0.49767792,0.3769702,0.45388803,0.38570845,0.47665936,0.43133655,0.33913618,0.3073026,0.48502386,0.4325069,0.46266165,0.33578825,0.4296086,0.5146189,0.4920108,0.4223336,0.42049766,0.38193536,0.35965195,0.43082017,0.3836507,0.3050098,0.4688633,0.39411142,0.35361096,0.4053689,0.42517588,0.36940354,0.48544315,0.40241146,0.38975075,0.4231043,0.40427417,0.37998644,0.4430709,0.39639023,0.4230427,0.47854847,0.4494912,0.4371148,0.42332295,0.44230127,0.45773533,0.43360817,0.43319649,0.43057773,0.4353533,0.3932032,0.39134172,0.44303522,0.45832497,0.42862973,0.43286425,0.42902118,0.43504697,0.4346986
263,0.4300706,0.45356223,0.42367893,0.43941095,0.451295,0.47386882,0.4705532,0.38076833,0.38483384,0.41646516,0.43729,0.42604366,0.4659366,0.4114065,0.43585652,0.5251817,0.5710477,0.41687885,0.4782623,0.49444613,0.46101102,0.45503652,0.41183707,0.3713356,0.44529614,0.4325315,0.43592972,0.43439758,0.44806477,0.30160692,0.3376112,0.41862062,0.25498384,0.3418188,0.35305375,0.41368803,0.3941987,0.41462144,0.4180724,0.37963706,0.36154327,0.41342002,0.3871039,0.42358884,0.4407006,0.4927035,0.4450182,0.47694913,0.48286238,0.5346328,0.38789427,0.3956274,0.38623273,0.42936945,0.37936732,0.34391618,0.40796998,0.41549668,0.40377125,0.38400093,0.44200128,0.43357316,0.40326,0.41735423,0.29688302,0.38043195,0.41096956,0.37547782,0.41111743,0.38935372,0.42014834,0.39430094,0.42260176,0.46897456,0.45301047,0.4133106,0.39192143,0.47987068,0.43635258,0.49138924,0.36912116,0.45049733,0.4639843,0.46657714,0.45157027,0.46819538,0.3822124,0.3345716,0.43776044,0.41289315,0.50852567,0.46159497,0.4417112,0.4541055,0.46354648,0.45668772,0.4407709,0.4193394,0.33587196,0.3305759,0.3800082,0.36414438,0.3898381,0.37725103,0.365345,0.386717,0.44985923,0.41925687,0.4346651,0.43786454,0.45518252,0.4464535,0.3464817,0.39382854,0.3784619,0.44077542,0.50184345,0.41190353,0.40060207,0.3868193,0.39614227,0.4511347,0.5081876,0.37408188,0.46474406,0.38314345,0.42151877,0.44889647,0.49363244,0.43948704,0.4235019,0.37746918,0.3941095,0.42996946,0.41685227,0.46053144,0.4915975,0.4979548,0.4676558,0.47150883,0.37287056,0.44088373,0.41836283,0.5061291,0.41294518,0.47999534,0.36119398,0.49097222,0.43926525,0.367873,0.31409225,0.4884562,0.41690254,0.5108367,0.36265427,0.4663227,0.48739612,0.49504307,0.45426962,0.47005674,0.3615145,0.40230015,0.4701504,0.39206696,0.28996307,0.479367,0.41876748,0.348609,0.42979693,0.46751246,0.441445,0.50737417,0.39562547,0.36643952,0.42381454,0.37188175,0.41649792,0.46080917,0.44030842,0.4886741,0.42380604,0.44820383,0.42742506,0.43857798,0.44419008,0.45029816,0.43093747,0.3984738,0.38914973,0.4082632,0.49561775,0.47915092,0.45874605,0.40222543,0.42669037,0.51097506,0.53139013,0.40584946,0.46456617,0.47261056,0.43387738,0.43565166,0.43128586,0.37730816,0.4620204,0.5005504,0.44204366,0.42595753,0.42545837,0.31560975,0.3159215,0.4306825,0.3064995,0.3108633,0.337447,0.42178157,0.38951465,0.4403176,0.4160546,0.39943644,0.39124876,0.43569276,0.38180524,0.46271446,0.43350345,0.5183213,0.46892327,0.46475494,0.4806313,0.5202877,0.40001968,0.4135211,0.38889426,0.44327927,0.39876717,0.37757632,0.40697974,0.41947755,0.39001015,0.37992495,0.425765,0.4501899,0.42638212,0.41701007,0.3012847,0.33054417,0.39617375,0.4053545,0.42868724,0.38254473,0.39515382,0.34289852,0.45809278,0.5247133,0.5020969,0.38316688,0.4084662,0.463599,0.3845124,0.38949397,0.37961602,0.44861937,0.4653119,0.4750504,0.51057684,0.50639695,0.4860566,0.34040302,0.41829273,0.4190453,0.5271867,0.42377725,0.4521062,0.49004215,0.42083058,0.47181258,0.45502535,0.50531787,0.35450462,0.3379072,0.4011556,0.37722898,0.3780143,0.39011955,0.37265125,0.37094206,0.43192592,0.44526842,0.44548813,0.42090964,0.45916295,0.47496364,0.37637776,0.40316948,0.3966539,0.4237956,0.508328,0.4172252,0.40355954,0.3742668,0.39158416,0.44653746,0.4843777,0.4003707,0.46305785,0.3657451,0.392734,0.45831484,0.5010697,0.45710385,0.42809644,0.3334885,0.39965963,0.41999698,0.40331164,0.3855849,0.53160715,0.49440184,0.46806175,0.49319074,0.39734733,0.42102018,0.39759427,0.49738666,0.3712759,0.4322737,0.38990825,0.4915146,0.46524298,0.36221254,0.31402662,0.48717773,0.4405252,0.46915302,0.32533854,0.43849108,0.5044121,0.48899513,0.42288128,0.4243967,0.41677472,0.37479383,0.43631554,0.38022077,0.30976352,0.47293347,0.4136615,0.35762587,0.44440725,0.43927497,0.40780193,0.4988702,0.3920002,0.38406458,0.4106023,0.40876752,0.4042433,0.43868956,0.43953758,0.4671156,0.47947517,0.46141163,0.43963304,0.42569304,0.45758653,0.47195503,0.44719753,0.4432321,0.44229725,0.4459445,0.3959571,0.39878982,0.4488935,0.46193203,0.4391971,0.44565415,0.44381672,0.45073465,0.4449846
264,0.46620587,0.4548083,0.4366663,0.4705688,0.47958273,0.4930319,0.49815783,0.390659,0.39437512,0.42838782,0.4311424,0.45407426,0.49459523,0.42518452,0.44143385,0.5303454,0.5429505,0.43261784,0.49065617,0.49819386,0.47263384,0.47772932,0.41686305,0.38058797,0.48234165,0.46128333,0.46253842,0.45335475,0.44024977,0.32200068,0.3428192,0.4680445,0.28486767,0.37735716,0.391517,0.41766143,0.42025822,0.44331324,0.43329948,0.39397216,0.37961516,0.4328002,0.40921912,0.4496613,0.45740518,0.47371587,0.4555499,0.48153138,0.48637164,0.5105838,0.40239462,0.41424668,0.39407307,0.43619704,0.39453804,0.3641297,0.43212003,0.443481,0.4393407,0.42180803,0.479408,0.48423925,0.43390536,0.4480169,0.31266257,0.3937995,0.43614087,0.39350495,0.44627795,0.42371958,0.44430256,0.42538396,0.43765414,0.49956706,0.48300686,0.44908413,0.40510166,0.49311396,0.45841932,0.46418518,0.38587523,0.45406267,0.45661563,0.49511033,0.46829408,0.49347523,0.4052908,0.35518083,0.44047734,0.4334543,0.5173117,0.4679411,0.4451187,0.49416745,0.45437866,0.45293215,0.43278494,0.43978977,0.35447,0.3521821,0.39278775,0.38101554,0.39627084,0.3909266,0.38761008,0.41012725,0.4375086,0.45999295,0.47355536,0.4623324,0.49861026,0.48118424,0.38547584,0.43045592,0.3949423,0.44343185,0.48680997,0.4167542,0.41632697,0.39899704,0.4153055,0.4610425,0.50382775,0.38058314,0.45682898,0.39657173,0.42728683,0.456042,0.50402904,0.46174565,0.43585137,0.405177,0.40460467,0.4413194,0.42666867,0.467384,0.49547467,0.48769236,0.48287138,0.47812372,0.37417305,0.43514505,0.4156749,0.5046353,0.4191655,0.4584219,0.38993895,0.5194039,0.47351944,0.39353263,0.33261293,0.4916175,0.43427798,0.52114487,0.3725231,0.4700472,0.48465553,0.49857447,0.45489916,0.47635275,0.39693928,0.42976165,0.48395187,0.39329225,0.31223914,0.4807793,0.44912446,0.3607749,0.4786862,0.47050104,0.45814618,0.5062125,0.3850866,0.37503597,0.42103818,0.39104244,0.44960415,0.47381076,0.47914532,0.5353319,0.45685694,0.44366628,0.44339103,0.46592432,0.47291768,0.47095346,0.45681688,0.41042694,0.40640855,0.42537138,0.49968934,0.50754726,0.48403716,0.42047173,0.43470255,0.52053285,0.5082647,0.41697824,0.4739551,0.47461104,0.45057863,0.4545325,0.43016845,0.38898984,0.49316722,0.5407863,0.44853148,0.43484747,0.42733064,0.3343983,0.31956312,0.47920725,0.3367782,0.346596,0.38237864,0.42906505,0.4135052,0.46747792,0.42807233,0.41866174,0.41817188,0.45222688,0.41467556,0.48825276,0.4463961,0.48898876,0.4814931,0.4686432,0.4841365,0.48465043,0.41550478,0.43520555,0.4002584,0.45757234,0.41873705,0.39160836,0.43180266,0.43846038,0.4249181,0.41402408,0.4643033,0.50843537,0.46698904,0.44698825,0.3232521,0.3489475,0.42845362,0.43539503,0.47850505,0.41791445,0.4467888,0.37008023,0.49069294,0.57344085,0.53735775,0.4287473,0.43667978,0.4706159,0.39448908,0.37826028,0.40209192,0.4629112,0.48619363,0.5009902,0.53225976,0.5397404,0.5225186,0.36174744,0.43527123,0.41842642,0.55393916,0.42439342,0.4537584,0.5189713,0.41094956,0.45745388,0.46688575,0.5376016,0.37960145,0.35431197,0.4202769,0.39416343,0.38672444,0.39238805,0.39173102,0.3927167,0.41813567,0.4725051,0.4781609,0.44103768,0.4963503,0.5150594,0.4043872,0.4291893,0.39969414,0.4305177,0.48182678,0.4230351,0.4242952,0.38755587,0.40662083,0.44499925,0.48573717,0.39222276,0.44914657,0.38048992,0.39287576,0.45467484,0.5195675,0.4975368,0.4467713,0.35190615,0.41578382,0.44602287,0.41014245,0.39333665,0.52619624,0.47846183,0.48377198,0.49856555,0.40339217,0.41662428,0.39091495,0.49209976,0.3736971,0.41652924,0.40700632,0.5019714,0.50394225,0.40117946,0.3416356,0.4878643,0.45167825,0.47981712,0.3298188,0.45423114,0.49654222,0.49107358,0.43122017,0.43454114,0.46049267,0.4004177,0.44668925,0.38601267,0.33185294,0.4722005,0.43418604,0.36972046,0.48040834,0.462547,0.44824168,0.50455856,0.38337857,0.38190243,0.39852762,0.41544726,0.44101843,0.43496355,0.48824105,0.51708114,0.47823155,0.4725937,0.4403895,0.4271281,0.47744122,0.4889777,0.46282163,0.45689407,0.4563386,0.45693642,0.40506873,0.4116831,0.45426798,0.46646374,0.45127746,0.46001914,0.46288195,0.46946514,0.4580913
265,0.5037015,0.46193773,0.4502416,0.50352937,0.50970745,0.51486856,0.52666223,0.40150943,0.40514114,0.43946862,0.42772323,0.47909284,0.5243129,0.43931594,0.44515625,0.5413171,0.5181737,0.4497196,0.5090133,0.50508994,0.48700497,0.50204074,0.4271209,0.39437726,0.5112506,0.48946398,0.48279887,0.46314642,0.43498138,0.35991395,0.35813078,0.51848996,0.33632424,0.4280283,0.44215718,0.41901207,0.4461176,0.46962988,0.44741592,0.40819842,0.4006901,0.45322832,0.43302712,0.4719543,0.47309285,0.45509562,0.46674713,0.49114287,0.4948806,0.4881723,0.4184637,0.43363905,0.40326148,0.43963903,0.40889245,0.39434835,0.4556636,0.46863356,0.47375932,0.45897505,0.51556575,0.5343743,0.4677138,0.4810348,0.34500366,0.41350487,0.47082046,0.42044085,0.4848708,0.46733078,0.47470507,0.46601337,0.45799434,0.52288187,0.50715315,0.48441413,0.42921734,0.50022095,0.47181657,0.43574023,0.40453857,0.45069444,0.44930953,0.5138184,0.48495355,0.51173663,0.4360724,0.3878488,0.44747385,0.45802915,0.51846933,0.47217977,0.4506078,0.52845967,0.44812435,0.44934866,0.43224972,0.46556294,0.3797353,0.38091293,0.4059039,0.4040497,0.40760258,0.4085016,0.41538143,0.43607965,0.42452657,0.4964144,0.5058797,0.48484698,0.5311637,0.5099617,0.42545524,0.46826115,0.4135128,0.45017713,0.47622132,0.42810613,0.4349797,0.4159723,0.43803295,0.4694413,0.49070805,0.390767,0.44439504,0.4160506,0.4334033,0.45843416,0.5042949,0.48524496,0.4486804,0.4433248,0.42175707,0.45583484,0.43596706,0.4713354,0.49421665,0.48059386,0.48753986,0.47644258,0.38005552,0.4287744,0.4160961,0.49958384,0.42988133,0.44124234,0.42912713,0.5374172,0.51114297,0.42869952,0.37030852,0.4941997,0.45346788,0.5294543,0.39101273,0.47898543,0.48763394,0.5060993,0.45939744,0.48205116,0.4372034,0.46095052,0.4987034,0.40049908,0.34981686,0.47764143,0.47780618,0.37979707,0.51861906,0.4748621,0.47412863,0.49851027,0.3789286,0.38877386,0.41690463,0.41883147,0.49061558,0.4831582,0.5131571,0.57222563,0.49250165,0.4451502,0.45905522,0.4951969,0.50378615,0.49647975,0.48682523,0.42195976,0.42382735,0.4443937,0.49933517,0.5248588,0.5113769,0.43920195,0.43969774,0.53228533,0.49212626,0.43194783,0.49259678,0.48308122,0.47012508,0.4777324,0.43323177,0.403819,0.513198,0.5679453,0.44905183,0.43622598,0.43152314,0.36445117,0.33295688,0.52712685,0.38273436,0.39530888,0.4373302,0.43355072,0.43863034,0.4900687,0.43829378,0.43573347,0.44433197,0.46814406,0.44968367,0.5067784,0.45704162,0.46021438,0.49332204,0.4802352,0.49310246,0.454143,0.43109527,0.45670387,0.41301593,0.46751627,0.4368545,0.41509137,0.4549392,0.4582851,0.46097064,0.4494811,0.50146216,0.56140375,0.50310713,0.47466648,0.3598493,0.3725783,0.46535152,0.46958026,0.52668035,0.4576725,0.49836722,0.4068172,0.51871425,0.6006549,0.5580713,0.47587994,0.4684154,0.47655538,0.39697945,0.37075716,0.4230863,0.46966743,0.50064385,0.5203718,0.546792,0.56340945,0.5533134,0.3923415,0.45298684,0.4194327,0.5715284,0.42423332,0.45576796,0.53989214,0.4062869,0.4457631,0.47958735,0.56424665,0.41174045,0.37699145,0.4366875,0.41618502,0.39915988,0.39715147,0.41689888,0.41737416,0.4045505,0.49641198,0.50564986,0.4605495,0.52434915,0.5470762,0.43648955,0.45681047,0.4073783,0.44316068,0.46136174,0.4317737,0.44515094,0.40522134,0.42349347,0.44335312,0.4779114,0.38603783,0.4329404,0.40072393,0.39919436,0.44323546,0.524801,0.53173864,0.4645423,0.38282564,0.43439266,0.47352773,0.42118707,0.40386683,0.51636064,0.46961102,0.48896602,0.49681312,0.40793663,0.41299933,0.38968337,0.48276073,0.38062418,0.40823528,0.43377408,0.50792813,0.5384285,0.44798028,0.38330027,0.48718518,0.46312708,0.49307165,0.34635985,0.47423938,0.49508673,0.49851733,0.44465062,0.44782567,0.50090456,0.4284649,0.46085283,0.3986495,0.36744004,0.46620616,0.4525837,0.38782075,0.50627494,0.48633817,0.4855167,0.50175387,0.37723935,0.38296577,0.38804215,0.4214491,0.48321453,0.4329825,0.52974623,0.56073344,0.47504517,0.48037374,0.4402669,0.42858437,0.49743298,0.5052468,0.4773035,0.47098425,0.4698522,0.46628734,0.4181011,0.42716244,0.45791936,0.4710199,0.4622833,0.47305667,0.48228922,0.4879198,0.47113535
266,0.5342359,0.4748814,0.46127272,0.53124493,0.53555965,0.53564763,0.5507443,0.4111214,0.4154624,0.4487002,0.42682448,0.49585494,0.54932344,0.4453193,0.43876153,0.5564451,0.50310177,0.46535787,0.5295234,0.51591647,0.5033429,0.523792,0.44102496,0.40964586,0.52623796,0.5105833,0.4913798,0.46191767,0.42845723,0.40289593,0.37469178,0.5564439,0.39552703,0.47720417,0.48878828,0.4182462,0.46710044,0.4875831,0.45875356,0.42008102,0.42067227,0.4719996,0.45345858,0.4866185,0.4854632,0.44111097,0.47759992,0.5040621,0.5072555,0.47154477,0.43290058,0.45009792,0.41181365,0.44028762,0.420668,0.42796314,0.4748799,0.4862802,0.5000428,0.4878694,0.54119766,0.57077473,0.49464586,0.5049336,0.38446856,0.43359733,0.5060572,0.44566956,0.5190499,0.51039594,0.50230426,0.5043754,0.47497255,0.5346661,0.5221959,0.51351696,0.45793965,0.50191414,0.47417092,0.41004276,0.4175525,0.44121838,0.44009173,0.5210121,0.49461004,0.51731104,0.46476755,0.42635566,0.4531742,0.47977898,0.5113881,0.4727584,0.45700917,0.55046684,0.4438713,0.44747165,0.43292892,0.48679438,0.40623447,0.41073957,0.4180461,0.42843658,0.42160565,0.42676088,0.4439364,0.4593103,0.41313764,0.5204887,0.5259428,0.5018234,0.5458137,0.52704763,0.45866528,0.49809563,0.43141264,0.4605521,0.4721316,0.44269735,0.45129284,0.4334396,0.45878723,0.4756084,0.47078177,0.40250322,0.42957613,0.4360112,0.43730393,0.45360613,0.4943074,0.5030749,0.46044287,0.484924,0.43871418,0.47068223,0.4430284,0.47279185,0.48870558,0.47839475,0.48194125,0.46952844,0.38888773,0.4212144,0.4169352,0.48832393,0.43602794,0.42957333,0.4707236,0.5438753,0.53978354,0.46413752,0.41377863,0.49661693,0.46975118,0.53473896,0.4115769,0.49216026,0.49715054,0.5162869,0.4672948,0.48608348,0.4692891,0.48430333,0.511756,0.41078085,0.3946328,0.46922955,0.49992204,0.4012896,0.54147494,0.4721843,0.48607892,0.48690298,0.3779701,0.40441287,0.4121403,0.4462557,0.5283864,0.48762438,0.53323907,0.59172314,0.52207756,0.45242834,0.47053286,0.5198878,0.5305348,0.5219026,0.5149429,0.43114278,0.43854362,0.46178496,0.4961333,0.528501,0.5353634,0.4495574,0.43555582,0.5453298,0.4861518,0.44835877,0.5164297,0.49726358,0.490734,0.5011496,0.4392071,0.4187756,0.5195492,0.5774326,0.44332322,0.42993817,0.4361329,0.3977176,0.34894475,0.56259286,0.43004996,0.44344172,0.48732615,0.4354906,0.4602528,0.50388306,0.446736,0.4478315,0.46516392,0.48169562,0.479251,0.515897,0.4650715,0.43952814,0.5031519,0.49686137,0.5065392,0.43511704,0.4442968,0.4742346,0.42475018,0.47213668,0.45034215,0.4427227,0.4731382,0.4753742,0.49102095,0.4788562,0.52805835,0.596624,0.5278047,0.4914194,0.40155256,0.3966032,0.4982862,0.49865064,0.5640028,0.49452782,0.53820485,0.44612518,0.5366444,0.60589564,0.56196314,0.51769423,0.49831265,0.48173624,0.3928135,0.3671524,0.4371152,0.47009113,0.5058497,0.5298769,0.5517598,0.57174706,0.5724333,0.42690524,0.46657106,0.42187202,0.57760286,0.42332318,0.4576708,0.5487249,0.40558186,0.43996793,0.4880781,0.5799288,0.44367754,0.40043905,0.44852996,0.43838295,0.4130672,0.40382034,0.44374543,0.4397395,0.39264813,0.5123396,0.52295184,0.47505367,0.5371041,0.5646835,0.4659902,0.480281,0.41831672,0.45954064,0.45192137,0.44178686,0.4622654,0.42330936,0.43832722,0.44262278,0.46305305,0.38153195,0.41658968,0.4203477,0.40859017,0.4255996,0.51627773,0.5526758,0.47865725,0.42102295,0.45167717,0.498515,0.43437797,0.4153572,0.5063371,0.4700976,0.48397025,0.4916709,0.41152775,0.4092487,0.39300048,0.47117546,0.3875124,0.40629348,0.46473444,0.510972,0.56153643,0.49136978,0.4272911,0.4856296,0.47222906,0.5059544,0.3693337,0.4952686,0.5015695,0.5090679,0.45986152,0.46030605,0.5259615,0.44992384,0.47616097,0.41400167,0.40909868,0.45568195,0.46660978,0.40804553,0.51809794,0.50167775,0.51583683,0.49176764,0.37381244,0.38589898,0.38014686,0.42403728,0.52206635,0.43277842,0.55467737,0.58821374,0.47027007,0.4828656,0.4402829,0.4308678,0.51321083,0.517568,0.4878636,0.48226133,0.48015118,0.47221923,0.43172657,0.44181365,0.45958197,0.47491932,0.4703149,0.48266992,0.49809447,0.50281173,0.4814783
267,0.55153984,0.49246463,0.4675201,0.548051,0.5519444,0.55109334,0.56608206,0.41825217,0.42356196,0.45668387,0.42847547,0.50006175,0.56559366,0.4373944,0.41794375,0.572553,0.5007452,0.4772514,0.5472209,0.53004533,0.5195199,0.53882426,0.45678848,0.42300582,0.52442914,0.51785386,0.48681024,0.45113277,0.41711998,0.43568522,0.38276425,0.57324684,0.44314542,0.50835615,0.5157831,0.4159754,0.48004457,0.49425626,0.46510935,0.4288408,0.4362642,0.4858085,0.46780396,0.49339655,0.49288106,0.43476224,0.48647577,0.5185937,0.52136236,0.4627156,0.44259948,0.46041462,0.41831008,0.43894282,0.42988235,0.45974728,0.487222,0.49370566,0.5139449,0.50442874,0.5502362,0.58569986,0.507337,0.5113132,0.41845614,0.44837978,0.5321122,0.4597291,0.54134065,0.5426561,0.519665,0.5292631,0.48156014,0.53228647,0.5251262,0.53128284,0.48423415,0.5016075,0.46647465,0.39068842,0.4192914,0.42895132,0.42883134,0.5192533,0.49325696,0.50823754,0.48142627,0.46215963,0.45231712,0.4931981,0.4981134,0.46968374,0.46299028,0.5569226,0.44079882,0.4493107,0.42937875,0.49610174,0.42993253,0.43540198,0.4275511,0.44918323,0.43467003,0.442549,0.46936545,0.4759441,0.40450037,0.5296765,0.53274554,0.5112228,0.5407701,0.5298406,0.48214918,0.5157642,0.44720578,0.47388136,0.47536433,0.45652238,0.46089205,0.44682598,0.4721752,0.47924295,0.4463881,0.41308653,0.41379926,0.45039323,0.43707812,0.43992335,0.4744209,0.50838953,0.4690954,0.52085674,0.448993,0.48257893,0.44643041,0.4730573,0.48119408,0.48117977,0.46893126,0.46294695,0.39922217,0.412184,0.41577867,0.47032586,0.43057236,0.42310196,0.507872,0.5419932,0.5507462,0.48924166,0.4471163,0.4993622,0.47931978,0.53621775,0.4271542,0.50817096,0.51242363,0.5265264,0.47798032,0.4874862,0.48239496,0.49091798,0.52063775,0.4206524,0.43519652,0.4569542,0.5125639,0.42021367,0.54431343,0.45668343,0.49200624,0.47346133,0.38108066,0.41789022,0.40706697,0.46338472,0.5526938,0.48704636,0.53485763,0.59071827,0.5389471,0.46407375,0.47559536,0.5348287,0.54783034,0.54161173,0.5357118,0.43692413,0.44835788,0.47570708,0.49447978,0.51891685,0.5523307,0.44514415,0.41936138,0.5582135,0.4898089,0.4634548,0.53993595,0.5145212,0.5098566,0.51965386,0.44720057,0.43035832,0.51433146,0.5682182,0.43263486,0.4180686,0.43821308,0.42445043,0.35908905,0.57776266,0.46251324,0.47667566,0.5186629,0.4350934,0.47509372,0.5078018,0.45214698,0.45399323,0.47797006,0.49066028,0.49934438,0.5168217,0.47053364,0.43100098,0.509206,0.51484954,0.5217454,0.4297559,0.4527105,0.4843993,0.43363315,0.47129086,0.4584059,0.46957415,0.48442504,0.48658407,0.5099429,0.4982614,0.5381624,0.60810953,0.53779304,0.49175185,0.43664804,0.41631562,0.51936513,0.5152131,0.58419394,0.52097297,0.5587743,0.47971866,0.5415629,0.592981,0.5488445,0.5478006,0.5216025,0.48786703,0.38561496,0.36693558,0.44148073,0.46741396,0.5018087,0.5297409,0.54762435,0.5635907,0.5760521,0.45833296,0.4717303,0.4253345,0.57258385,0.4212932,0.45880023,0.54439044,0.40650824,0.44194567,0.48855656,0.58182806,0.4699371,0.41895154,0.45422947,0.45597035,0.42542747,0.4120631,0.46808398,0.45574552,0.38321167,0.5197998,0.52957076,0.48174226,0.53348434,0.56619304,0.48929748,0.4980489,0.4310979,0.47588092,0.45518193,0.45110315,0.47248557,0.43760908,0.44714716,0.4433099,0.44388252,0.3780489,0.40143165,0.43363038,0.41715407,0.40438002,0.4953676,0.5559924,0.48687637,0.4582109,0.46414277,0.5169882,0.44698164,0.42589065,0.5004791,0.47874162,0.47211343,0.48839334,0.4160463,0.40460363,0.39891112,0.45954335,0.38962993,0.408274,0.4944097,0.5141699,0.56936806,0.5204059,0.45980495,0.483941,0.4774519,0.5151306,0.39121306,0.5142571,0.51512796,0.5189794,0.4742126,0.46867225,0.5279061,0.4573223,0.4892066,0.42723182,0.44631585,0.44335535,0.47564924,0.4256465,0.51553696,0.5024442,0.537531,0.47746247,0.37277943,0.3885215,0.37525186,0.4210983,0.5494367,0.43354425,0.55893767,0.5944663,0.46457428,0.4795878,0.44139576,0.43452942,0.52174395,0.5241365,0.4925858,0.4881595,0.48544168,0.4736963,0.44248974,0.45247725,0.45994866,0.47805423,0.4746175,0.48808616,0.50733334,0.5117676,0.48738384
268,0.5532354,0.5124514,0.46864256,0.5514588,0.55640125,0.558594,0.57078296,0.42308182,0.4289665,0.464969,0.4339773,0.49018338,0.572208,0.41439995,0.38383457,0.58718836,0.51189184,0.484009,0.5592907,0.5458494,0.5333552,0.5447141,0.47243676,0.43157384,0.5065405,0.50734365,0.470862,0.43428233,0.39976156,0.4453657,0.37596044,0.56494224,0.46271566,0.51079017,0.51314247,0.4138868,0.48416412,0.49037904,0.46555167,0.43510994,0.4458114,0.49237484,0.47554943,0.49377063,0.49536905,0.438256,0.49157688,0.5339508,0.53561443,0.4630464,0.44624394,0.4629471,0.4226453,0.43631092,0.43759048,0.48570785,0.4920232,0.49071383,0.5147334,0.5077864,0.53980166,0.57634014,0.5032506,0.4961982,0.43498656,0.45495048,0.5417967,0.45727402,0.54653466,0.5564569,0.5221188,0.5332919,0.47503248,0.51587856,0.51494,0.5352832,0.5025093,0.50363064,0.45344043,0.38161328,0.40918878,0.41957012,0.4177171,0.512959,0.48091152,0.4862704,0.47959918,0.48632735,0.44273046,0.4951757,0.4823662,0.4650538,0.46724603,0.5471541,0.43983746,0.45655036,0.418913,0.488907,0.4488482,0.4502286,0.43312594,0.46306568,0.44353905,0.45345694,0.48926243,0.4845697,0.39877665,0.5254924,0.52823406,0.51269925,0.5182094,0.51781,0.4962477,0.5219306,0.460173,0.48906276,0.485782,0.4662279,0.4611319,0.45271456,0.4749109,0.4805388,0.42049125,0.4197065,0.39829004,0.455256,0.4329413,0.4177414,0.44665682,0.4974113,0.47233647,0.54208404,0.44955933,0.48885426,0.44568437,0.47423917,0.47560722,0.4889483,0.45282233,0.46209198,0.4098781,0.4029593,0.41285244,0.44819185,0.41158217,0.42268634,0.53603816,0.5373748,0.5404714,0.4958949,0.4580986,0.50350565,0.48062998,0.53460586,0.4331801,0.5253084,0.5314953,0.5355733,0.49068928,0.48633757,0.47090483,0.4771211,0.5244804,0.426709,0.46016887,0.4444839,0.51568913,0.43241888,0.5292832,0.42736158,0.49255526,0.46014005,0.3859451,0.4255779,0.4016252,0.46260378,0.5572392,0.48215467,0.51734036,0.56950444,0.540573,0.4776657,0.4742868,0.5379772,0.55316854,0.55185544,0.5458407,0.43954623,0.45298195,0.48613352,0.4994213,0.4989026,0.5614275,0.42436525,0.39252567,0.57012147,0.5016,0.4743517,0.559022,0.53189373,0.52453864,0.52912045,0.45602188,0.43573472,0.5019167,0.54208934,0.41941372,0.40342206,0.43582314,0.43604413,0.35763288,0.5688099,0.46815223,0.4855267,0.5225807,0.43380192,0.4823624,0.5035545,0.45403928,0.45509705,0.48254442,0.49378064,0.50896406,0.51212806,0.47423393,0.4361714,0.5100313,0.53144443,0.536171,0.43797788,0.45549178,0.4854934,0.4392486,0.46569714,0.46200952,0.49126917,0.48878765,0.49087662,0.51602745,0.5070679,0.52920693,0.59476846,0.53337777,0.4734888,0.45480716,0.4300359,0.52334595,0.5157931,0.5837254,0.53160816,0.5577238,0.49970502,0.5339448,0.5674147,0.5206636,0.5622549,0.5356914,0.49709016,0.3810546,0.37090322,0.43789333,0.46685404,0.4916746,0.522399,0.5372317,0.5414766,0.56255317,0.47901422,0.466238,0.4290332,0.5589369,0.41913617,0.45828104,0.528181,0.40820152,0.4520942,0.48007232,0.5688778,0.48800564,0.42857647,0.4533969,0.46653914,0.43388447,0.4217748,0.4871215,0.4635985,0.376322,0.5206346,0.5279029,0.48004183,0.51655096,0.5523132,0.505463,0.5115146,0.444241,0.488298,0.47001648,0.45802757,0.4740372,0.44488165,0.44783378,0.44553766,0.42343804,0.37474653,0.38811648,0.43733767,0.42262256,0.38246527,0.46509263,0.540512,0.48769763,0.48505133,0.47054294,0.52584034,0.45653978,0.4342691,0.5025834,0.49343523,0.45781878,0.4913505,0.4228465,0.39958748,0.40637544,0.45100838,0.38484305,0.41330576,0.5185188,0.5208067,0.5616173,0.5276252,0.47057906,0.48347265,0.47903183,0.51886344,0.40538353,0.5285634,0.5330913,0.52615446,0.48606163,0.47172594,0.50383425,0.44756946,0.4975008,0.43420303,0.46869513,0.43319705,0.48073795,0.43686917,0.5014723,0.48722774,0.551105,0.46227854,0.37334546,0.38896358,0.37295994,0.41140735,0.5602773,0.43435228,0.54281044,0.5784902,0.4588924,0.47145742,0.4441369,0.4397232,0.521755,0.5244264,0.49070674,0.48734263,0.48520386,0.4707305,0.44777784,0.45701882,0.4598953,0.48063064,0.47532195,0.48953295,0.5085422,0.51370704,0.48822457
269,0.5405838,0.5320144,0.46578836,0.5422332,0.5494812,0.5582774,0.5655813,0.4269979,0.4332338,0.47485134,0.4460672,0.4693988,0.5703754,0.38011467,0.34266776,0.599463,0.5359628,0.4855535,0.5664839,0.5616616,0.54389286,0.54220676,0.48568267,0.43425733,0.4774071,0.48117387,0.44735968,0.4157648,0.3792127,0.42674235,0.3545451,0.5316833,0.44812912,0.4822279,0.47887966,0.41517314,0.48081312,0.47920498,0.4619965,0.44013232,0.44961098,0.4915625,0.47748476,0.48909664,0.49446556,0.45300242,0.4918023,0.54997456,0.5491396,0.47445548,0.44523242,0.4581686,0.42614162,0.43288785,0.4446214,0.5023099,0.4906825,0.4801591,0.5046508,0.4990928,0.51018196,0.543888,0.48570326,0.46063706,0.42791605,0.45390484,0.53324735,0.43895572,0.5332492,0.5492856,0.5083078,0.5151095,0.45862702,0.48966432,0.49477795,0.52695173,0.51070696,0.51108235,0.44262052,0.38749894,0.39280373,0.4194831,0.41076764,0.5055769,0.4616277,0.45653427,0.45932955,0.49299988,0.42708844,0.48548046,0.46797588,0.46208212,0.46909472,0.52263165,0.4441172,0.46963626,0.4031038,0.46434116,0.4623024,0.45364892,0.4344998,0.46973845,0.44715232,0.45859686,0.5023427,0.4859228,0.39632663,0.5111358,0.5150801,0.50740767,0.48374203,0.49211383,0.50151753,0.5191018,0.4694547,0.5043214,0.50272065,0.47030568,0.45163122,0.45031556,0.46689567,0.480329,0.39727673,0.42106733,0.3854034,0.45019105,0.42726123,0.39084443,0.4163614,0.47236797,0.46896884,0.5433117,0.4428389,0.48893625,0.4419849,0.4787229,0.4765754,0.50247896,0.43841803,0.46947965,0.4196525,0.39594504,0.411129,0.4278525,0.3839456,0.43121755,0.5524861,0.5349501,0.5112338,0.48235086,0.44344115,0.5096786,0.47421235,0.5319499,0.42932102,0.5412214,0.5516553,0.54441535,0.5039352,0.48325473,0.4359477,0.4458456,0.52443033,0.42684242,0.46393114,0.43592393,0.5115611,0.43624166,0.5029703,0.3891567,0.49162102,0.44946462,0.39088002,0.4261902,0.39640677,0.44204283,0.54188836,0.47428244,0.4836444,0.5312651,0.52822894,0.49046046,0.46810928,0.5304023,0.54724646,0.55210274,0.5447753,0.4405217,0.4543507,0.49392012,0.5137569,0.47323036,0.5635716,0.3908356,0.36035138,0.5809307,0.52121794,0.4791064,0.5726495,0.5473577,0.532516,0.52889144,0.46360162,0.43449658,0.4865035,0.503538,0.40647396,0.38853553,0.43012953,0.428475,0.3445317,0.53565687,0.4430899,0.46843445,0.49663088,0.43490362,0.4833718,0.49415183,0.45446172,0.45289645,0.48064402,0.49168095,0.5084424,0.50377154,0.47737053,0.4550594,0.5053592,0.5457643,0.5486134,0.45935678,0.4542275,0.47836787,0.44276696,0.45674032,0.46271375,0.50409937,0.4881256,0.49012688,0.5108576,0.50620776,0.50171655,0.55893224,0.5181195,0.43799996,0.45065182,0.43996304,0.5092546,0.5015674,0.5618693,0.52538204,0.5372432,0.5009619,0.5180753,0.53508115,0.4825059,0.5609128,0.5407407,0.5105821,0.38525873,0.3821178,0.43203396,0.4739438,0.48084003,0.51070464,0.5247882,0.51066214,0.53337675,0.48381025,0.45114315,0.43207374,0.5401171,0.41960785,0.4556037,0.5028542,0.41322598,0.46927664,0.46543255,0.5421234,0.4977163,0.42860222,0.4472765,0.47099197,0.43816513,0.43275028,0.49967918,0.463808,0.3724058,0.51646394,0.5204063,0.47160065,0.49226448,0.524744,0.5140402,0.52158594,0.45615777,0.4945447,0.49365813,0.4616659,0.46718705,0.4440963,0.44109643,0.44937214,0.40568545,0.37150487,0.37781724,0.43162385,0.42534697,0.36292285,0.43085968,0.50939554,0.48107386,0.49521768,0.47316623,0.5243642,0.46191227,0.4407638,0.51490194,0.5132509,0.44513834,0.5020689,0.431428,0.39579877,0.4158147,0.44979894,0.3760331,0.4233931,0.53428465,0.5324578,0.54177636,0.5113443,0.45726946,0.4853603,0.47798577,0.51786625,0.4090177,0.53616476,0.5520636,0.5313965,0.49395788,0.47004282,0.45626682,0.42329696,0.5007938,0.4329268,0.47044894,0.42832762,0.48356405,0.44063553,0.4814455,0.4597997,0.5587246,0.44924152,0.37499797,0.3872518,0.37292454,0.39500248,0.55419046,0.43504855,0.5101304,0.54258835,0.45386943,0.46007225,0.4485868,0.44620636,0.51375335,0.51874816,0.48290303,0.48015317,0.48020715,0.46435437,0.44688076,0.45505136,0.45972723,0.48258883,0.47275734,0.48742026,0.50195706,0.5087999,0.484422
270,0.5172056,0.54838765,0.4604616,0.5234901,0.53402835,0.5525847,0.55322737,0.43150085,0.4389872,0.4863032,0.46726257,0.4450192,0.56171817,0.34186733,0.30333465,0.6090239,0.5699624,0.48348635,0.5718136,0.5763798,0.5517266,0.53526294,0.49452606,0.43181983,0.44477078,0.44758198,0.42117643,0.39976668,0.36146042,0.38443783,0.3249129,0.47809103,0.40474832,0.4292717,0.41999245,0.42327538,0.4724805,0.46459725,0.45882905,0.444625,0.44911012,0.4850428,0.47469538,0.47959805,0.49218833,0.47824937,0.48679087,0.56603223,0.56074524,0.4982108,0.4427965,0.4480357,0.43054253,0.42856723,0.4504655,0.505997,0.48545,0.46660185,0.48753506,0.48044604,0.4650968,0.49326774,0.46237272,0.41053966,0.3991857,0.44801328,0.50983524,0.41039458,0.50402796,0.52373105,0.4800598,0.47924277,0.43992913,0.46111158,0.47157377,0.51056725,0.51026845,0.5237344,0.44151703,0.41221905,0.37948155,0.43309256,0.4120725,0.4976472,0.44164553,0.42597213,0.42703542,0.48128358,0.41198263,0.46641728,0.45750642,0.4632603,0.46866858,0.4868064,0.45782918,0.48656872,0.38687053,0.42575762,0.46956238,0.44712183,0.43203992,0.470911,0.44660223,0.45832196,0.5074645,0.48140404,0.3982408,0.4894848,0.49499857,0.4973672,0.44527775,0.45583412,0.49683988,0.508685,0.4730936,0.51645005,0.5243612,0.469233,0.4341287,0.44137874,0.4506154,0.47958612,0.3815514,0.4181111,0.37874582,0.43781215,0.42280942,0.3658305,0.39135727,0.44117874,0.459707,0.5242862,0.43527666,0.48451763,0.43804303,0.48814404,0.48705643,0.5225233,0.43000183,0.4834892,0.42742914,0.39322776,0.41434678,0.416578,0.35741442,0.45193595,0.55496484,0.5361588,0.47045046,0.4537265,0.40903324,0.51682454,0.46164715,0.53013104,0.41848245,0.5532618,0.56949264,0.55498385,0.5154767,0.47831902,0.38586542,0.40551546,0.5227398,0.42087576,0.44850653,0.4336938,0.50285536,0.4326926,0.47419542,0.3513664,0.49461856,0.44412994,0.3956208,0.42106777,0.39303136,0.4065197,0.51225126,0.46487784,0.44008029,0.48201117,0.50560737,0.50035864,0.45885465,0.51525366,0.53324676,0.5448246,0.5345034,0.44158825,0.45530385,0.49975216,0.5359917,0.4475553,0.55983764,0.3520844,0.33013907,0.58993894,0.5488937,0.47802907,0.58221847,0.5603421,0.5334468,0.52245855,0.46774125,0.4287555,0.47061053,0.45931584,0.396384,0.3755615,0.42535874,0.4040722,0.3250293,0.48263136,0.39277086,0.43167093,0.44532752,0.44218582,0.48007017,0.48216918,0.45731732,0.44862676,0.47462314,0.48628178,0.49817243,0.49209467,0.4806842,0.48552495,0.49585247,0.5582116,0.5586236,0.49294445,0.45209342,0.46583715,0.4459717,0.44562584,0.46127653,0.5049559,0.48474085,0.4878796,0.49787995,0.49652222,0.45925337,0.5062555,0.49757564,0.3905689,0.4251866,0.45010033,0.480617,0.47742444,0.5210761,0.5056887,0.502903,0.4824515,0.5007873,0.5010397,0.44210985,0.54694134,0.5388415,0.5272038,0.40312728,0.40492094,0.43115684,0.49177456,0.47468936,0.49636063,0.5141895,0.47750798,0.49319616,0.47203562,0.43066537,0.43403336,0.51950747,0.4258223,0.45106056,0.47198573,0.42717382,0.49041703,0.4501954,0.50495607,0.49959174,0.4211505,0.43800944,0.4722501,0.43975878,0.44404665,0.5054334,0.45806608,0.37273484,0.5070722,0.50773686,0.45942166,0.46753854,0.48591346,0.5134427,0.52629536,0.4646413,0.49400577,0.52205014,0.462016,0.4538242,0.43634525,0.42964014,0.45488447,0.39501655,0.36938676,0.3726911,0.4192451,0.4272904,0.349031,0.3998121,0.47006288,0.46863565,0.48754027,0.47690585,0.51465106,0.4636581,0.44714922,0.5366383,0.5382698,0.43690988,0.5180232,0.4396597,0.394846,0.42830667,0.45992348,0.37043175,0.44223422,0.53965527,0.5473032,0.5161439,0.47593847,0.42575628,0.48942903,0.47476298,0.5145388,0.40362746,0.5362896,0.5684679,0.53726685,0.49653322,0.46477276,0.39431697,0.3916664,0.50113195,0.4239276,0.4522796,0.4293986,0.4850388,0.43853134,0.46209794,0.42772353,0.56266475,0.44026598,0.37777972,0.3853742,0.37556523,0.37374693,0.5349429,0.43651816,0.4674563,0.4923293,0.4496016,0.4468085,0.45421922,0.45329267,0.49956563,0.5077876,0.4711057,0.4684391,0.4719945,0.4561295,0.4409624,0.44779718,0.45891348,0.4832723,0.4668678,0.48173767,0.48922935,0.4981409,0.4770749
271,0.48844624,0.559968,0.4546112,0.50021154,0.5147069,0.54561365,0.5383356,0.43767083,0.4487581,0.49841765,0.49820107,0.42472035,0.54810715,0.30823946,0.27408043,0.61530703,0.60823447,0.48122045,0.57889533,0.59003615,0.5588501,0.52963895,0.49901316,0.42608997,0.41569546,0.41665804,0.3977365,0.38937125,0.35349596,0.3315084,0.29669678,0.41317937,0.34685794,0.36624637,0.35084164,0.4403272,0.46261287,0.45018235,0.46142334,0.44875896,0.4462931,0.4759695,0.46818247,0.4650383,0.49097118,0.51081294,0.47696057,0.580962,0.56913674,0.5334014,0.4425822,0.4353136,0.43728733,0.42284513,0.4535734,0.493953,0.47828555,0.45436084,0.4677112,0.45452964,0.41123676,0.4322017,0.44153225,0.35547182,0.35799393,0.441006,0.47732398,0.37961417,0.46380144,0.48545647,0.44172627,0.43377778,0.42651057,0.43716642,0.4521836,0.4901553,0.5042986,0.53772765,0.45427945,0.45670736,0.37790355,0.46126744,0.42432404,0.4870371,0.4267788,0.40063393,0.39214727,0.45502126,0.4046141,0.441868,0.45170352,0.46923673,0.46641713,0.44440013,0.4849269,0.5033624,0.3761052,0.38040537,0.4693151,0.43416366,0.42652896,0.4692199,0.44385117,0.45379454,0.50367516,0.4723761,0.40543678,0.4622435,0.46866858,0.4848634,0.4104757,0.4140604,0.4799804,0.4904418,0.46819475,0.52127486,0.54758334,0.4650055,0.4119917,0.4290691,0.4307451,0.47870827,0.37650865,0.41348693,0.38151956,0.42306077,0.42185625,0.3487647,0.37810993,0.41244832,0.44629627,0.4886338,0.4338685,0.4781015,0.4370069,0.5029596,0.5068679,0.54896355,0.43007907,0.4995697,0.4336966,0.3967694,0.4261981,0.42040396,0.34245127,0.48701367,0.54148,0.53839856,0.42743167,0.4186572,0.36659402,0.5231862,0.44598705,0.53020984,0.405634,0.5602485,0.58164704,0.5692381,0.524093,0.47186127,0.33370435,0.3669393,0.5220564,0.41013253,0.42160428,0.43772274,0.4913272,0.42464307,0.4501698,0.32358977,0.50544983,0.44546366,0.4004658,0.41339338,0.39324597,0.36513123,0.47633538,0.455064,0.39480737,0.429539,0.47807005,0.5070549,0.44884318,0.49720958,0.516118,0.53494185,0.5198068,0.4439386,0.45827863,0.50428367,0.56073004,0.42595384,0.551436,0.3170432,0.3089255,0.5954037,0.5838415,0.4743033,0.59053034,0.572346,0.5300906,0.51621115,0.46822795,0.42163378,0.4544527,0.4159363,0.39180955,0.36660337,0.4272635,0.37122834,0.30753252,0.4183718,0.33141848,0.38749653,0.38016936,0.4583013,0.47453815,0.46944603,0.46651843,0.44280025,0.46681055,0.47988605,0.47868118,0.47650108,0.48491395,0.52327955,0.48277634,0.5699477,0.56613964,0.53655696,0.45236024,0.4517052,0.45054334,0.4330637,0.45756847,0.4917725,0.480108,0.48759943,0.4810134,0.47877145,0.40799055,0.44522792,0.47708184,0.34001875,0.38582036,0.46396613,0.44371605,0.45032156,0.4666645,0.47807762,0.4616631,0.4476629,0.48784772,0.46748716,0.40608153,0.52434415,0.53238714,0.5434272,0.43736097,0.44327155,0.44130844,0.51940405,0.47658017,0.47983286,0.5075598,0.4471538,0.4477689,0.44722593,0.4098585,0.43531242,0.4994285,0.43979543,0.44549385,0.43909812,0.4565321,0.51149523,0.44033912,0.46228403,0.49371186,0.40952566,0.42794126,0.4735196,0.44034225,0.45416862,0.5047113,0.44840258,0.37840226,0.4908581,0.48902366,0.4466047,0.44795004,0.43897694,0.50150526,0.5213354,0.46711943,0.48716596,0.550547,0.46001807,0.43654734,0.42397526,0.4176612,0.46208408,0.39409104,0.3700448,0.37440285,0.40471333,0.43142718,0.34332117,0.37754014,0.43038437,0.4526807,0.46545935,0.4867826,0.50036275,0.46391338,0.45633793,0.5634654,0.5684079,0.43410382,0.53354883,0.4458892,0.39870209,0.4457227,0.48321742,0.37668675,0.47366038,0.53298825,0.5606333,0.4909035,0.42990795,0.38739014,0.4948361,0.46989116,0.51239413,0.3943991,0.53065383,0.57925844,0.54707503,0.49443698,0.45799693,0.3314334,0.36199993,0.50229764,0.40991896,0.42112374,0.43441844,0.48491082,0.43378782,0.44830674,0.39924443,0.5633153,0.43552,0.3816583,0.3859145,0.38164893,0.35142815,0.508279,0.43982574,0.4225936,0.43613616,0.44593847,0.43260878,0.45937085,0.4596708,0.48165724,0.49238917,0.45781347,0.45487174,0.4622734,0.44765854,0.43232322,0.437382,0.45639393,0.4817696,0.45743936,0.47233966,0.47308478,0.48360658,0.46763986
272,0.4609097,0.5664994,0.45087022,0.4783523,0.49685797,0.54146314,0.5262109,0.4465549,0.46415833,0.5094379,0.5358812,0.4127562,0.53166425,0.28776163,0.26180303,0.6169351,0.64342475,0.48259193,0.58956563,0.6027583,0.5667591,0.5296541,0.50190544,0.42019516,0.39364156,0.39561492,0.38172075,0.38613534,0.36182946,0.28606224,0.28094348,0.35041434,0.2944352,0.31188458,0.2889901,0.46557757,0.45498344,0.43903342,0.47308612,0.4529522,0.44399562,0.46840683,0.4592757,0.4463966,0.49253622,0.54543597,0.46482596,0.5928896,0.57331693,0.57574594,0.44783682,0.4242305,0.4477436,0.417091,0.45299718,0.4677929,0.47072545,0.44640487,0.44896162,0.4251166,0.3582597,0.37128478,0.4294038,0.30774996,0.31956172,0.43714136,0.44237837,0.3562843,0.41923955,0.44262147,0.40093115,0.3893766,0.4234555,0.4211093,0.43920505,0.46699017,0.4966777,0.5469562,0.47895262,0.5163077,0.39264995,0.5001589,0.44837555,0.47055018,0.42133626,0.38400128,0.36422983,0.42279714,0.4097736,0.4172032,0.44963288,0.47855794,0.4629315,0.40111747,0.5260172,0.516315,0.37687638,0.33950827,0.46093988,0.4203521,0.42047873,0.4678371,0.4410888,0.44745535,0.49146247,0.46086633,0.41813645,0.43111613,0.43752012,0.47212163,0.38474873,0.374197,0.45047608,0.4644181,0.45401254,0.51692504,0.5692279,0.46085232,0.39058235,0.41787073,0.41421276,0.4772199,0.3823664,0.4111882,0.39500943,0.41241255,0.42653206,0.34307244,0.3789223,0.3914081,0.43089107,0.4441186,0.4433887,0.47185564,0.4409498,0.5214498,0.53185093,0.5794735,0.43773592,0.5119355,0.4413041,0.40901515,0.4495966,0.4421683,0.3476511,0.5351743,0.5128401,0.5359541,0.3910525,0.38638225,0.33112174,0.527409,0.43247244,0.53220457,0.3978195,0.56310236,0.58607644,0.587225,0.53056556,0.46575752,0.29252017,0.34101442,0.52442986,0.3975562,0.3949865,0.4458344,0.47744596,0.4169628,0.43337125,0.31334627,0.5237892,0.45221528,0.40628237,0.40811825,0.39838907,0.32886282,0.4422841,0.44531542,0.3563294,0.3817932,0.45221615,0.51232594,0.44122759,0.4814645,0.50105554,0.52805245,0.5073602,0.44853157,0.4647935,0.5080053,0.5799484,0.40920764,0.5398969,0.2944495,0.30298623,0.5946673,0.62212455,0.4725891,0.5996556,0.58535117,0.5270606,0.51607466,0.4680938,0.41646045,0.43631473,0.37780374,0.39510214,0.3637623,0.4404493,0.34274676,0.30223867,0.35556766,0.2786701,0.35161504,0.31827202,0.48279735,0.46859312,0.45717415,0.48326197,0.4364538,0.45948377,0.4742719,0.45227078,0.4571949,0.49023718,0.5621816,0.46893513,0.5815832,0.5707938,0.5852905,0.45742714,0.44067803,0.4582209,0.4213415,0.45184892,0.4665311,0.47487092,0.491231,0.46346053,0.4550962,0.3569995,0.38687867,0.4604285,0.29789403,0.34663853,0.48345557,0.40637463,0.4286275,0.40716386,0.44857234,0.42061153,0.4062908,0.48106697,0.4329896,0.3769414,0.49576303,0.5230953,0.55427206,0.48578337,0.49740708,0.46492445,0.55064,0.48647153,0.4614204,0.50507164,0.42227656,0.40281013,0.41665506,0.39243087,0.4372898,0.48043862,0.4613269,0.44025546,0.40746728,0.50405407,0.52944994,0.44068694,0.42078575,0.4801977,0.39824352,0.42029572,0.47708553,0.44081718,0.46220005,0.49883696,0.43748263,0.38977757,0.46716318,0.463847,0.43561333,0.4363791,0.3892729,0.47794425,0.50278026,0.463503,0.4768743,0.57535505,0.45762226,0.4187858,0.41099682,0.41068727,0.47051585,0.4023424,0.3755053,0.3832086,0.39404455,0.44142538,0.34680656,0.36581087,0.3953102,0.43542218,0.43684605,0.50493044,0.48500407,0.4655155,0.4707282,0.58810997,0.60127944,0.43534392,0.5420232,0.4502645,0.41019246,0.4699694,0.5168032,0.40184817,0.51867956,0.514754,0.5662478,0.46991086,0.3842742,0.35621288,0.50065887,0.46504673,0.5150114,0.38965327,0.5231458,0.58307725,0.56271905,0.49116415,0.4535648,0.28048563,0.3439997,0.5078625,0.39616016,0.3899085,0.43995786,0.48181924,0.43080834,0.44085333,0.38134933,0.5584204,0.4331255,0.38713735,0.3914252,0.39201954,0.33345872,0.48036036,0.44488367,0.38346228,0.3839461,0.44297945,0.41901097,0.46145186,0.46354553,0.46300113,0.4740505,0.44548494,0.44235873,0.45266896,0.44049653,0.42444023,0.42682758,0.45146674,0.47756627,0.44516644,0.4598225,0.45708507,0.46779612,0.45789036
273,0.43974468,0.5685908,0.45066524,0.4619711,0.48359543,0.5410957,0.51933146,0.4587625,0.4843071,0.51560414,0.57254946,0.40911323,0.51310056,0.28602684,0.27080384,0.61160785,0.66856915,0.48942602,0.6008241,0.6129298,0.5737655,0.53461814,0.5067212,0.41853973,0.3788234,0.38714448,0.373954,0.38981932,0.38936642,0.26449755,0.2872222,0.30484495,0.26619056,0.2815185,0.24908282,0.49387738,0.45075208,0.43199387,0.49089587,0.457457,0.44523168,0.46492428,0.44947338,0.4261468,0.4950747,0.57576513,0.45565537,0.5986597,0.5726769,0.6172253,0.46020088,0.42017663,0.4626593,0.4159552,0.4494802,0.43724272,0.464107,0.443178,0.43284532,0.39671618,0.31714422,0.32310247,0.42867303,0.2786251,0.3001126,0.43959552,0.4142515,0.34963438,0.3802594,0.4069955,0.36859366,0.35858908,0.43257424,0.41273248,0.4314516,0.44212866,0.49248186,0.54541165,0.5060702,0.5781382,0.42249906,0.53960586,0.4810712,0.4456991,0.4262502,0.37589008,0.3517012,0.39741564,0.42756173,0.39913487,0.44821647,0.48777324,0.45957,0.36389625,0.57345515,0.5239274,0.3934769,0.31467748,0.44666576,0.41275743,0.41849497,0.46947235,0.4408889,0.44293174,0.4736244,0.4497977,0.43634325,0.39915797,0.4050063,0.46131462,0.36934727,0.34405282,0.41260135,0.4328446,0.43550542,0.50764245,0.5875748,0.46072996,0.37706095,0.4138699,0.40771076,0.47457534,0.39762044,0.41568035,0.41861978,0.41140997,0.4382379,0.351075,0.39264187,0.38136408,0.4179077,0.40426052,0.46390784,0.4677981,0.45007226,0.5383949,0.55388135,0.60841984,0.4483003,0.51542836,0.4537042,0.43054545,0.4831111,0.47763065,0.37587795,0.58783245,0.47631943,0.52204955,0.3688419,0.36682788,0.31742117,0.5277522,0.4258995,0.5341239,0.40241054,0.5631988,0.5835269,0.60436386,0.5361156,0.46238306,0.2708928,0.33529845,0.52955186,0.38827696,0.3823608,0.4547557,0.46071452,0.41621637,0.4208919,0.32347706,0.5436932,0.46156216,0.41563836,0.41065255,0.40965185,0.3094681,0.41830277,0.4352402,0.33066717,0.34418783,0.43324658,0.5190021,0.4379699,0.47072673,0.49044508,0.5265554,0.5015288,0.45595858,0.474569,0.50987536,0.5853131,0.3961813,0.52583724,0.2902783,0.3162271,0.58497924,0.65588576,0.47641015,0.60818386,0.59802014,0.52671134,0.52286565,0.47208112,0.4166045,0.41460174,0.34837255,0.40604237,0.36877948,0.46476004,0.3315073,0.31827918,0.3086229,0.25086376,0.33764413,0.27668858,0.5098853,0.46223238,0.4449104,0.5032184,0.43142915,0.45385534,0.46959624,0.42407307,0.43606317,0.49426407,0.59518385,0.45914337,0.59103197,0.5711406,0.63080406,0.46779945,0.437341,0.47009918,0.41535592,0.4453404,0.4385589,0.46952537,0.49789956,0.4464734,0.42923543,0.3170632,0.34234896,0.44961354,0.2743244,0.32462433,0.50799745,0.37869754,0.42012227,0.3553646,0.42498186,0.38762125,0.37427902,0.47908446,0.39602825,0.35585165,0.46525258,0.5128997,0.555106,0.5381582,0.5586392,0.49872035,0.57469493,0.499398,0.4416048,0.50510633,0.40292794,0.3662301,0.39115843,0.38134855,0.4421459,0.46103412,0.48708212,0.43737456,0.38060662,0.56231225,0.54298306,0.45311508,0.38897333,0.46093503,0.3938627,0.4190119,0.48319843,0.44186577,0.4685961,0.48982263,0.4287489,0.40713373,0.43824536,0.4341687,0.42826736,0.43163496,0.34524423,0.4465751,0.47074652,0.45892462,0.46944225,0.5950802,0.45763996,0.40530923,0.4038446,0.4132987,0.4791311,0.4170717,0.388133,0.39946935,0.3933634,0.4597226,0.3599105,0.3643826,0.36906162,0.4205369,0.41437343,0.52835876,0.47146326,0.47077924,0.4901514,0.6029179,0.6310918,0.43820706,0.53944355,0.45450243,0.4307666,0.5001874,0.5514202,0.44689476,0.57097155,0.48991826,0.5584235,0.4550046,0.35195506,0.34542722,0.5048791,0.46182293,0.52297586,0.3986957,0.51706797,0.58165836,0.5807825,0.4903022,0.45510113,0.2497392,0.3448572,0.5182752,0.3898972,0.37399656,0.4433671,0.47348166,0.43424132,0.43701783,0.37838703,0.5460614,0.43033525,0.39684126,0.40413955,0.40802917,0.32616404,0.45757025,0.4502617,0.35572612,0.34363085,0.44118723,0.4088577,0.45947644,0.46448088,0.44700655,0.45548782,0.4360569,0.43325824,0.44457945,0.4359031,0.4221725,0.4204837,0.44468287,0.47088236,0.43218657,0.44586006,0.44447815,0.45327628,0.44963196
274,0.42604655,0.567545,0.45374623,0.45180348,0.47463125,0.5411215,0.5153836,0.4730298,0.5050343,0.5118717,0.5979179,0.41106588,0.4923271,0.30252573,0.29965228,0.5982425,0.67944807,0.5010115,0.6062064,0.617821,0.57606924,0.5389351,0.51549375,0.42315522,0.36992693,0.3900463,0.37144175,0.39852238,0.43182877,0.2756472,0.32005453,0.28509414,0.27207357,0.28060997,0.23800364,0.5177951,0.44725588,0.42675453,0.50754696,0.46104613,0.4503944,0.46556532,0.43834257,0.40616915,0.494636,0.59653306,0.45470062,0.5952667,0.56836116,0.64831173,0.4785219,0.4267284,0.48024136,0.42376167,0.44423202,0.41431502,0.45899814,0.44184506,0.41848254,0.37199357,0.294665,0.2956068,0.43626335,0.2724807,0.3087812,0.4479999,0.40255272,0.36282218,0.3572115,0.3896209,0.35338065,0.34999657,0.45014095,0.40981308,0.42776367,0.42009777,0.4957036,0.52872384,0.52246064,0.62428087,0.46039718,0.56545943,0.5124691,0.41208684,0.4361212,0.37186703,0.3593471,0.39050266,0.4526481,0.39297765,0.44252345,0.4923696,0.45814794,0.33859587,0.61303854,0.5256343,0.42352992,0.31047878,0.4303916,0.41607246,0.42400894,0.47419456,0.44481203,0.4422883,0.45341352,0.4413802,0.45854887,0.3689983,0.37465775,0.45417044,0.35986733,0.3270333,0.37334672,0.3989565,0.41985083,0.5009374,0.6011627,0.46746564,0.37736812,0.42219654,0.41452435,0.47113174,0.42035106,0.42873988,0.45013413,0.42275664,0.45615748,0.37512538,0.4166641,0.38535613,0.4138988,0.38322675,0.4894677,0.46737888,0.46341148,0.54688126,0.56414574,0.62885714,0.4561136,0.50754154,0.47297603,0.4582261,0.51958674,0.51356333,0.41970035,0.6314799,0.44251084,0.4919329,0.36377743,0.3687044,0.33391723,0.52318037,0.42792204,0.5322686,0.42318806,0.5613291,0.57730156,0.61408377,0.54162574,0.46313915,0.27200434,0.3497599,0.534418,0.3879283,0.3931155,0.46135268,0.4409693,0.42676663,0.40671676,0.34905884,0.555539,0.4711735,0.4304516,0.4225642,0.42700157,0.3165462,0.40968153,0.42412478,0.3174161,0.31710097,0.42225337,0.52885073,0.43906164,0.46421528,0.4828296,0.527647,0.5010736,0.46544927,0.48501483,0.5068706,0.5712676,0.38633105,0.50940716,0.30496252,0.34673843,0.5661584,0.6770033,0.48701894,0.6121175,0.6056296,0.52787346,0.53072894,0.48358312,0.4230588,0.38968614,0.3306427,0.4219519,0.38284895,0.49479488,0.34529537,0.3599179,0.28662336,0.2550242,0.35099366,0.26512113,0.5311656,0.45368713,0.4305644,0.5192215,0.4287079,0.44908106,0.46524358,0.3989594,0.41499412,0.49373263,0.61669827,0.45816845,0.59425366,0.5667875,0.664109,0.4817009,0.44381914,0.48489624,0.4187965,0.43882167,0.41976663,0.46429577,0.503924,0.42956477,0.40408206,0.2954429,0.31641078,0.44370323,0.2728179,0.3309984,0.5333847,0.37040338,0.42721942,0.32358295,0.4156876,0.3697219,0.36582547,0.47933647,0.358627,0.3459923,0.44127733,0.5043825,0.54287964,0.5797279,0.61029565,0.533811,0.581317,0.50601417,0.42030907,0.50381476,0.38668635,0.3465198,0.38141882,0.3797731,0.45161816,0.43870822,0.51152825,0.43849456,0.36150968,0.6147744,0.5511545,0.4740147,0.37257788,0.43950433,0.40208602,0.4261159,0.4898173,0.4439743,0.4740199,0.47917023,0.42519182,0.429854,0.4074232,0.40353033,0.4256998,0.42754224,0.31419215,0.41355273,0.43031064,0.4597293,0.47100556,0.609732,0.4628267,0.4008583,0.40870127,0.42703408,0.487196,0.43544078,0.40838617,0.42414057,0.4066787,0.48548308,0.38354042,0.37366936,0.35723296,0.41382375,0.4107558,0.5499274,0.46238646,0.4809119,0.5120915,0.60279125,0.6511395,0.44147733,0.52651894,0.46140903,0.45859045,0.5324484,0.57492024,0.50279695,0.61764157,0.4658,0.53438634,0.4461455,0.34368744,0.3623729,0.50575274,0.4611183,0.5323004,0.42762184,0.5138164,0.57906103,0.59377664,0.4935645,0.46306127,0.2420549,0.3658129,0.530562,0.39732784,0.38323355,0.44406706,0.45824027,0.44620055,0.43315232,0.38989028,0.527508,0.42597422,0.4129034,0.42352745,0.43028265,0.3355425,0.44499275,0.45470002,0.33909032,0.31755263,0.44060227,0.40452853,0.45568684,0.464794,0.43581346,0.43918273,0.4304485,0.42844883,0.43879762,0.4341927,0.42965287,0.42262,0.4372212,0.46235406,0.42043138,0.4321019,0.43625864,0.44137007,0.44377613
275,0.41868588,0.5632986,0.4605463,0.4473762,0.46834925,0.5355015,0.5089492,0.48619837,0.52077854,0.4939641,0.60184586,0.4153768,0.47132424,0.3333713,0.34231526,0.5774811,0.6725686,0.51470286,0.59969807,0.6136541,0.56969595,0.53535295,0.5274802,0.43127373,0.36508483,0.4011645,0.37189475,0.409189,0.48001733,0.32352126,0.37930173,0.291611,0.31597602,0.30918953,0.2581875,0.53190136,0.4410328,0.41966534,0.5182299,0.46116135,0.4560284,0.46991727,0.4228348,0.38621512,0.48857307,0.60246956,0.46397826,0.58074504,0.5623962,0.66010785,0.49947223,0.44403034,0.49603966,0.44115072,0.43711057,0.40367886,0.45410445,0.43811798,0.4045277,0.35050124,0.2915942,0.2888006,0.44521797,0.2878802,0.34717712,0.45923313,0.4115775,0.39210784,0.3541449,0.39420724,0.35752726,0.364606,0.4687505,0.40937254,0.4277781,0.40528005,0.50589114,0.49328575,0.5190866,0.6406746,0.49696934,0.56546295,0.5298662,0.37111056,0.4425079,0.36618656,0.38682222,0.40671226,0.47743058,0.4004869,0.42892,0.48832774,0.4593144,0.3269317,0.6321663,0.51853704,0.45911828,0.32433873,0.4133621,0.42978126,0.4365446,0.47876564,0.4514487,0.44392955,0.43134755,0.43546355,0.48018855,0.34071693,0.34761107,0.4502907,0.3494756,0.32154092,0.33712578,0.3641223,0.4089558,0.49939355,0.60565186,0.48099548,0.39360046,0.4432542,0.43507844,0.46722457,0.44763222,0.44781536,0.4855691,0.44679022,0.47623062,0.41536736,0.4475972,0.40477362,0.42278287,0.38788265,0.5120787,0.47045004,0.47913852,0.5410738,0.5558549,0.63424367,0.45711303,0.4865489,0.49818563,0.48725617,0.54996186,0.5355617,0.4667639,0.65495175,0.41617602,0.44366732,0.37369585,0.39550608,0.38152754,0.51524514,0.43862948,0.5222891,0.4583344,0.5569893,0.56888586,0.6114163,0.5471218,0.46808273,0.29731846,0.378404,0.5338069,0.40000248,0.42800653,0.46297562,0.41854885,0.4474973,0.38530794,0.3813754,0.55116105,0.47919968,0.44906548,0.44042096,0.4481209,0.3552383,0.4164247,0.41190726,0.31140026,0.2979209,0.41799143,0.5403009,0.44479868,0.460589,0.47529128,0.5253688,0.5007473,0.47508338,0.49259633,0.49503875,0.53418493,0.37988237,0.49199134,0.3354877,0.38719162,0.5409411,0.67918,0.5031092,0.60691476,0.60272974,0.5282179,0.53073144,0.50276154,0.43286833,0.36291283,0.3255889,0.4401692,0.40584385,0.523184,0.3859886,0.42568636,0.2909716,0.29400104,0.38974276,0.28698918,0.541281,0.4413891,0.41190636,0.5269635,0.42778775,0.44333792,0.46158284,0.37824646,0.39365354,0.48682693,0.62193525,0.46843204,0.5877252,0.5594304,0.67743635,0.49639177,0.45962828,0.49907345,0.43196642,0.43143514,0.41614234,0.45762196,0.5040723,0.4118852,0.38044202,0.2935057,0.30623564,0.43851876,0.29170653,0.36864862,0.55149853,0.3854103,0.4458584,0.3165434,0.423782,0.36888552,0.38571355,0.47847334,0.3235761,0.35005566,0.43071115,0.4984591,0.51473105,0.5981119,0.6370833,0.55933774,0.56340957,0.49669805,0.39642397,0.49591404,0.37018073,0.3469391,0.39280322,0.38866073,0.46549928,0.41227585,0.5283291,0.44373783,0.3514418,0.6458757,0.55117327,0.4957489,0.37080556,0.41823733,0.42395055,0.44062164,0.4935905,0.446409,0.4774559,0.4665268,0.42775825,0.45563805,0.37549672,0.3739169,0.42765746,0.4158796,0.29802012,0.3829862,0.38697183,0.46657085,0.48287863,0.6169571,0.47389898,0.40789416,0.42727882,0.45128703,0.49434006,0.45466828,0.43372205,0.4566353,0.4348042,0.51395917,0.41799384,0.3940717,0.36368895,0.41963744,0.43177006,0.5619687,0.45916697,0.49522007,0.5321253,0.5833379,0.6551026,0.44418633,0.50371736,0.47206306,0.4898077,0.5610731,0.5774793,0.55494595,0.6455267,0.44599,0.493132,0.44047847,0.363559,0.40710816,0.50436825,0.46428445,0.5363602,0.47609094,0.51344556,0.5771572,0.59525144,0.5011101,0.4745801,0.2582126,0.40227345,0.5396357,0.42147022,0.4186076,0.44208258,0.43589678,0.46451348,0.4253116,0.4111054,0.5037999,0.42124012,0.43345878,0.44560003,0.45700002,0.36596087,0.44439226,0.45822057,0.3285765,0.30411124,0.44013995,0.4062978,0.4525674,0.46685585,0.4291251,0.42569318,0.42868173,0.42778352,0.4354475,0.43469858,0.44725025,0.4346867,0.4295499,0.4525755,0.41010046,0.41914797,0.43119743,0.43213233,0.4399389
276,0.41654912,0.5547394,0.47125116,0.44820708,0.46373284,0.51976407,0.49604964,0.49461862,0.5267622,0.46140528,0.5784374,0.42001018,0.4532208,0.37386036,0.3903591,0.5507002,0.6449867,0.5274467,0.5780684,0.59762603,0.55277044,0.5197463,0.5399176,0.4380056,0.36310762,0.41762993,0.3755305,0.41899088,0.52499056,0.4086382,0.45951,0.3207418,0.39792442,0.3652547,0.31141883,0.5334464,0.43036062,0.40807244,0.5221015,0.455545,0.45771575,0.47802067,0.40100357,0.36596242,0.47656935,0.5894086,0.48257372,0.5550139,0.5561506,0.64696026,0.5188267,0.46948448,0.50504357,0.46585557,0.4274448,0.40372998,0.4474767,0.42939016,0.39047202,0.3313068,0.30613258,0.29882795,0.44960442,0.32138225,0.4122158,0.4698,0.43925428,0.4308276,0.36894798,0.41774654,0.37888697,0.39761022,0.48192918,0.40933585,0.43108124,0.39906445,0.51852727,0.43919322,0.49466622,0.62135565,0.5245079,0.5328884,0.5254024,0.32618654,0.4393292,0.3559222,0.43004432,0.4440278,0.49603978,0.42027667,0.40683866,0.47322297,0.46192807,0.3275961,0.62471306,0.49994326,0.49231938,0.3515138,0.39382946,0.4495018,0.45262912,0.4788427,0.45711863,0.44453686,0.40671015,0.43059716,0.49514115,0.31401494,0.3241275,0.44763753,0.33465013,0.32483262,0.30573398,0.32896304,0.40048137,0.5010106,0.5966035,0.49882463,0.42391118,0.47291815,0.46755743,0.46258372,0.47519532,0.4677833,0.51940256,0.4816456,0.49284077,0.46740097,0.48085326,0.43750477,0.4436242,0.4178918,0.5258032,0.4751911,0.4946454,0.5186161,0.52599806,0.6204502,0.44978476,0.45192873,0.525458,0.5128632,0.5675053,0.5357943,0.50692844,0.65292716,0.39626208,0.3803918,0.39339992,0.4446167,0.45419735,0.5061782,0.45724955,0.50143903,0.5020137,0.54914975,0.5579133,0.5942709,0.55129766,0.47581106,0.34751156,0.4128473,0.5232051,0.42508152,0.47984445,0.45754725,0.39415914,0.47278184,0.35532483,0.41350153,0.5272343,0.48381254,0.46730632,0.4588674,0.46897855,0.42521152,0.43460855,0.3990433,0.30771622,0.28493902,0.41901726,0.54968894,0.4552179,0.45928785,0.46596843,0.51519847,0.49598187,0.48270524,0.49422514,0.47238755,0.4751455,0.3773091,0.47533652,0.37675324,0.42736015,0.51308423,0.6588871,0.5217748,0.5893294,0.58661,0.5267316,0.51744294,0.526806,0.4408794,0.33638594,0.33253756,0.45883214,0.43574423,0.5438596,0.45012048,0.50745475,0.3182883,0.36939472,0.44565317,0.34245044,0.53887284,0.42503163,0.38821483,0.52569795,0.42761025,0.43594447,0.45975727,0.36195162,0.37157536,0.47366697,0.60813147,0.48992229,0.57048213,0.55152744,0.6659283,0.5091316,0.4826297,0.50855094,0.4532718,0.42215082,0.42795694,0.4471029,0.49389377,0.39330864,0.3590202,0.30948943,0.30614096,0.42948434,0.32708254,0.43341085,0.553196,0.42082855,0.46852112,0.3326365,0.44557187,0.3821454,0.4294597,0.4726508,0.2927308,0.36820176,0.43473345,0.49272352,0.47025952,0.5868122,0.6310494,0.56678855,0.51759684,0.46612567,0.36939853,0.47618368,0.35146934,0.36484385,0.42453733,0.40532446,0.48118412,0.3826831,0.5315156,0.45163438,0.35051098,0.64753294,0.54080516,0.5108021,0.37848738,0.39724812,0.45547852,0.45969692,0.49099258,0.44711095,0.47664717,0.4509015,0.43511617,0.48079833,0.34239638,0.34594944,0.43253073,0.39192766,0.29492143,0.3569365,0.34475186,0.4756477,0.5032407,0.6140997,0.48906687,0.42572033,0.45642498,0.48372254,0.4998677,0.47174844,0.45983768,0.49292377,0.47521704,0.5386139,0.46095204,0.42400923,0.3875969,0.43852153,0.47515437,0.5585939,0.46099064,0.5111145,0.545514,0.5415294,0.639156,0.4446621,0.47037882,0.48469284,0.5197421,0.5803415,0.5537189,0.5906893,0.6467309,0.4305838,0.43653658,0.43262953,0.4090961,0.4719818,0.50257754,0.47207132,0.5298915,0.5371471,0.51519215,0.5754594,0.5825266,0.51140195,0.48530594,0.29823261,0.4452001,0.5410524,0.46147615,0.47356436,0.43663833,0.4078987,0.48380756,0.41036448,0.43502077,0.4733647,0.41821665,0.4534314,0.46491972,0.48428163,0.4181341,0.45358196,0.46106717,0.3197697,0.30116907,0.43843818,0.4130186,0.45066267,0.4708618,0.42553347,0.41461968,0.43010914,0.4307936,0.43431827,0.43640807,0.47166237,0.4547242,0.42150402,0.44226497,0.40056965,0.40710142,0.42771184,0.42521963,0.43724266
277,0.4182719,0.5422838,0.48403096,0.45305583,0.46079683,0.4953581,0.47789872,0.49687457,0.522201,0.42093375,0.5320784,0.42516068,0.4393118,0.4188461,0.4358741,0.5187526,0.59694886,0.53813607,0.5428456,0.57145894,0.52877784,0.49519458,0.55036926,0.44054705,0.3646075,0.43759447,0.38404518,0.4281461,0.56047386,0.518765,0.5472614,0.36472148,0.50467944,0.43928245,0.3931948,0.52328414,0.41680312,0.39267638,0.5209189,0.44503638,0.4542647,0.4892039,0.37605765,0.34677425,0.46105653,0.5581075,0.50662404,0.52078897,0.54882294,0.60824895,0.5338157,0.4986754,0.50522786,0.49383098,0.4166625,0.4111103,0.4383864,0.41586816,0.3772318,0.3159235,0.33442345,0.31985217,0.4466494,0.3662832,0.49331278,0.47664896,0.47729138,0.4706928,0.39605612,0.45203656,0.4114726,0.43818352,0.48607904,0.40966856,0.43741754,0.40101475,0.52738225,0.37441087,0.45608276,0.56875134,0.5402051,0.4709709,0.49962014,0.28322908,0.42451984,0.34272492,0.48178965,0.49458963,0.5074445,0.4480953,0.37823534,0.44754592,0.46380648,0.33798164,0.5926914,0.47109628,0.51675797,0.38519764,0.37201124,0.47094363,0.46909615,0.47300375,0.4591705,0.44254422,0.3817949,0.42576885,0.49964666,0.29080626,0.30530304,0.4448256,0.31796777,0.334904,0.281519,0.29616055,0.39311433,0.5022428,0.57267505,0.51692504,0.4623146,0.50499594,0.5066042,0.45674393,0.49881977,0.48445502,0.5465878,0.52255774,0.50248486,0.5231164,0.5118241,0.47717723,0.47160956,0.46578816,0.527353,0.47859925,0.5077867,0.48287052,0.47783872,0.58850235,0.43708533,0.4092017,0.5513525,0.5321361,0.5710102,0.51434845,0.5338522,0.62632525,0.38084376,0.31279936,0.41509852,0.5068045,0.5359246,0.49622416,0.48101175,0.47168744,0.5464041,0.53822076,0.54394066,0.5653349,0.5524887,0.484398,0.41856822,0.44408324,0.5031044,0.45970023,0.5351219,0.4449332,0.36987337,0.49661523,0.32231155,0.44124773,0.486758,0.4840698,0.48166525,0.4741952,0.48603317,0.5154381,0.45673466,0.3862397,0.3041667,0.2779461,0.4234349,0.5541783,0.46866956,0.4598607,0.45552284,0.49812415,0.4867877,0.48724145,0.48937833,0.44266492,0.40562072,0.37918514,0.45988402,0.4219707,0.45993906,0.4850021,0.61730796,0.5408825,0.5599594,0.5604257,0.52503777,0.49402863,0.5510949,0.44382098,0.31401104,0.34973967,0.47741982,0.47037345,0.5547906,0.5277203,0.591138,0.36057216,0.47270992,0.50460845,0.4236175,0.5265297,0.40684402,0.36208856,0.5176451,0.42781585,0.4287268,0.46044815,0.35156006,0.35044923,0.4572849,0.5771003,0.51844126,0.5447326,0.5438655,0.6296776,0.5183729,0.50904715,0.5113897,0.47910023,0.41216484,0.4516398,0.4323876,0.47300395,0.37567943,0.3420799,0.33914664,0.31066406,0.41545525,0.37217325,0.5120112,0.53500533,0.46791136,0.4875939,0.36634442,0.47347495,0.4039118,0.4848242,0.46011606,0.2688664,0.39812514,0.45062715,0.48382655,0.4158858,0.550216,0.5945845,0.5552299,0.44972304,0.41797256,0.34079954,0.44220763,0.33151138,0.393513,0.4698702,0.42650077,0.49534553,0.35228783,0.5195165,0.4595446,0.3580621,0.62133694,0.52104664,0.51483303,0.38821656,0.3769947,0.49042627,0.48019934,0.48091385,0.44516018,0.47087553,0.43381718,0.44495025,0.5012614,0.31057405,0.3210092,0.43850106,0.3592458,0.30149755,0.33729342,0.3077519,0.48288378,0.52813655,0.60044044,0.505203,0.45038283,0.49018347,0.51974154,0.5028506,0.48463896,0.4827608,0.52615947,0.52207243,0.5556881,0.5074491,0.45947382,0.42301068,0.46702227,0.53113174,0.5383582,0.4654136,0.5255686,0.55086386,0.4800434,0.60487616,0.44280103,0.42930964,0.49785963,0.5448801,0.5883866,0.50590587,0.60538137,0.6218181,0.41909185,0.3728406,0.41821757,0.4710033,0.5419213,0.499899,0.48291722,0.5127979,0.59954,0.5180926,0.5717863,0.5582762,0.5219547,0.49235752,0.35853004,0.48431998,0.5346791,0.510887,0.5346905,0.42751637,0.37854305,0.49931875,0.39030287,0.45544824,0.43613634,0.4182387,0.46830243,0.47774577,0.5080292,0.4856944,0.46666625,0.46285203,0.312008,0.30651042,0.4354189,0.42283753,0.44947532,0.47562167,0.4234721,0.40545955,0.43332458,0.43622226,0.4349291,0.4385693,0.49793422,0.4785525,0.4133331,0.4323628,0.39191374,0.3965543,0.42492357,0.42011333,0.43510354
278,0.42083812,0.526916,0.4944829,0.45796585,0.45798576,0.46737784,0.45737088,0.4942258,0.51057494,0.38572705,0.47867003,0.43235144,0.4270313,0.46222,0.47443417,0.48124745,0.5343872,0.5457167,0.49961084,0.5390898,0.5030538,0.46869335,0.55599135,0.44006154,0.37159288,0.45849118,0.398867,0.44032085,0.58294225,0.62406886,0.62276125,0.41162047,0.6054538,0.51074684,0.4844239,0.5054748,0.40481135,0.37865508,0.51591456,0.4338651,0.4482409,0.49972895,0.35633144,0.33274707,0.44682384,0.5174391,0.52791893,0.48283795,0.5371979,0.5505326,0.5428541,0.5247767,0.49855348,0.51848996,0.4087775,0.42334867,0.42806154,0.40011886,0.36736396,0.3089167,0.36907056,0.34497538,0.43779483,0.4110085,0.5701697,0.47791886,0.5138458,0.50249743,0.42883888,0.48593572,0.44606233,0.47290283,0.4815544,0.41196322,0.44670728,0.4104199,0.5282976,0.3152383,0.41672263,0.49695557,0.546983,0.39815366,0.46171814,0.25082365,0.40162727,0.33193573,0.5310575,0.5453412,0.5148538,0.47736624,0.34839028,0.41690445,0.4636125,0.35507303,0.54659307,0.43861708,0.52805376,0.41644078,0.35441843,0.49150845,0.48356333,0.4637995,0.458787,0.4391847,0.36277828,0.42090982,0.49540928,0.27616465,0.2936711,0.4422445,0.30631867,0.34994698,0.2694291,0.27176803,0.38898516,0.4993905,0.5364588,0.5303296,0.49923146,0.53279954,0.5418769,0.44975978,0.5161861,0.49657318,0.564201,0.56070197,0.5051045,0.5738213,0.53703284,0.515792,0.50035316,0.51665413,0.5170103,0.47832704,0.5177175,0.44231227,0.42322135,0.5440911,0.42663616,0.37163514,0.57413256,0.5442378,0.56440467,0.47901893,0.5450148,0.58282965,0.37038863,0.25711063,0.43222433,0.5680671,0.60511327,0.4827793,0.5033505,0.4382309,0.58246285,0.52401584,0.52491033,0.5299665,0.5478355,0.49080285,0.49748784,0.46542582,0.47776404,0.49575865,0.57911247,0.42879355,0.35017297,0.515296,0.29698303,0.46109262,0.43981117,0.48067173,0.4917198,0.48527986,0.4979474,0.6030653,0.4740772,0.37556165,0.3021704,0.27698186,0.42789233,0.5520375,0.48115873,0.4598503,0.4450086,0.47796336,0.47456595,0.48826706,0.480026,0.41522986,0.34502622,0.38604435,0.44370902,0.4641393,0.48446757,0.45603997,0.5609385,0.5577615,0.5228348,0.52971685,0.52304107,0.468363,0.56905794,0.44336778,0.30169308,0.37412894,0.49632916,0.50802803,0.55807865,0.6025461,0.66041464,0.406036,0.5766527,0.5513921,0.50978625,0.50867575,0.39177197,0.3403008,0.50572664,0.42862636,0.42424446,0.46218893,0.35001594,0.33477235,0.44344133,0.53638995,0.54326016,0.5138868,0.53396696,0.5761518,0.52293515,0.53196007,0.50789845,0.5019044,0.40472347,0.4794275,0.4165362,0.4466182,0.36276373,0.333451,0.37472573,0.31659162,0.40060058,0.4170274,0.5835258,0.50352913,0.5149671,0.4980031,0.40891564,0.50022244,0.42861897,0.5359683,0.44455177,0.2570102,0.4347761,0.473542,0.47174364,0.3650695,0.50555146,0.5422269,0.5329321,0.37878078,0.36677969,0.3158497,0.39948195,0.3147116,0.42509368,0.51748717,0.45112354,0.50578755,0.32501587,0.49768463,0.46505168,0.37213275,0.57830065,0.49638802,0.5079943,0.39413208,0.361292,0.52240914,0.49764082,0.46588346,0.4428472,0.46241343,0.41956383,0.4545591,0.5143466,0.28647625,0.30294183,0.44472596,0.32899314,0.31429258,0.32668468,0.28193402,0.4856689,0.5494204,0.5762346,0.5185874,0.4755822,0.52145576,0.551167,0.5023032,0.4933958,0.50047463,0.549986,0.5659606,0.5648076,0.55135155,0.49492753,0.46190333,0.49846786,0.5844907,0.5070257,0.4699754,0.5358135,0.54993886,0.41159898,0.5580318,0.4423084,0.39026517,0.51259077,0.5633536,0.5883548,0.44805837,0.6030816,0.5806748,0.41149062,0.31679994,0.39997712,0.5347733,0.6005531,0.49335352,0.49182433,0.48819023,0.65065455,0.5190604,0.56049794,0.5279002,0.52896255,0.49447453,0.42895302,0.51323843,0.5226176,0.55749685,0.5852612,0.41774556,0.35487136,0.50885636,0.3737769,0.46976092,0.39883214,0.42164344,0.47765425,0.484275,0.5256851,0.55435044,0.47716075,0.4633902,0.30807972,0.3169505,0.43247524,0.43333858,0.44951287,0.4805084,0.4221016,0.3983554,0.43686745,0.44209287,0.43660164,0.4407438,0.5208002,0.5009853,0.40678367,0.42428944,0.3860442,0.3893743,0.4227926,0.4163257,0.43357804
279,0.42101657,0.5067243,0.49774978,0.45698696,0.45064834,0.43783236,0.43305743,0.48740315,0.49428478,0.36841777,0.4348024,0.4418642,0.411899,0.49860024,0.50567716,0.43679473,0.46669212,0.54547197,0.45312288,0.5000599,0.47528747,0.44256085,0.55139565,0.43889973,0.38560668,0.47519866,0.4210109,0.45957723,0.5917519,0.696231,0.6702336,0.45026228,0.6712693,0.55838746,0.55972475,0.48334688,0.3986907,0.37358987,0.5047314,0.42626306,0.4418253,0.50295836,0.34991693,0.3313141,0.43920878,0.48123756,0.5358923,0.44479945,0.5171124,0.4861978,0.54209197,0.5389821,0.48712906,0.53168553,0.40797338,0.4393459,0.41880628,0.38641825,0.36386108,0.31598198,0.40165862,0.36971056,0.42737252,0.44516087,0.62125534,0.47356611,0.53842753,0.51966155,0.4621732,0.50936204,0.47426748,0.49296606,0.4705374,0.4176449,0.45774397,0.42671233,0.51937073,0.27875087,0.38938144,0.42802188,0.54934967,0.34018207,0.42529678,0.23911357,0.37874877,0.33029032,0.56567794,0.5821378,0.52020264,0.5011421,0.32618022,0.3907622,0.46153048,0.3769769,0.49947774,0.4124316,0.5250704,0.43991375,0.35005566,0.50724816,0.49260175,0.45334467,0.45818487,0.43589675,0.35582206,0.41667277,0.48613074,0.27742967,0.293936,0.44062045,0.30727515,0.3693794,0.27633405,0.26373947,0.3924652,0.4906116,0.49262872,0.5338373,0.5252774,0.5494055,0.5614312,0.44235772,0.526092,0.50294584,0.5694264,0.5855966,0.5031758,0.6119856,0.5529014,0.54600525,0.5237166,0.55299824,0.49767348,0.4732875,0.5240525,0.4065281,0.37896854,0.49263936,0.42635256,0.35420096,0.59190875,0.5493438,0.55321556,0.44192454,0.5412693,0.53397185,0.36778006,0.2275079,0.44328034,0.61459345,0.6461025,0.4627034,0.51620364,0.40471894,0.6021936,0.5022713,0.49633774,0.49016216,0.53259057,0.49085075,0.5666619,0.47564816,0.44966564,0.52401656,0.6002437,0.41582015,0.34095842,0.5251434,0.28941107,0.46989033,0.39839005,0.47488746,0.49784935,0.4907513,0.5035894,0.66634107,0.47888345,0.37071922,0.30701995,0.2827713,0.42934844,0.5405994,0.48825514,0.454695,0.43301675,0.45503652,0.45673013,0.48431507,0.46706858,0.39919773,0.30883035,0.39868814,0.42380303,0.4982907,0.503934,0.4233262,0.49665856,0.5663316,0.4806983,0.49520743,0.514419,0.44318634,0.5732568,0.4430853,0.30665246,0.40275833,0.5161908,0.54681826,0.55628616,0.6582822,0.70297587,0.44364804,0.65051246,0.5741928,0.577134,0.48714373,0.3849552,0.3319352,0.4897908,0.43039533,0.42311302,0.46163914,0.36027795,0.33150247,0.43828765,0.49602264,0.55119437,0.47904682,0.51654,0.5169776,0.51933384,0.5420088,0.4973143,0.5125701,0.4031973,0.50138164,0.40411735,0.4221923,0.35813355,0.3372114,0.40757248,0.3240619,0.39065236,0.4531243,0.62873816,0.46939844,0.5515194,0.49599016,0.4509093,0.52021253,0.45219982,0.5699803,0.43144488,0.2640534,0.47164956,0.49576443,0.4579989,0.33130392,0.4713185,0.49189925,0.509268,0.32606673,0.32919058,0.30317694,0.35886744,0.3075695,0.45342642,0.5557057,0.47839823,0.510948,0.30592218,0.4746463,0.46698883,0.39067635,0.53052914,0.47281632,0.49180293,0.39557254,0.35574818,0.544337,0.50561833,0.44841993,0.442251,0.45426017,0.4117642,0.46051556,0.51815784,0.27884045,0.29797912,0.45087734,0.3123939,0.3321377,0.3285094,0.27476525,0.48301497,0.55631185,0.540884,0.52499735,0.4950447,0.5427735,0.56820166,0.49701834,0.49859264,0.511664,0.5599689,0.596315,0.5654582,0.58701205,0.5247479,0.4970511,0.52480006,0.61987954,0.47272876,0.47210798,0.5387917,0.5435641,0.35448116,0.5023098,0.44849005,0.36685348,0.53090435,0.5738735,0.58463556,0.39918843,0.5889632,0.53623354,0.4079494,0.28325725,0.38585702,0.5856836,0.63566625,0.4805367,0.49280724,0.45719418,0.6797303,0.51142997,0.533232,0.49333233,0.52770865,0.49054942,0.49611077,0.53090596,0.5036272,0.5888756,0.6115376,0.41366157,0.34377164,0.5101355,0.3704434,0.4768961,0.37071556,0.42893237,0.483425,0.48586693,0.53524554,0.6096703,0.47919416,0.4624079,0.31238052,0.32994962,0.4310776,0.44205338,0.45237693,0.48543927,0.4216848,0.39448193,0.4402365,0.44699353,0.4388155,0.442621,0.53474367,0.5165443,0.40506166,0.4199927,0.38642496,0.38852063,0.42196235,0.4140454,0.43310738
280,0.41800463,0.478561,0.49322298,0.44631025,0.4348887,0.40624735,0.40227675,0.4772159,0.47412434,0.37547517,0.409896,0.45303392,0.39270177,0.5289048,0.53533953,0.38572264,0.40226954,0.53181773,0.40664953,0.45156533,0.4422139,0.4147356,0.5315966,0.43808833,0.40739188,0.4829756,0.45091897,0.48829043,0.5888607,0.72476,0.686342,0.47335175,0.6899401,0.57156926,0.60313004,0.4603418,0.39998734,0.38289407,0.48424923,0.42522904,0.4356215,0.4933206,0.36130416,0.34924343,0.44028193,0.4581161,0.5242331,0.40860856,0.48484883,0.4271657,0.5280581,0.5361232,0.47299853,0.5302162,0.417357,0.4588705,0.41261336,0.37879586,0.367876,0.34136018,0.42613548,0.39186585,0.41981637,0.4651731,0.63484067,0.46427792,0.5425637,0.5196942,0.48982227,0.51369584,0.49003717,0.49424192,0.45547673,0.42804453,0.4684263,0.44733498,0.49772763,0.2743358,0.38252604,0.3801273,0.5521968,0.31537336,0.4037574,0.25647834,0.36377683,0.34450498,0.57828796,0.5935074,0.52331483,0.5137743,0.3206551,0.37720358,0.45760155,0.4022597,0.4609965,0.39994103,0.5106657,0.45437542,0.36435232,0.5145308,0.49460128,0.44180378,0.45666996,0.43285495,0.36407498,0.41443026,0.47422093,0.301864,0.31179005,0.4395615,0.32793668,0.39437753,0.30847496,0.2791803,0.40860388,0.47708496,0.44602096,0.52300614,0.5351727,0.54963213,0.55914694,0.43471724,0.528693,0.50112456,0.56064487,0.59088004,0.5003256,0.6330293,0.55758244,0.5618357,0.5356003,0.559272,0.47251597,0.46208552,0.525747,0.38261467,0.35727724,0.4383557,0.44136018,0.3662309,0.6019932,0.55020714,0.54245806,0.41505888,0.52785504,0.4899842,0.3761817,0.23122227,0.4489202,0.63555133,0.6519284,0.43724877,0.51612705,0.3743114,0.6016421,0.46850184,0.4555118,0.4457424,0.5040921,0.4831257,0.6139062,0.47822925,0.4195483,0.53757143,0.58992064,0.41255757,0.34589615,0.5229511,0.30656096,0.47098243,0.3712704,0.4679218,0.49887457,0.48847157,0.5016864,0.6945971,0.46467352,0.37442437,0.32563737,0.29682866,0.42746067,0.5166463,0.48927498,0.4416979,0.41783574,0.42736825,0.4301729,0.47543275,0.45109162,0.39926776,0.30289114,0.41836682,0.39985588,0.5256285,0.52470446,0.38607955,0.4297548,0.55935466,0.43457562,0.45441252,0.4912647,0.41638234,0.5585737,0.4444653,0.3357458,0.43377256,0.5371678,0.58474255,0.5498793,0.6852137,0.7161999,0.46553618,0.6807637,0.56731933,0.6115401,0.4632391,0.3887486,0.34362775,0.46842086,0.43497813,0.42542255,0.45637447,0.38436016,0.34605807,0.44394174,0.4624087,0.53517,0.44034097,0.48593017,0.46091384,0.5050775,0.53402275,0.47963637,0.50847745,0.41087294,0.51111495,0.39823726,0.40442646,0.36295795,0.3557988,0.4313631,0.33469,0.38897115,0.47809774,0.6372464,0.4412046,0.5686425,0.47899178,0.48220798,0.527231,0.46980685,0.5781883,0.42316166,0.29673254,0.50345784,0.50618774,0.4415809,0.32198334,0.45887792,0.45684028,0.49052027,0.3031014,0.31549734,0.30994758,0.3292536,0.31615758,0.47315124,0.5742565,0.50546664,0.5098139,0.29895318,0.4587795,0.46492994,0.41275045,0.48634562,0.45464385,0.46766824,0.393611,0.3640349,0.5520146,0.50171155,0.42978567,0.44175503,0.44856995,0.41195664,0.46109107,0.51195616,0.29517412,0.31213093,0.4563586,0.31705973,0.35531977,0.34580994,0.29262665,0.4772069,0.5423451,0.4942185,0.52070624,0.50444806,0.5487752,0.5660481,0.48592865,0.5010718,0.5151928,0.5546868,0.60654557,0.55663306,0.61151046,0.5454651,0.52129227,0.53810465,0.6251406,0.44033337,0.46742952,0.5311214,0.5308607,0.32052705,0.43955413,0.46415168,0.36665085,0.55156636,0.5773262,0.57926023,0.37237477,0.566944,0.49771038,0.4094605,0.27995452,0.38053092,0.61162394,0.6401963,0.46304926,0.48411846,0.42100057,0.6802397,0.48900118,0.4845692,0.4543631,0.5156412,0.4817743,0.5498683,0.53905886,0.47518155,0.59805375,0.6051356,0.42159376,0.34878492,0.50172573,0.38668856,0.47722742,0.35600346,0.44080412,0.48723,0.482733,0.5353727,0.6442511,0.46596766,0.45847246,0.32933688,0.3444097,0.43202665,0.44738993,0.45830166,0.48911694,0.42156097,0.39399925,0.44307342,0.44981214,0.44080347,0.44406047,0.5354699,0.52096087,0.41093057,0.42049336,0.39539662,0.3959017,0.42240033,0.4130622,0.43347746
281,0.41206715,0.4425283,0.48242664,0.425572,0.4102568,0.37308887,0.36602566,0.4652794,0.45169488,0.40622932,0.4078772,0.46563748,0.3719485,0.55682695,0.5701465,0.33461282,0.35038143,0.5034406,0.36545655,0.39680454,0.4035443,0.38529545,0.4950972,0.43703067,0.4358625,0.48105907,0.48653913,0.5241295,0.57805043,0.7108626,0.6742478,0.4786463,0.66152686,0.55222565,0.6126368,0.44119528,0.40745276,0.4058647,0.45600492,0.43078458,0.42973483,0.47018784,0.39068425,0.38683826,0.44841832,0.450083,0.4935115,0.37860057,0.44340673,0.38463405,0.50103694,0.51602733,0.4588192,0.51508796,0.4361493,0.4809796,0.4105797,0.3792717,0.378087,0.38451403,0.4395757,0.40936452,0.4200302,0.47164276,0.6096357,0.4518502,0.5234186,0.50331193,0.504787,0.49574217,0.49030474,0.4773255,0.44194308,0.4437647,0.47816634,0.46756697,0.46411616,0.30544108,0.40189058,0.3629484,0.5618254,0.33144033,0.40664724,0.30692902,0.3622847,0.37786788,0.56866187,0.5747633,0.5255834,0.5130579,0.3370735,0.3797866,0.452014,0.42837268,0.43924648,0.40315527,0.49186972,0.45873284,0.3967015,0.5121752,0.48773006,0.42867485,0.4514819,0.42892113,0.3863488,0.4154066,0.46092004,0.35221446,0.3492658,0.43926063,0.37196073,0.4235847,0.3665822,0.3219366,0.43808442,0.46202525,0.4051694,0.49683148,0.527776,0.53204966,0.5354857,0.42627263,0.52580744,0.489058,0.540095,0.5749541,0.49736914,0.6366295,0.5535227,0.56265765,0.53235,0.5287741,0.44779757,0.44534162,0.52191997,0.37446907,0.3629811,0.38832608,0.47216234,0.40812922,0.6014827,0.5489953,0.5357103,0.40904868,0.51513374,0.460487,0.3973612,0.27222463,0.45177627,0.6271917,0.6227741,0.4120169,0.50259084,0.34998047,0.5801327,0.42273206,0.40666857,0.40013707,0.46533516,0.4675771,0.6364035,0.4772336,0.3886668,0.532838,0.54638743,0.42199627,0.36398217,0.50791186,0.35145307,0.4737514,0.36477464,0.46103504,0.49202263,0.476828,0.49198917,0.6864528,0.43309453,0.3862822,0.36135957,0.3192449,0.42269632,0.47936174,0.48475844,0.42125747,0.39921048,0.3946876,0.39533594,0.46336317,0.43345085,0.4155037,0.32775706,0.44470033,0.37455758,0.55031437,0.5525928,0.348315,0.3699521,0.53267175,0.3890462,0.40826866,0.45041785,0.38755307,0.5231087,0.44628477,0.3907014,0.46438608,0.5567102,0.61648685,0.5387549,0.6809366,0.70273435,0.46890944,0.6685874,0.5332378,0.6106527,0.44036832,0.40139553,0.37533513,0.44267935,0.44239765,0.430768,0.44677067,0.42128313,0.37768233,0.45756346,0.4390997,0.49684584,0.402595,0.44368824,0.41649047,0.480958,0.50894254,0.45762852,0.49144614,0.42761496,0.50812835,0.39886382,0.39459777,0.37556413,0.38762257,0.44222003,0.34864274,0.39715552,0.4920639,0.60689753,0.42473918,0.5610181,0.44906896,0.49404013,0.5171449,0.47622406,0.55571187,0.42104527,0.35689053,0.52674085,0.49676758,0.421955,0.3390395,0.47253346,0.44468114,0.48172107,0.31236374,0.3295276,0.3378035,0.3154532,0.34322977,0.48015293,0.5674357,0.528677,0.5031133,0.30623975,0.45561072,0.45938504,0.43679324,0.45469815,0.44393837,0.4400501,0.38787818,0.3863582,0.54530334,0.48551062,0.4113633,0.43803823,0.4454858,0.41921678,0.45731795,0.49777502,0.33822653,0.34781882,0.46087116,0.3464461,0.38240665,0.37870705,0.33800837,0.47178748,0.50979125,0.44309655,0.50432014,0.50180125,0.5373723,0.54462594,0.46926188,0.5026897,0.51048225,0.5374423,0.5945995,0.5372483,0.6244033,0.5568931,0.53072417,0.5342317,0.5942074,0.4144957,0.45350656,0.5113736,0.51186347,0.31391773,0.37750617,0.48871663,0.38807246,0.56813264,0.57510716,0.571663,0.37372681,0.5432734,0.47269452,0.41849533,0.30839226,0.38448825,0.60705996,0.61314505,0.44525275,0.46669546,0.38345805,0.6494828,0.45027593,0.41974562,0.41357097,0.49288726,0.46962512,0.58607674,0.53871363,0.43814287,0.58344054,0.5632981,0.4435235,0.36859614,0.48470336,0.4236135,0.47370994,0.35500535,0.45657784,0.4891035,0.47513133,0.5264694,0.65633917,0.43561304,0.45154837,0.3595164,0.3590575,0.4344988,0.448217,0.46524844,0.48915654,0.4207729,0.3963228,0.44498944,0.4502241,0.4415618,0.44498897,0.5216247,0.51250786,0.42425984,0.4255929,0.41162854,0.41042155,0.42356703,0.4127546,0.4340192
282,0.40343097,0.4019828,0.46627986,0.39754277,0.37963316,0.3395188,0.32847628,0.45336547,0.42964107,0.453974,0.4275115,0.47904807,0.35341138,0.58137685,0.60878533,0.29276764,0.31715804,0.46374443,0.33400506,0.34355292,0.36135724,0.35681918,0.4448537,0.4348392,0.46655995,0.47168636,0.52384627,0.5587438,0.56463325,0.6604329,0.63815767,0.46853548,0.59497875,0.5121956,0.59530103,0.42927352,0.4198216,0.43641007,0.42735606,0.44016397,0.42485082,0.43962502,0.43405214,0.43690658,0.46143994,0.45652744,0.44974965,0.36000693,0.40391716,0.36635587,0.46519715,0.48199943,0.44657055,0.48766515,0.45914316,0.5026434,0.41240093,0.38817436,0.392669,0.43915248,0.44251472,0.4211819,0.43250814,0.46714726,0.55362374,0.439756,0.48675334,0.47591624,0.5033316,0.46048635,0.47614402,0.44919398,0.43767273,0.4620818,0.4866236,0.4817214,0.42654124,0.37035364,0.44810376,0.3781159,0.581349,0.38708827,0.4356947,0.38660833,0.3778806,0.42698354,0.5411221,0.5309662,0.5298296,0.5015753,0.37470755,0.3972457,0.4461082,0.45131034,0.43854755,0.41954,0.4782802,0.45413977,0.44097197,0.50086707,0.46891406,0.41399008,0.44093248,0.4230925,0.4170986,0.41959208,0.4459,0.42229134,0.40137702,0.44072962,0.43471384,0.45111006,0.44165227,0.38901842,0.47287673,0.44692466,0.37912443,0.4597073,0.5053811,0.49915498,0.49595237,0.41660067,0.5174468,0.46729463,0.5113556,0.5400006,0.49113297,0.6235161,0.5433734,0.552256,0.51448566,0.4692707,0.43308657,0.42741516,0.5121879,0.38175368,0.39435798,0.34927353,0.5117759,0.4689702,0.58846,0.5438737,0.533793,0.42943767,0.5143649,0.45177135,0.42911708,0.35063457,0.45676526,0.5934041,0.5676046,0.3921316,0.4762329,0.3319124,0.5400434,0.3695109,0.35766116,0.35888487,0.42327628,0.44321012,0.6375041,0.47513536,0.3578965,0.5112467,0.48085546,0.44213036,0.390473,0.48175317,0.41972455,0.48539692,0.38208425,0.45387223,0.47452083,0.45701116,0.47496986,0.6451342,0.39615765,0.40366852,0.410739,0.3478317,0.415141,0.4314385,0.47423744,0.39621094,0.37796575,0.35876927,0.35537422,0.44979846,0.4159142,0.44384882,0.3794974,0.4736243,0.3512686,0.57180804,0.58451325,0.31570768,0.32711503,0.48731345,0.35019386,0.36107698,0.3955529,0.3590973,0.4690758,0.4464276,0.4625678,0.4892993,0.5707058,0.6337705,0.5244208,0.6482326,0.66598135,0.45564002,0.62178206,0.48230106,0.57963926,0.42236117,0.4194266,0.4195393,0.4170539,0.44923055,0.43777117,0.43610764,0.4661125,0.4194157,0.4750274,0.42841047,0.44448307,0.37375247,0.40082306,0.3912257,0.45005888,0.47151244,0.4352163,0.4626762,0.4481612,0.49539238,0.40361655,0.39155453,0.39357737,0.42766222,0.4389645,0.36348876,0.4146034,0.4939381,0.54360867,0.42032543,0.52941686,0.41318616,0.48322055,0.49023366,0.4676971,0.50399244,0.425248,0.4346815,0.5376301,0.46711427,0.40133324,0.3788539,0.50759333,0.45481175,0.48371205,0.34943157,0.36851043,0.3823127,0.31778765,0.3858122,0.47168466,0.5373807,0.5451025,0.4933156,0.32734582,0.46389645,0.45198458,0.45842955,0.4422382,0.44069526,0.41614497,0.37740386,0.41953167,0.5256109,0.45556316,0.3951356,0.43028343,0.44321424,0.43013567,0.45133713,0.47920614,0.40277597,0.4006983,0.464394,0.397037,0.40874496,0.42328572,0.405932,0.4664337,0.46690428,0.39858818,0.47791693,0.4878151,0.50950855,0.5069492,0.4486766,0.50345975,0.4979816,0.51323223,0.5619046,0.5064386,0.6242142,0.55902034,0.5256341,0.51442176,0.5306986,0.3998708,0.43304053,0.48174444,0.4874163,0.33268028,0.3262883,0.5175249,0.4226906,0.5729276,0.5667577,0.5598665,0.40204045,0.5248173,0.46556222,0.43559873,0.36416957,0.395408,0.57396156,0.5603525,0.43088585,0.4421325,0.3482873,0.5897924,0.3990151,0.352135,0.37516198,0.46140638,0.45287925,0.60445553,0.52962387,0.39602852,0.5481712,0.49270165,0.47482172,0.39804024,0.46154967,0.47383338,0.46889308,0.36558786,0.473876,0.48755726,0.4644977,0.5100985,0.6466356,0.39539906,0.44436336,0.39752948,0.37223706,0.43623966,0.44389305,0.47010672,0.48352045,0.42021188,0.40188175,0.44643095,0.4499407,0.44083583,0.44529518,0.49521598,0.49242052,0.44201785,0.4348473,0.43132198,0.42884728,0.4261026,0.41353664,0.4347684
283,0.39481744,0.3616517,0.4475962,0.36879253,0.34913984,0.30862924,0.29612052,0.4424149,0.4098033,0.50975394,0.4629327,0.49150878,0.3420849,0.59727275,0.6425466,0.2667698,0.30209413,0.41725335,0.31422117,0.29744676,0.31853902,0.33184588,0.3877935,0.43254817,0.493979,0.45782194,0.5587568,0.5826176,0.55386025,0.5846796,0.58325404,0.44843662,0.5079123,0.46614036,0.56026924,0.42296922,0.43687198,0.46829376,0.4041703,0.45003957,0.42237264,0.40936005,0.4861542,0.49011797,0.47791725,0.4743385,0.40087646,0.35563713,0.37665614,0.37123647,0.4260336,0.43976206,0.43654943,0.4494837,0.48047355,0.52111036,0.41600204,0.40423995,0.41173142,0.49765134,0.43845,0.43007538,0.4594508,0.45569342,0.48116973,0.43035161,0.4444469,0.4471097,0.48605916,0.4181171,0.45294046,0.42033988,0.4497587,0.47799683,0.49062723,0.48477346,0.39602685,0.45818415,0.51290685,0.41961974,0.60574204,0.46879572,0.4847438,0.48203963,0.4133022,0.48411158,0.5008807,0.47296107,0.5383818,0.48543528,0.42771423,0.42527702,0.44186458,0.46747297,0.4556034,0.44455203,0.4788332,0.44755828,0.49040163,0.48336443,0.4388138,0.40011227,0.42747718,0.4167021,0.45071992,0.42612267,0.4288123,0.50043184,0.4587021,0.4435641,0.5050908,0.47042608,0.52002436,0.47061145,0.5019326,0.43074656,0.37021446,0.41967878,0.47326058,0.45635659,0.45027235,0.40669838,0.5006605,0.44016117,0.4752559,0.49277592,0.4789325,0.5917403,0.524588,0.53511983,0.48465902,0.40034434,0.43532598,0.41369608,0.49537063,0.39896607,0.44250894,0.32314357,0.5472167,0.5304705,0.5624417,0.5323405,0.53491366,0.47329348,0.5302925,0.46235436,0.46695098,0.45540997,0.47055814,0.542474,0.5034744,0.38048252,0.44245738,0.3210193,0.48821023,0.31660354,0.31414312,0.32710895,0.38428324,0.41303268,0.6210666,0.47336653,0.3292877,0.4788191,0.4125688,0.4670925,0.4207955,0.44870025,0.49958503,0.50768983,0.4220837,0.44347617,0.44722822,0.43407845,0.45189664,0.5771258,0.3697377,0.42468366,0.46677065,0.38006714,0.4072608,0.3784213,0.45934358,0.37243313,0.35724145,0.32406175,0.31614128,0.43543634,0.39998162,0.47881997,0.44880506,0.49849683,0.3340638,0.584773,0.6107819,0.29356983,0.3042331,0.42872822,0.32172218,0.31763303,0.3354607,0.33431616,0.4033289,0.44499412,0.534525,0.50289196,0.57620925,0.62947917,0.5104688,0.5924721,0.6099498,0.43126807,0.55177456,0.42797798,0.52686936,0.40984976,0.44105545,0.4662643,0.39511654,0.45207554,0.44537377,0.42747304,0.5127791,0.46389937,0.4931331,0.4297366,0.38787958,0.35913083,0.36965188,0.38619286,0.41628972,0.42773,0.41504768,0.4236387,0.46618888,0.47718376,0.4104075,0.39273804,0.41576758,0.47205532,0.4238994,0.37851292,0.43979704,0.4837865,0.46160203,0.4223286,0.4819311,0.38223594,0.45383754,0.45089427,0.44500956,0.43360597,0.43607187,0.5113911,0.5304626,0.42335036,0.38525766,0.43325493,0.55102473,0.4785847,0.4925081,0.40314096,0.42519128,0.43687963,0.33677104,0.43854743,0.44829407,0.49159533,0.55279803,0.4826707,0.3614904,0.47499192,0.44468778,0.47262287,0.4473714,0.44395566,0.40463194,0.36639103,0.4603198,0.49541643,0.41339052,0.384541,0.4220205,0.44034448,0.44218972,0.4448706,0.45897132,0.47812557,0.46102044,0.46691293,0.45970446,0.43033272,0.47502425,0.48540083,0.45732617,0.42176658,0.3663357,0.44588473,0.465827,0.46909657,0.46008432,0.42608595,0.4991143,0.47909135,0.4839257,0.51387537,0.46676534,0.6053545,0.54833215,0.50935924,0.48268813,0.44932073,0.3985817,0.41181406,0.44625664,0.45665854,0.3686941,0.29045516,0.5413968,0.45981976,0.5611255,0.55153173,0.5425595,0.4495442,0.5152273,0.4740114,0.45840564,0.4366303,0.41341525,0.52098054,0.49520376,0.42231014,0.4151326,0.31888828,0.5111779,0.3429794,0.29268432,0.34455094,0.42479786,0.4318867,0.60447264,0.5133537,0.3533751,0.49927375,0.41085476,0.50616175,0.43204036,0.43523583,0.5244248,0.46564418,0.38446417,0.48919636,0.48134786,0.4522861,0.48719153,0.61644465,0.3594296,0.4397006,0.43715,0.38389015,0.43593028,0.43496996,0.46975198,0.4708344,0.42263278,0.4123955,0.4487148,0.4515346,0.43970042,0.4449361,0.46070576,0.4641367,0.46020553,0.44795406,0.45145848,0.44855478,0.43169326,0.41701072,0.43691212
284,0.38995618,0.32570803,0.4291328,0.3461439,0.3251623,0.28482538,0.2744903,0.43288857,0.39315644,0.56304044,0.5053174,0.5023006,0.3395086,0.60085416,0.66305053,0.25587103,0.29947838,0.3710537,0.3048263,0.2617232,0.2800637,0.31328773,0.33377022,0.43123308,0.5158177,0.4440126,0.5877669,0.59194005,0.5479969,0.5017252,0.5195783,0.4249991,0.42356235,0.4258548,0.51705724,0.41915384,0.4569085,0.4971473,0.3889747,0.45836732,0.42321452,0.38495386,0.53934795,0.5385979,0.49519643,0.49668634,0.3550044,0.36258674,0.3636381,0.39144695,0.3893236,0.39724687,0.42801723,0.40610656,0.49643472,0.5339765,0.4200473,0.42590162,0.4349374,0.5521006,0.43294433,0.440103,0.49808145,0.44260108,0.4115653,0.42634964,0.4068098,0.42656487,0.45869827,0.37917313,0.4288193,0.39960352,0.47814977,0.48961878,0.4899106,0.47754526,0.37844086,0.5485337,0.58202237,0.47627154,0.6283671,0.5539795,0.5420001,0.5727716,0.46504673,0.5402775,0.45705593,0.41444698,0.5504026,0.46989495,0.48580095,0.45837438,0.44009617,0.47663078,0.48156583,0.4726094,0.49525797,0.44645855,0.53680915,0.4626917,0.40380022,0.38950548,0.41464677,0.4113407,0.48150188,0.4337359,0.41126433,0.5730075,0.51169056,0.44631386,0.57139796,0.48059472,0.5881797,0.5508874,0.5184314,0.41321218,0.37404445,0.3851043,0.43921685,0.41243845,0.40856335,0.399255,0.47629225,0.4134135,0.43526864,0.44370306,0.46254915,0.5441772,0.49725634,0.5146628,0.44842005,0.34092277,0.45434657,0.40650532,0.4737683,0.41971096,0.4943539,0.30840588,0.57039094,0.57717776,0.52596575,0.51408935,0.5353782,0.5290603,0.5584919,0.48399115,0.5032631,0.5614419,0.49419162,0.48572698,0.4471244,0.37511137,0.40916833,0.31806785,0.43633896,0.27154046,0.2787757,0.30628565,0.35089618,0.38306975,0.59155804,0.47320482,0.30658987,0.44471776,0.35854492,0.4911857,0.4508748,0.41407782,0.57681304,0.53758335,0.47673962,0.4290605,0.41573864,0.413354,0.4266729,0.49668205,0.36126593,0.44740647,0.5218348,0.41456112,0.40258148,0.32798147,0.4425402,0.3552634,0.34118327,0.29611766,0.28438318,0.42146546,0.3872791,0.5134346,0.5204292,0.5161723,0.32438964,0.5849976,0.6230338,0.2826554,0.29756147,0.36797157,0.303378,0.2822351,0.28142536,0.31698662,0.33821592,0.443046,0.59237033,0.5050145,0.5728734,0.6036996,0.49912688,0.52352667,0.543503,0.40312365,0.4749978,0.38144705,0.463964,0.40213868,0.4641036,0.50694907,0.3791675,0.45109624,0.4533921,0.4219958,0.5549965,0.50571483,0.5088661,0.43838352,0.33667237,0.35735354,0.35404584,0.39516854,0.3849338,0.38493845,0.39825952,0.38105,0.47835296,0.4566991,0.41858846,0.39612442,0.44027078,0.5161589,0.40400773,0.39495113,0.46920544,0.46545404,0.38157302,0.42576766,0.43100318,0.36357918,0.41620266,0.4077664,0.41585174,0.36243007,0.45176482,0.57245773,0.50712746,0.37734747,0.37665254,0.49026766,0.5906908,0.5056426,0.50393087,0.45938012,0.4880447,0.49283907,0.36961913,0.49403834,0.41614133,0.44151655,0.5513806,0.4722516,0.4048981,0.48054802,0.43873185,0.47851685,0.46259433,0.451141,0.4083981,0.36069834,0.50242764,0.45914528,0.36776733,0.3811359,0.4167141,0.43627942,0.45274138,0.43808448,0.43975556,0.54969674,0.51680505,0.468483,0.5224483,0.44631082,0.52670836,0.5606032,0.44242892,0.38048166,0.34551314,0.4145722,0.4414222,0.42459738,0.4143573,0.40449327,0.48749483,0.45710802,0.45168594,0.46085754,0.4256276,0.5675699,0.52497816,0.4864949,0.4459605,0.37116182,0.4088598,0.39459735,0.4108882,0.42223817,0.4095531,0.26916188,0.55378276,0.4903933,0.5340715,0.5299991,0.51974213,0.50253266,0.51314193,0.49066728,0.48054737,0.5086542,0.43680865,0.46155435,0.43288562,0.41797608,0.39103642,0.29788628,0.43160722,0.29167813,0.24636616,0.32438958,0.38724694,0.40975758,0.587509,0.49356216,0.31626856,0.447553,0.3389215,0.5297475,0.46542263,0.40858525,0.56494254,0.46513277,0.40631375,0.5005151,0.4710328,0.4395756,0.46029523,0.57120866,0.33673662,0.43814012,0.47504282,0.39623436,0.4339519,0.42425177,0.46404037,0.45282683,0.42938587,0.42792156,0.452446,0.45601174,0.43960354,0.44434538,0.42526934,0.43373004,0.47557604,0.4632087,0.46997213,0.4674241,0.44054326,0.4236288,0.440993
285,0.39032745,0.2992988,0.41133106,0.33316723,0.31123292,0.27163565,0.26604053,0.42418316,0.3799098,0.60249215,0.5425843,0.5097463,0.34359744,0.5903418,0.6645639,0.25763148,0.3065023,0.33314514,0.30380046,0.2398652,0.2520797,0.3034931,0.29241583,0.43191898,0.5307219,0.43441567,0.60642767,0.5866083,0.5453606,0.43101683,0.45926633,0.40718654,0.36074543,0.3990015,0.4765854,0.41495675,0.47605062,0.5200937,0.38193327,0.46358573,0.42699727,0.37008575,0.58203584,0.57699364,0.50957876,0.5176804,0.32065466,0.3757543,0.36336923,0.41959462,0.3596898,0.36198848,0.41948318,0.36600912,0.5045094,0.53896946,0.42536035,0.45087534,0.45978838,0.5934239,0.4320076,0.4546844,0.53966045,0.43362498,0.36024976,0.43007335,0.38239238,0.42099684,0.43210402,0.35411558,0.41374317,0.39414316,0.51440525,0.49732313,0.48688692,0.46661404,0.37581262,0.62162524,0.6381086,0.5335261,0.6411174,0.6207792,0.59262514,0.6417495,0.52189076,0.58579266,0.42192808,0.36844718,0.5602777,0.45812002,0.5372204,0.4900874,0.44089827,0.48187643,0.5059709,0.49965328,0.5216631,0.45669597,0.57062185,0.44007784,0.37146345,0.3835148,0.40620038,0.4080909,0.50447947,0.44153872,0.39739344,0.6273351,0.5529037,0.44798112,0.6219386,0.48553833,0.63531667,0.61393887,0.52094865,0.39880288,0.3870214,0.36247098,0.41102934,0.37666428,0.37645754,0.39757553,0.44998714,0.3925371,0.39841944,0.40145865,0.44589433,0.4906266,0.46571532,0.49426574,0.4143033,0.30290622,0.48319194,0.40610346,0.4523346,0.43978927,0.53952426,0.30400592,0.5790264,0.6026185,0.483779,0.48959756,0.5304043,0.5809732,0.5875799,0.5060905,0.5305985,0.6447108,0.52366114,0.43672082,0.4095219,0.37178546,0.38176048,0.32273093,0.39475015,0.24079093,0.25628722,0.29616392,0.32470933,0.3583999,0.5543566,0.47642753,0.29381338,0.41794863,0.32698992,0.51068175,0.47791418,0.3828658,0.63660455,0.5665179,0.5314902,0.41392756,0.3890467,0.3989034,0.4052413,0.4240111,0.37083694,0.4696767,0.5677689,0.45030686,0.40263766,0.2897942,0.42497092,0.34665012,0.3321504,0.27913418,0.26485828,0.40910006,0.37884754,0.5389916,0.5792845,0.5262341,0.3217279,0.5701893,0.61510277,0.28236607,0.30326286,0.3178405,0.2947312,0.25937235,0.24309315,0.3090179,0.2878269,0.44193134,0.62918067,0.50009733,0.5609259,0.56221217,0.48918188,0.45492452,0.47664252,0.38001186,0.40817422,0.3481297,0.4057751,0.39747903,0.48504305,0.53644603,0.37021083,0.44836798,0.46056315,0.420572,0.5854739,0.5410267,0.51972485,0.4503802,0.30020177,0.3644006,0.35332188,0.41126102,0.36061975,0.35001135,0.3847941,0.34482253,0.48399058,0.43684897,0.4283589,0.4006715,0.4639536,0.5528423,0.38830656,0.41392842,0.49500757,0.44389552,0.32003033,0.42584798,0.38925564,0.35773596,0.3840023,0.37170762,0.39161083,0.30723208,0.46726778,0.61139935,0.47705144,0.34205407,0.37435478,0.5374025,0.6128674,0.52275515,0.51074445,0.5043755,0.5419858,0.5413748,0.40818992,0.54278266,0.3867604,0.39900258,0.54049975,0.46089876,0.45009965,0.47528312,0.43475157,0.47894377,0.47637632,0.46017048,0.42282107,0.3660222,0.53691095,0.42183903,0.32948896,0.38407907,0.4166534,0.43140143,0.4592264,0.43028706,0.42544103,0.60365367,0.5579382,0.46878922,0.5710586,0.45850092,0.56873375,0.6170111,0.42398342,0.34941038,0.3363887,0.38995314,0.42033723,0.38562697,0.3772667,0.38760853,0.47084075,0.43746197,0.42173246,0.4131895,0.3905695,0.51819235,0.49435377,0.46292007,0.41310525,0.31319812,0.42426804,0.38408595,0.38212103,0.38959303,0.44653228,0.2616929,0.5532162,0.5114352,0.4982863,0.5026176,0.49188358,0.5451175,0.5097859,0.50547904,0.49588206,0.5655446,0.46068212,0.4104353,0.38317758,0.41469762,0.37284368,0.28739223,0.3672181,0.25437883,0.21781652,0.31478766,0.3541619,0.390084,0.55842346,0.47320345,0.2906439,0.40359712,0.29031348,0.54161835,0.49293035,0.38423866,0.58715874,0.4645502,0.42446858,0.50672305,0.459989,0.42884877,0.43477735,0.5191352,0.3291369,0.43952966,0.5073549,0.41239277,0.431118,0.41574275,0.4559355,0.43383715,0.44036973,0.4468824,0.45709738,0.46278685,0.4417741,0.4440773,0.396295,0.4075391,0.486334,0.47799006,0.4849993,0.48314717,0.45162553,0.43295845,0.4466566
286,0.3936847,0.288376,0.3957484,0.32910478,0.30664,0.26844075,0.26747862,0.4177206,0.37222221,0.62042564,0.56005365,0.50933856,0.35214937,0.5679446,0.646114,0.2693763,0.31979153,0.30877262,0.3073655,0.2332665,0.23894691,0.3011347,0.27086648,0.43695718,0.53579295,0.4278502,0.61108786,0.5684509,0.53868604,0.38405052,0.41124788,0.40189773,0.32630336,0.3875803,0.44812414,0.41094866,0.4914588,0.5360745,0.3819129,0.46738276,0.43474066,0.36676365,0.6059601,0.6034688,0.517636,0.53087676,0.30477804,0.38916788,0.37117046,0.4439038,0.34137988,0.34044483,0.4124569,0.33867496,0.5072851,0.5393555,0.43332016,0.47340286,0.48340532,0.6174612,0.43833372,0.473506,0.5702583,0.43189585,0.33226937,0.43899325,0.37425223,0.4288271,0.41516876,0.34764615,0.41383865,0.40485215,0.54429907,0.49839744,0.47967532,0.45732328,0.3855647,0.66701823,0.66661966,0.5717292,0.633622,0.6560821,0.62266755,0.6846891,0.56827074,0.61313653,0.40174505,0.34189937,0.5596728,0.4518724,0.5741473,0.51302534,0.44397897,0.48557818,0.5160503,0.52204454,0.5447989,0.4778384,0.5909015,0.42138717,0.35055938,0.3845553,0.40660596,0.40955353,0.5215487,0.451168,0.39155468,0.65870434,0.58030397,0.4487974,0.6469719,0.48956522,0.6616453,0.6544962,0.51646596,0.3937487,0.40394092,0.3528073,0.3932653,0.35451892,0.35488024,0.40211153,0.42571035,0.3822643,0.3695038,0.36964083,0.42954472,0.44008514,0.4324417,0.47506583,0.38924,0.28875178,0.50760144,0.41118994,0.4336686,0.455162,0.57034934,0.3065992,0.572705,0.60961765,0.44345868,0.46038333,0.51468056,0.61243075,0.6025,0.51448786,0.5492847,0.69645065,0.5508838,0.4034836,0.39189857,0.36893302,0.3624225,0.33173314,0.36531606,0.22944906,0.25190935,0.29428038,0.30913946,0.34132662,0.51638883,0.4816014,0.29092965,0.40337208,0.3163713,0.5229754,0.5018081,0.36249673,0.667781,0.5829789,0.56996167,0.40052155,0.3758904,0.39414808,0.39253607,0.3717124,0.39257255,0.489739,0.59759164,0.48367587,0.40550974,0.27189735,0.40873894,0.34516954,0.3295462,0.27313682,0.25726074,0.40158466,0.37678918,0.5488176,0.616439,0.52838165,0.32589975,0.54380876,0.586927,0.2923563,0.31480265,0.28658092,0.29425123,0.25127122,0.22510055,0.30728093,0.26143494,0.44407186,0.6460695,0.49185485,0.5410204,0.51519865,0.47626176,0.4005193,0.41722786,0.36934695,0.36252126,0.32850727,0.3656623,0.39514562,0.5024255,0.55428404,0.36853665,0.4480529,0.46682155,0.4249176,0.6007495,0.5670038,0.52423435,0.46046162,0.2841368,0.3747195,0.36314484,0.42450708,0.3473955,0.32848582,0.37670362,0.32369208,0.48688892,0.4240759,0.4392875,0.40460217,0.4852599,0.57832175,0.38279158,0.43435153,0.5079548,0.42423448,0.28284806,0.41820914,0.36343372,0.3603686,0.36695337,0.3497304,0.37981704,0.27678213,0.47634488,0.62762594,0.44748884,0.32379323,0.37654057,0.5665643,0.60451806,0.5161584,0.50331557,0.52871895,0.57439584,0.5765772,0.44233522,0.57634777,0.36914027,0.3717066,0.5221619,0.4478803,0.48850182,0.45908445,0.4331058,0.4763824,0.47441038,0.46840745,0.43785957,0.3837463,0.5617871,0.392612,0.3074734,0.39336684,0.4242547,0.42926252,0.46419895,0.42486623,0.41864386,0.63515514,0.58199644,0.46800464,0.59454864,0.46922997,0.597367,0.6522555,0.40903112,0.33375475,0.33777788,0.3745573,0.4067099,0.35915053,0.35109103,0.37716457,0.4517912,0.4253517,0.3992618,0.3767623,0.36322957,0.46704897,0.46150365,0.44346973,0.3902984,0.28122833,0.4344817,0.38019234,0.36314923,0.36221004,0.47491586,0.2650617,0.5414461,0.5236143,0.46328548,0.47014642,0.45931694,0.5649729,0.49325174,0.5045386,0.50561607,0.6025672,0.4795291,0.3770334,0.34935212,0.4112728,0.36138692,0.28588605,0.32254916,0.23828584,0.21029608,0.31262177,0.33249888,0.37514395,0.5258072,0.45257744,0.27781773,0.3738574,0.26741824,0.5427865,0.5130674,0.3683135,0.58594507,0.46008396,0.43580726,0.5063839,0.4534819,0.42391393,0.41639274,0.46825778,0.3338733,0.4436389,0.52831084,0.4322147,0.4286283,0.4125595,0.4496186,0.41910467,0.4535983,0.46628594,0.46153912,0.4699792,0.44629467,0.44439337,0.37804142,0.38973784,0.49295017,0.49013028,0.4959789,0.49461424,0.46324617,0.4442907,0.4530629
287,0.39708364,0.2963028,0.38551646,0.3322277,0.31001744,0.27300802,0.2735961,0.4158627,0.37235987,0.61360574,0.54700965,0.49825397,0.36494985,0.541491,0.61340976,0.28785637,0.3323451,0.30021894,0.31174847,0.24128461,0.24238104,0.30388066,0.27229863,0.44495532,0.5292596,0.42121804,0.6018252,0.54165375,0.52091736,0.36320028,0.38045403,0.4104503,0.31902033,0.3907044,0.43707213,0.41088593,0.50210154,0.54413646,0.38908374,0.47172636,0.44642675,0.37555173,0.60810566,0.61660737,0.5178876,0.5289096,0.30980226,0.39747134,0.3805977,0.45081893,0.3371571,0.3364352,0.4096309,0.33046725,0.5092989,0.53916323,0.44266734,0.48528853,0.50221795,0.62433046,0.45044982,0.49155855,0.57791173,0.43740728,0.32559493,0.44640684,0.37928218,0.4415556,0.41093925,0.3570363,0.42738914,0.42496815,0.5545295,0.48987696,0.46551546,0.4514252,0.4000827,0.68160737,0.660221,0.5739872,0.5996118,0.6555961,0.62329686,0.70386744,0.59151316,0.6191865,0.39520004,0.3354322,0.54468274,0.45121875,0.5929052,0.5207741,0.4478516,0.48740843,0.50217307,0.53385866,0.5510806,0.5015274,0.6002984,0.4133699,0.3462904,0.39240998,0.41597348,0.4159291,0.5354281,0.46310234,0.39349082,0.6675503,0.5943359,0.44918582,0.6421713,0.49439648,0.67141837,0.6735972,0.5127417,0.3997037,0.41635966,0.3530513,0.38678104,0.34606108,0.34356883,0.409649,0.40538117,0.3824298,0.3502967,0.3492943,0.4121002,0.39919397,0.40126505,0.45711592,0.3766133,0.29472068,0.51323754,0.41907862,0.41828045,0.4619736,0.5806923,0.3109375,0.55279547,0.6029828,0.4130807,0.43051052,0.48627588,0.61318475,0.593495,0.49794498,0.5612956,0.7171383,0.56618,0.3865265,0.3887965,0.3680574,0.35211667,0.3404788,0.34517124,0.24013321,0.26720843,0.2975224,0.30767658,0.33255255,0.48677075,0.48440656,0.294783,0.40057027,0.31898245,0.52610344,0.52118796,0.35782984,0.66614395,0.5804749,0.5812436,0.39006534,0.3773157,0.39804545,0.38875368,0.34267852,0.41572827,0.5047255,0.60747284,0.5095009,0.4084677,0.27738652,0.397486,0.34920308,0.33265403,0.2765212,0.25918296,0.4022904,0.38262907,0.54054683,0.627278,0.5234867,0.33766052,0.51540387,0.546556,0.31109625,0.32350874,0.27705646,0.2998098,0.25784218,0.22858256,0.30773652,0.26175305,0.4483631,0.6469952,0.48328233,0.51616424,0.47491688,0.45707998,0.36974862,0.37185565,0.37380794,0.3437834,0.32160842,0.350869,0.3966068,0.5154328,0.56142193,0.37485206,0.4531366,0.47307086,0.43641248,0.60126066,0.58042127,0.5221561,0.46174783,0.28989893,0.38322386,0.37692556,0.42428035,0.3475362,0.32413715,0.37647754,0.3222501,0.49151453,0.4236174,0.44873232,0.40536362,0.50280446,0.5911174,0.38869107,0.4522778,0.50268966,0.41122612,0.26886496,0.40064365,0.3538167,0.36510205,0.3675411,0.34257272,0.38046417,0.27163088,0.4740326,0.6240786,0.42339122,0.32128862,0.3811029,0.57407224,0.5608512,0.48037055,0.4762121,0.5287103,0.5785391,0.59468883,0.46250853,0.58998626,0.36620024,0.3616236,0.502708,0.43515643,0.512704,0.43713105,0.43373322,0.4721447,0.44849753,0.47100258,0.44252634,0.40764514,0.57790434,0.37941667,0.30558673,0.40702587,0.437559,0.43173137,0.47093776,0.4260374,0.4174991,0.64495385,0.5908692,0.46622697,0.58907086,0.47859603,0.61230195,0.66951054,0.40323293,0.33497947,0.3447187,0.36803815,0.4014652,0.34700772,0.33581102,0.37287733,0.43306485,0.42102382,0.386492,0.35360417,0.34177864,0.42433035,0.431924,0.43050063,0.37972897,0.2732177,0.4306948,0.38125682,0.35428354,0.34213844,0.49023804,0.27384007,0.5222403,0.5257545,0.437183,0.43608606,0.4243389,0.55676603,0.4581811,0.47775877,0.513082,0.6193889,0.48766112,0.3628501,0.33087537,0.40895674,0.35655266,0.28989026,0.29498196,0.2466986,0.22416769,0.31419826,0.32783532,0.36586136,0.5012386,0.43128595,0.27606705,0.36030486,0.26622403,0.53660417,0.52535594,0.36614618,0.56185496,0.45085403,0.4400031,0.49985084,0.45205128,0.4243553,0.4069537,0.42674682,0.34480995,0.44881225,0.5333834,0.4524392,0.42791066,0.4153101,0.4472185,0.41204742,0.46567407,0.4823439,0.46509248,0.47570884,0.45167285,0.445162,0.3705923,0.38131368,0.49673635,0.49814236,0.5028809,0.50175947,0.47365344,0.45654225,0.4589147
288,0.39964083,0.32336566,0.38298777,0.34207314,0.32134908,0.28527492,0.28406143,0.4186502,0.37971413,0.5835353,0.50302845,0.4768772,0.38211358,0.51679945,0.571946,0.31079823,0.34126088,0.3076174,0.31641397,0.26366022,0.2624561,0.31064388,0.2970308,0.45219988,0.5117448,0.413633,0.5819312,0.5119672,0.49292672,0.36630234,0.36839682,0.43004194,0.33366054,0.4040141,0.44233447,0.4151839,0.50798965,0.54376984,0.40290943,0.47576886,0.46013883,0.3959317,0.5882102,0.61601985,0.51252884,0.5119945,0.3344193,0.39910844,0.3893226,0.43662024,0.34624434,0.34962147,0.41103715,0.3419195,0.5117379,0.53754854,0.45068562,0.48190284,0.5131184,0.6148039,0.46603745,0.5043025,0.5578161,0.4492249,0.3355127,0.44696054,0.3936946,0.45304957,0.4193825,0.37775353,0.4488318,0.44592902,0.53805375,0.47158423,0.44423,0.44886422,0.41264778,0.66589296,0.61570835,0.53482413,0.5377694,0.6185162,0.59144205,0.70174783,0.58660805,0.6035759,0.39809316,0.34650767,0.5165028,0.45497268,0.5920583,0.5107588,0.45071507,0.4877894,0.46452183,0.5328475,0.5354593,0.52132297,0.5979526,0.41663343,0.35844922,0.40406713,0.4310583,0.42530575,0.54525137,0.47511885,0.40042728,0.6547879,0.5948997,0.44981423,0.6086387,0.5000981,0.66593367,0.67188877,0.511223,0.4153106,0.4198105,0.36066243,0.39114887,0.3493771,0.34345508,0.41738388,0.39013544,0.390257,0.3406427,0.34231633,0.39651704,0.37142605,0.37582555,0.4403403,0.37676758,0.31737545,0.49359155,0.42680264,0.40658,0.45918408,0.56971663,0.31573105,0.5214005,0.5865871,0.39766452,0.40616733,0.45061454,0.5807966,0.5569976,0.4577608,0.5651418,0.7093249,0.56422,0.3837833,0.394514,0.37141815,0.3527621,0.34930453,0.33496174,0.27404872,0.3019738,0.3065556,0.32246032,0.33506444,0.47011712,0.48192477,0.30495334,0.40655977,0.3274617,0.5193775,0.5339882,0.36768326,0.63227755,0.5572712,0.5615053,0.3832224,0.38862687,0.40743154,0.39166152,0.33626235,0.43215406,0.5125971,0.597002,0.5245796,0.41052055,0.30603564,0.39397338,0.3583578,0.3416192,0.28927743,0.27068073,0.41076854,0.39488602,0.51623183,0.6123301,0.51294255,0.35694066,0.4908197,0.5021167,0.3365078,0.32612303,0.28901,0.31059167,0.2789847,0.25384533,0.3087069,0.2884666,0.45156348,0.63446194,0.47828478,0.49263602,0.4504655,0.43443123,0.36479113,0.34477603,0.3920733,0.35148162,0.32486358,0.36098215,0.40161997,0.522966,0.55900264,0.38834333,0.46266797,0.47940847,0.4545915,0.58764577,0.5812854,0.5165045,0.45395672,0.3164177,0.38796052,0.39189455,0.40924388,0.3593247,0.33671188,0.38362092,0.33994895,0.49877194,0.43441445,0.45497534,0.40234926,0.5142542,0.59017986,0.4046531,0.4646593,0.48033142,0.4079649,0.2750442,0.3740892,0.35977626,0.3691109,0.38565052,0.34886184,0.39088228,0.28967163,0.4593068,0.6058869,0.4091023,0.33247152,0.38675165,0.5601058,0.4866116,0.4195258,0.43120852,0.5054229,0.55390024,0.59559095,0.46413475,0.5832712,0.3784494,0.3668191,0.486833,0.42426637,0.5207989,0.41415006,0.4361914,0.4684943,0.40053073,0.46699437,0.43327323,0.4334336,0.58301204,0.3822642,0.32237616,0.42100462,0.45204812,0.4377157,0.47928578,0.43394262,0.41829965,0.6350589,0.5863734,0.46348298,0.5570283,0.48682487,0.612904,0.66945547,0.40644175,0.35157725,0.3541925,0.37006468,0.40379754,0.34817448,0.33229575,0.37439898,0.41696382,0.4218886,0.3826997,0.3450951,0.32818162,0.39634547,0.41104117,0.42555642,0.3816643,0.28634053,0.41045302,0.38629654,0.3554339,0.33122185,0.49161986,0.28560954,0.4998203,0.519501,0.4252168,0.4068115,0.39383522,0.521585,0.407365,0.42781952,0.517539,0.6177967,0.4830804,0.36667937,0.3262372,0.40996265,0.3595927,0.29910615,0.28406662,0.2801283,0.2592491,0.32001644,0.34256622,0.3642678,0.49038213,0.41219562,0.28504518,0.3618042,0.2829915,0.5247694,0.52968866,0.3775469,0.5201837,0.4383009,0.43678895,0.4890364,0.45252958,0.42643675,0.4050518,0.4014601,0.35764247,0.45283133,0.52265865,0.47071186,0.43006143,0.4232291,0.4476992,0.41286397,0.4747609,0.49348435,0.4675487,0.47879663,0.45658714,0.44643837,0.37260494,0.3815486,0.49780846,0.5016361,0.5059332,0.5050567,0.4817223,0.46865648,0.46348155
289,0.40235162,0.36455506,0.38975304,0.35839716,0.340475,0.30527982,0.30134803,0.4256487,0.39288336,0.53864074,0.44088975,0.45033118,0.40185922,0.49509847,0.52473396,0.333343,0.34527603,0.33035678,0.32176042,0.29835576,0.29710937,0.32084113,0.34205598,0.45652518,0.48769462,0.40701586,0.55755574,0.48737672,0.46186417,0.3878256,0.37398818,0.45293814,0.36150143,0.41912058,0.45586917,0.4220987,0.5101694,0.5357454,0.42197356,0.4788807,0.47358644,0.4254368,0.55054235,0.603427,0.50540125,0.48592067,0.372941,0.39424142,0.39655212,0.4061918,0.36584127,0.37630662,0.41589057,0.36928192,0.5142356,0.5304911,0.45522743,0.46585876,0.51461726,0.5910642,0.48154902,0.50873286,0.51478803,0.46398646,0.3565738,0.4413244,0.41261685,0.46119085,0.43749025,0.40369582,0.47037208,0.4594302,0.49648544,0.44810137,0.42067096,0.44903934,0.41981074,0.6230813,0.54083335,0.46464315,0.45942238,0.551533,0.5322746,0.68012375,0.5553971,0.56932193,0.40598923,0.37053198,0.48070675,0.46091506,0.5724174,0.4862112,0.45106667,0.488452,0.41361368,0.5207853,0.50180995,0.5338982,0.5822274,0.42754722,0.38416216,0.4161892,0.44706243,0.4360124,0.5483651,0.48402232,0.4092111,0.6221421,0.5820061,0.45140982,0.5552739,0.50567305,0.64574146,0.64863604,0.5081578,0.4351495,0.41311783,0.3738249,0.40463036,0.36242494,0.35603586,0.4239797,0.3807969,0.40365833,0.3405474,0.35086757,0.38886398,0.35801682,0.359211,0.4243084,0.3870608,0.3515821,0.4531186,0.43137652,0.4004209,0.4496376,0.54196095,0.32215023,0.485106,0.56468666,0.39956123,0.39335808,0.41823125,0.520685,0.49780244,0.40633208,0.5563013,0.67573595,0.54383373,0.39145675,0.40333068,0.37994924,0.3669226,0.36098102,0.33798417,0.32811123,0.35033542,0.3224059,0.35298485,0.3525017,0.46461567,0.47312146,0.3224185,0.41792637,0.3378043,0.50481546,0.5387328,0.38719466,0.5740551,0.51601744,0.51549965,0.38001502,0.4040163,0.42039517,0.3999077,0.34932566,0.43752646,0.5131124,0.56926477,0.52741814,0.41243014,0.352931,0.3998461,0.37258744,0.3563573,0.3112175,0.29319662,0.42471895,0.41137025,0.48309758,0.5766842,0.49930775,0.38083333,0.46991095,0.45871904,0.36332563,0.32244727,0.32093933,0.32440853,0.31283885,0.29975802,0.31092706,0.33900258,0.45232657,0.6110096,0.48040426,0.4780228,0.44690838,0.4146999,0.38216725,0.33809933,0.41743872,0.3785635,0.33457732,0.38850704,0.40965402,0.52488357,0.54833657,0.4076129,0.4744866,0.48591447,0.47674507,0.56215113,0.5726585,0.5118843,0.44060072,0.35861653,0.3878657,0.4062968,0.38399145,0.37913796,0.36245415,0.396437,0.37241596,0.5073544,0.44908687,0.45823333,0.3979264,0.51793325,0.5761314,0.4267855,0.46989602,0.448797,0.4140215,0.29809874,0.34617236,0.37958607,0.37268886,0.4178963,0.36639985,0.40784693,0.32620317,0.43555817,0.580504,0.40804827,0.35652664,0.3932133,0.5282425,0.4036923,0.3502392,0.38062903,0.4667401,0.50735825,0.5811883,0.44852448,0.55878735,0.40260792,0.38333476,0.4755136,0.4157571,0.51522434,0.39400458,0.43931642,0.4685514,0.34331656,0.45871007,0.4145885,0.45799276,0.5736015,0.39589748,0.35380352,0.4317386,0.46452275,0.44602382,0.48668867,0.44557288,0.41883758,0.6078746,0.5696397,0.4603992,0.5084674,0.49376065,0.5987721,0.6499527,0.41319326,0.37778872,0.3632965,0.38065174,0.41243047,0.3612903,0.34259978,0.3815715,0.40566114,0.4266256,0.38607135,0.35247207,0.3271903,0.38590598,0.40327507,0.42802253,0.39469332,0.31719723,0.37942716,0.3944646,0.36633018,0.33238298,0.4797133,0.29907545,0.47969875,0.50852966,0.43065852,0.38958836,0.3760283,0.46675336,0.35251093,0.36921883,0.51367694,0.5993419,0.46690425,0.38514027,0.3327271,0.41550595,0.37283817,0.31452015,0.2917242,0.33492535,0.31002825,0.33156916,0.37562433,0.37282288,0.4896529,0.3997664,0.30515805,0.37554136,0.31430414,0.5085825,0.52724546,0.39771652,0.47298312,0.42427787,0.42753327,0.47698027,0.45258126,0.42810467,0.4093076,0.39658025,0.37003294,0.454459,0.5017275,0.48464704,0.43508425,0.43503985,0.44894445,0.41970387,0.4801603,0.4996122,0.46818775,0.47821057,0.46042508,0.44867086,0.38271233,0.38948074,0.49559984,0.50092465,0.50558066,0.5051135,0.48594207,0.47855124,0.46627426
290,0.40699384,0.4093592,0.40601906,0.37981883,0.36531195,0.32974488,0.32461384,0.4359608,0.4094456,0.49321902,0.3806833,0.42637733,0.42179185,0.47723567,0.47762457,0.34885082,0.3420142,0.3656623,0.32697302,0.33886,0.34080526,0.33323437,0.39854822,0.4566482,0.46436116,0.40283707,0.53725845,0.47509456,0.43415996,0.41788322,0.3915093,0.46941775,0.39078784,0.42780375,0.46852958,0.43072054,0.51032794,0.52320075,0.4440659,0.4816195,0.48375076,0.458101,0.5057247,0.5833428,0.5001449,0.45658484,0.41474223,0.38442108,0.40074825,0.36782545,0.39123896,0.40946403,0.42322853,0.40448555,0.5164487,0.51641893,0.45557955,0.44471002,0.5085788,0.55974984,0.4924907,0.50332016,0.46117592,0.47511652,0.38097465,0.43384552,0.4283246,0.46292886,0.4587089,0.4260721,0.4844962,0.45916498,0.4400838,0.42592326,0.40180358,0.45066702,0.41945833,0.5630121,0.45981976,0.38642645,0.38745388,0.47406358,0.46139333,0.6445534,0.50619346,0.5257022,0.41396734,0.4001317,0.44546723,0.46687207,0.5402913,0.45534787,0.44826773,0.490414,0.36507973,0.50052416,0.4578622,0.5351841,0.5562242,0.44149956,0.41743758,0.42584223,0.45838046,0.4457206,0.543876,0.48809838,0.41598326,0.5766728,0.5595374,0.45422366,0.49847966,0.50968623,0.61553353,0.6075347,0.5004938,0.45032766,0.39650655,0.38884285,0.42247579,0.38105676,0.37948102,0.428358,0.37754482,0.41935256,0.34904465,0.37266657,0.3903732,0.35792404,0.35339215,0.40861103,0.4023084,0.3869771,0.40385538,0.4305572,0.40118253,0.4384314,0.5053709,0.32938346,0.45487192,0.54327035,0.41840467,0.39420193,0.39699268,0.4483536,0.43099108,0.3582389,0.5339881,0.62388015,0.50758004,0.40311918,0.4077427,0.3933767,0.39369163,0.37460104,0.35215828,0.3912256,0.39872962,0.34228048,0.39444765,0.38306287,0.46715182,0.4576024,0.3445504,0.43080565,0.34712312,0.4868364,0.5355931,0.40970695,0.5087113,0.4657264,0.45680162,0.3796237,0.41740432,0.4339749,0.4115356,0.37406373,0.4294711,0.50788385,0.531685,0.5193423,0.41586402,0.40629244,0.41522533,0.3912075,0.37553424,0.3387753,0.3246085,0.4414277,0.42956442,0.4517331,0.5307024,0.48703596,0.40525326,0.45284757,0.42202985,0.3848146,0.31257364,0.3678658,0.33747315,0.35333702,0.35974997,0.3153766,0.40450943,0.45047903,0.5829172,0.4899833,0.47677904,0.4639647,0.40213603,0.41410163,0.34906596,0.44020182,0.41332558,0.34655434,0.42213222,0.42112225,0.5227469,0.5327822,0.43038628,0.4867484,0.49253118,0.49854395,0.53162575,0.5586513,0.51140445,0.4240447,0.40604198,0.38291606,0.41714087,0.35377514,0.4029061,0.395095,0.41257328,0.41143546,0.51537025,0.45993817,0.45862225,0.3945959,0.5148083,0.5536191,0.44887057,0.4672938,0.41798517,0.424912,0.3315637,0.3256367,0.40703094,0.37484264,0.4556022,0.38996163,0.4274585,0.37090138,0.4086588,0.5568656,0.4202615,0.38923776,0.39946932,0.4868043,0.34016556,0.29269937,0.33983284,0.42634642,0.45319682,0.55599064,0.42231718,0.5239184,0.43000236,0.405875,0.46844304,0.41067615,0.50096685,0.38027355,0.44161794,0.47372487,0.29394937,0.44783008,0.39291045,0.47481507,0.5513857,0.4139616,0.39334822,0.43758804,0.47269648,0.45510203,0.4909748,0.45761257,0.4176062,0.5694697,0.5448291,0.45802516,0.45864305,0.4981021,0.5734182,0.6136207,0.41723615,0.40427455,0.36759365,0.3973591,0.42480177,0.38258907,0.36575693,0.39274958,0.4004736,0.4332985,0.39384642,0.37279335,0.33848995,0.3922207,0.4095228,0.43422893,0.41458505,0.35724092,0.34693336,0.40364528,0.38416624,0.34667984,0.45632797,0.3105394,0.46746126,0.49548742,0.4529219,0.38794732,0.37373787,0.40655,0.3075597,0.31789866,0.49916905,0.56785214,0.4423351,0.41069606,0.3445775,0.4255495,0.39620727,0.3335911,0.31469232,0.40077803,0.36250207,0.34687898,0.4216181,0.39045727,0.493658,0.39455548,0.33338007,0.39680406,0.3527263,0.49146226,0.52059335,0.41961545,0.43471178,0.41035828,0.41574267,0.46719262,0.45018283,0.4284327,0.41729802,0.41109255,0.37868872,0.45334932,0.47861475,0.49200556,0.44155738,0.4480954,0.44986668,0.42991164,0.4811987,0.50066805,0.4665093,0.47383937,0.46277553,0.45186782,0.397585,0.4026117,0.49059853,0.4967717,0.50236785,0.5028537,0.4851473,0.48400533,0.4667361
291,0.4145412,0.4491723,0.43088338,0.40400028,0.39248925,0.35515946,0.35104683,0.44816053,0.4267304,0.45896992,0.33769414,0.40970755,0.4409233,0.46455678,0.43897364,0.35701934,0.3352829,0.40753123,0.33299816,0.37854785,0.38731548,0.34694675,0.45533353,0.4526211,0.4469971,0.40022814,0.52539754,0.47664875,0.41333568,0.443703,0.41304335,0.47370934,0.40909335,0.42410105,0.47239095,0.44138286,0.50884193,0.5105707,0.46518072,0.48523247,0.48861608,0.4863243,0.46534693,0.5615592,0.4984302,0.43108234,0.4511348,0.37411565,0.4021551,0.33274972,0.4177294,0.44215757,0.43244013,0.44005075,0.5182915,0.49829602,0.4536887,0.42659175,0.4987845,0.52883095,0.49577406,0.4891372,0.409261,0.47794577,0.3995424,0.42699236,0.4336018,0.45548353,0.4752176,0.43711826,0.48753166,0.444204,0.38291585,0.4093619,0.39071423,0.45164856,0.41050526,0.50241303,0.39660075,0.32331234,0.3372303,0.40939108,0.39890674,0.6047822,0.45157418,0.4846291,0.4178968,0.4257982,0.41605705,0.47068676,0.50659937,0.4274024,0.44320685,0.49286294,0.33075944,0.47784775,0.41173816,0.5231734,0.5268779,0.4551077,0.45262912,0.43268594,0.46223915,0.4530854,0.53383595,0.48832098,0.42003685,0.53039235,0.5352919,0.45811722,0.45326173,0.5115166,0.5825026,0.55855167,0.49107012,0.45760006,0.3755903,0.4012556,0.43912792,0.40101764,0.4089466,0.4308252,0.38117576,0.4337749,0.36455172,0.40129063,0.3989915,0.3683056,0.3581839,0.39317194,0.41714126,0.41213256,0.3572842,0.4242271,0.40789387,0.43030667,0.47000068,0.33763272,0.43841258,0.5290994,0.44954044,0.40824386,0.38920057,0.38334984,0.37195402,0.3238782,0.50466716,0.5678194,0.46169809,0.4117404,0.40117666,0.41230628,0.42849383,0.38931927,0.37146446,0.45053968,0.4373585,0.36349505,0.43954775,0.42094132,0.47257942,0.43718812,0.36835903,0.44100377,0.35278875,0.47037396,0.52710444,0.4304234,0.45370725,0.4179111,0.40111423,0.3822457,0.42592144,0.44506192,0.42442805,0.39977583,0.4089854,0.49948525,0.49345636,0.5043433,0.42175996,0.45440412,0.43887153,0.41265225,0.3970061,0.36725417,0.35961744,0.45881996,0.4470946,0.42959356,0.48800966,0.47983983,0.42812082,0.44163,0.39861012,0.4001835,0.30133387,0.41995373,0.34861377,0.39357015,0.42170778,0.32256186,0.47128987,0.446648,0.5576757,0.50346553,0.48772904,0.49513555,0.39819548,0.44938958,0.37125403,0.45383874,0.44237357,0.3561458,0.45001394,0.4365567,0.51831114,0.5174524,0.45320076,0.49872568,0.49865893,0.5150865,0.50323254,0.5437224,0.5150519,0.40896314,0.4487435,0.37590578,0.42300454,0.3261216,0.42769107,0.42861414,0.4298185,0.4495302,0.52166617,0.4648536,0.45720196,0.39432243,0.507072,0.52886707,0.46548808,0.45858148,0.3945896,0.436372,0.36533862,0.31682825,0.4328669,0.37497985,0.48835155,0.412439,0.44585022,0.41194364,0.38517708,0.5415685,0.44143617,0.42200366,0.40418503,0.44776013,0.30803093,0.25778234,0.3166962,0.3974333,0.40760788,0.5276672,0.39644903,0.48930958,0.45240307,0.42748916,0.46408656,0.40969247,0.48460314,0.3760982,0.44267014,0.4826105,0.2626357,0.43750158,0.3739254,0.480812,0.52312976,0.4322485,0.43510863,0.43998602,0.47481027,0.46404108,0.49204838,0.46814868,0.41468278,0.53018004,0.5194616,0.45694828,0.4205334,0.49944782,0.5431776,0.56975514,0.41848788,0.42492178,0.36743465,0.41592813,0.4381743,0.40713778,0.3977922,0.4057736,0.40218687,0.4393249,0.40393186,0.39971235,0.35769337,0.41091427,0.42631778,0.43990844,0.43529084,0.39418155,0.32033405,0.4111069,0.40404782,0.3710416,0.4289256,0.31898737,0.46531668,0.4845093,0.48612332,0.40114072,0.3843887,0.35761067,0.27966902,0.2830518,0.47887793,0.5327409,0.415964,0.4337834,0.35518196,0.4401926,0.42730382,0.35352045,0.34449536,0.46466935,0.40557224,0.36355117,0.47138992,0.41389686,0.49724934,0.39428836,0.36457208,0.419522,0.38830152,0.4781345,0.51284,0.43836176,0.41337797,0.3985087,0.40534663,0.4620136,0.44481814,0.42718053,0.4261709,0.43753698,0.38128573,0.4492934,0.45975667,0.49247694,0.44821924,0.45985767,0.4509565,0.44136,0.4772146,0.4963582,0.4625166,0.46621653,0.4633311,0.4554234,0.4134429,0.4177165,0.4841513,0.48990762,0.49671122,0.49870434,0.4793338,0.4839984,0.4646609
292,0.4240494,0.47879106,0.46059465,0.42714134,0.41798508,0.38047665,0.37790483,0.460632,0.44309187,0.44059473,0.32095674,0.4038932,0.4578046,0.45546398,0.41343036,0.36434406,0.33546484,0.4472813,0.34446028,0.4134257,0.4305555,0.3629036,0.50080204,0.4461748,0.4387489,0.40018278,0.5167606,0.48717377,0.40071052,0.45232648,0.43058735,0.46428883,0.40799677,0.4060034,0.4605401,0.4546948,0.5027328,0.49884623,0.47984907,0.48969153,0.48690513,0.5022387,0.43700972,0.5397139,0.4967124,0.41610655,0.47679254,0.3695248,0.40278164,0.3135729,0.441898,0.46872792,0.44329125,0.47128135,0.51826036,0.4798155,0.4525165,0.41741738,0.48603815,0.50154984,0.48840365,0.46846,0.37112293,0.4692814,0.40536422,0.42213085,0.42810124,0.4392814,0.4814099,0.43547007,0.47877318,0.42086598,0.34119228,0.40407187,0.39114046,0.45226365,0.39737117,0.45825666,0.3659598,0.29255292,0.31680867,0.37590227,0.36170614,0.5674415,0.40541512,0.4541189,0.41755274,0.439523,0.3955345,0.46957868,0.48063052,0.41111913,0.4384379,0.49278262,0.31748548,0.4594101,0.37349898,0.49770555,0.49987677,0.4657387,0.48496878,0.4381403,0.45914307,0.45797995,0.51966363,0.485074,0.42459914,0.49293453,0.5142099,0.46198198,0.42765388,0.5086046,0.55033016,0.51127964,0.4841866,0.45967025,0.36073232,0.40942606,0.45010164,0.4197248,0.4376673,0.43350372,0.3946497,0.4444224,0.38763317,0.428846,0.41364622,0.38760564,0.3753616,0.3824845,0.42902994,0.42141104,0.32526347,0.41638786,0.41947183,0.42885342,0.44596875,0.35078388,0.4391475,0.5249118,0.48254052,0.4323115,0.39400643,0.34202918,0.33196318,0.31060368,0.47590986,0.5216435,0.4166001,0.41447097,0.38322377,0.43655595,0.46349254,0.40679088,0.39112544,0.4952,0.46304834,0.3854494,0.47904244,0.45851615,0.47157308,0.4157325,0.39286253,0.44507396,0.35553688,0.45961267,0.5147462,0.44658577,0.42052913,0.38163635,0.36483428,0.3918178,0.43136474,0.4516233,0.43759206,0.41751635,0.3836768,0.48878947,0.46044657,0.48428252,0.42908078,0.4894231,0.4666596,0.43357867,0.41815552,0.39337254,0.39246354,0.47504947,0.46226275,0.41935432,0.45899078,0.47891933,0.44790378,0.43563426,0.39134914,0.41359168,0.29893836,0.46431962,0.36035144,0.42777404,0.47093037,0.3345599,0.52403295,0.44292977,0.538562,0.51471907,0.5029499,0.52811396,0.40211284,0.47378564,0.39682308,0.45529538,0.45198363,0.36084908,0.46113804,0.45552948,0.51056534,0.50391793,0.47233632,0.5088714,0.501807,0.52088237,0.48004365,0.5286881,0.5175861,0.40166038,0.47931626,0.3717217,0.42395648,0.31109113,0.45146525,0.45776147,0.44645846,0.4815255,0.52401125,0.46408635,0.4560175,0.39978358,0.495064,0.50434715,0.47152653,0.4462649,0.3838752,0.4435025,0.38949403,0.32456103,0.4496233,0.37509716,0.506799,0.4296597,0.45891246,0.4407722,0.3737771,0.536031,0.4662441,0.44796917,0.409075,0.42216092,0.30982375,0.25209808,0.31636533,0.39006737,0.38321102,0.5011223,0.38245106,0.46226937,0.46583244,0.4414377,0.45980626,0.41330457,0.4711691,0.38542476,0.44331712,0.49137935,0.2551788,0.43181804,0.36346665,0.47696307,0.49457097,0.44847608,0.47389784,0.44146973,0.47066486,0.47257304,0.48955008,0.47465828,0.41338474,0.49783775,0.49819112,0.45650688,0.40186647,0.49606305,0.5118593,0.526798,0.4211813,0.43797556,0.36874947,0.43274045,0.45010024,0.43091816,0.43234333,0.41981757,0.4129416,0.4437997,0.4171143,0.42618236,0.38150364,0.43681866,0.4493776,0.443506,0.45162532,0.41883883,0.30827564,0.41635358,0.4219553,0.40095878,0.40918,0.32942325,0.47241113,0.47964856,0.51881003,0.425151,0.40349254,0.33345392,0.27324364,0.27075544,0.4589376,0.50333774,0.3968129,0.44670877,0.36138558,0.45847845,0.4608813,0.37447003,0.37316245,0.5125655,0.43559715,0.38135898,0.5118431,0.43913037,0.49249348,0.39652896,0.39447644,0.4373172,0.41246152,0.47221524,0.50461847,0.451424,0.41213405,0.39093295,0.40337965,0.46246326,0.43953836,0.4263466,0.43530232,0.4640347,0.38011014,0.44323578,0.44743776,0.4841697,0.45407507,0.46823898,0.454062,0.4531391,0.46808022,0.48622814,0.45637628,0.4560418,0.46175545,0.4582085,0.42790344,0.4324048,0.47738755,0.48060498,0.48827413,0.49162677,0.4688401,0.4778287,0.46011293
293,0.43232635,0.49634853,0.48759842,0.44398725,0.43752563,0.40522438,0.40141207,0.47196364,0.45799646,0.43688083,0.33314663,0.40976223,0.46943057,0.4467642,0.40048468,0.37687448,0.34994042,0.47643238,0.36471656,0.44143495,0.46494332,0.38227314,0.52712655,0.44024408,0.4387497,0.40417522,0.50172454,0.497218,0.39589858,0.43776232,0.43869066,0.44176152,0.38849127,0.37836888,0.43063188,0.470334,0.48915187,0.4852683,0.4842067,0.49339738,0.47935835,0.50128883,0.4238093,0.5154971,0.48847157,0.4132987,0.48875058,0.37464523,0.40391248,0.31731617,0.46145278,0.48520207,0.45540962,0.49521482,0.51440626,0.46381232,0.45275,0.4179949,0.46936083,0.47768456,0.4683003,0.4429573,0.35504282,0.44829577,0.39865762,0.4204547,0.41644907,0.41854593,0.47353607,0.4241407,0.45939496,0.39789203,0.3264129,0.4124007,0.40376326,0.4514976,0.38827923,0.4379369,0.37119818,0.30117497,0.32819194,0.37974638,0.35716254,0.53338325,0.378334,0.43637314,0.41419005,0.4384512,0.38667557,0.4615191,0.46630427,0.4113261,0.4366159,0.48476842,0.32708558,0.448601,0.35314175,0.46150222,0.47930226,0.47208232,0.5098634,0.4435223,0.4520132,0.46075258,0.5022879,0.47770202,0.4332832,0.46727282,0.4956283,0.46336326,0.4203482,0.4964494,0.51967144,0.47155797,0.4806735,0.45943758,0.35995787,0.41472346,0.45289773,0.4352172,0.45859316,0.43774843,0.4176853,0.45058414,0.41764814,0.4482283,0.431517,0.41170922,0.40401867,0.38075444,0.43658495,0.4160163,0.31688958,0.41253918,0.4336288,0.43458414,0.4373295,0.37257576,0.45415688,0.5264327,0.50525546,0.45878097,0.40747786,0.3313039,0.31729555,0.32104045,0.45234618,0.49090046,0.38246438,0.4109733,0.36078015,0.4622272,0.489054,0.42722744,0.40800512,0.5194405,0.47582245,0.40730667,0.505003,0.48700312,0.45549127,0.39718774,0.41623807,0.44217485,0.3591358,0.45637554,0.4979323,0.4569266,0.410738,0.36265296,0.35850322,0.4106494,0.43750846,0.45370224,0.45014748,0.42175078,0.36402854,0.47565478,0.43465552,0.45889822,0.43483433,0.50849307,0.49068034,0.44923148,0.4359608,0.415194,0.41823134,0.48813593,0.474073,0.42024097,0.4459621,0.48088688,0.462061,0.43196633,0.39779496,0.42786288,0.3134022,0.49115413,0.3753026,0.45240033,0.4977118,0.35396838,0.5525181,0.4416054,0.52297336,0.515527,0.51121324,0.54854566,0.41065133,0.47649333,0.4186812,0.44352075,0.43580446,0.36268896,0.4493866,0.4757672,0.49751663,0.48924297,0.485091,0.5143683,0.4991693,0.5130232,0.46210882,0.5104459,0.5112563,0.40501165,0.49344474,0.37441233,0.42069915,0.3158278,0.47206372,0.47829944,0.46123305,0.50390774,0.5198098,0.4583489,0.45567992,0.41170368,0.4789661,0.48026082,0.46313128,0.43140605,0.38806176,0.44184017,0.39990976,0.35267222,0.45322537,0.37867045,0.50327444,0.43945846,0.4610153,0.45342934,0.37993783,0.53359467,0.4859159,0.462267,0.41753933,0.41483825,0.34462556,0.2805612,0.34125638,0.40669364,0.3840879,0.4765634,0.38721368,0.4439542,0.46706194,0.44363695,0.4533303,0.42196906,0.46203482,0.40967134,0.44472516,0.4934776,0.27529928,0.43270645,0.36642778,0.46438736,0.46962023,0.46135563,0.50446564,0.44420055,0.4627567,0.48035982,0.48337224,0.4749317,0.41776344,0.47440127,0.4806865,0.45534125,0.40300852,0.48396373,0.48197022,0.48981038,0.428418,0.44396272,0.37723914,0.44558245,0.45771316,0.4505618,0.46114868,0.43437147,0.43209422,0.44733927,0.43412563,0.4456301,0.40691286,0.4626873,0.47169635,0.44326454,0.45951912,0.4290093,0.3183805,0.42038915,0.43539828,0.43106848,0.40471262,0.34823522,0.48358145,0.4794107,0.5379796,0.4519767,0.4248257,0.33926043,0.2920113,0.28391743,0.443052,0.48291466,0.39056826,0.44503343,0.3648488,0.47623906,0.4885535,0.39660746,0.39604008,0.53506124,0.45312712,0.40031546,0.5320812,0.46078613,0.47149706,0.39921275,0.41983378,0.4463062,0.42218465,0.47395656,0.49446777,0.45861858,0.42795524,0.38960442,0.41500297,0.46711364,0.43876088,0.4288226,0.44530243,0.47906083,0.3804428,0.4378666,0.43941987,0.46408606,0.45895585,0.47174206,0.46010396,0.46436104,0.4551853,0.47126904,0.44866678,0.4445312,0.45782846,0.45903894,0.43956882,0.44482034,0.47112286,0.46979043,0.47718224,0.4809538,0.45495668,0.46601918,0.4536582
294,0.4346418,0.50216967,0.50313103,0.44947174,0.44740593,0.42719284,0.4176211,0.48144335,0.4714683,0.44224185,0.369396,0.4233902,0.47171348,0.43637183,0.39620316,0.39374614,0.37681633,0.49038586,0.3905503,0.46102116,0.48664728,0.40400967,0.5331398,0.437314,0.44233403,0.41169602,0.47506055,0.4980487,0.39727044,0.4050154,0.43716133,0.40861836,0.360165,0.35038817,0.3876072,0.48697448,0.46935326,0.46706027,0.47940657,0.49492964,0.4698232,0.48559892,0.42435217,0.48724234,0.46977833,0.41848353,0.4873001,0.3875846,0.40419173,0.34186688,0.47498906,0.4903667,0.46797952,0.51025945,0.5067989,0.45118788,0.45229217,0.42405188,0.4490806,0.45647728,0.43744582,0.41413257,0.3614339,0.41906145,0.38731408,0.42280388,0.40273604,0.40001518,0.45048735,0.40641803,0.43274716,0.38037887,0.339939,0.42963403,0.42268613,0.44558036,0.38866496,0.43692645,0.4051037,0.34698114,0.36576033,0.41435817,0.38238487,0.50074846,0.37348384,0.42941278,0.4083865,0.42539546,0.3907113,0.44663864,0.46178332,0.42613825,0.4384102,0.46461612,0.3550878,0.44460475,0.35536757,0.42150447,0.46702278,0.4741446,0.5242489,0.44879565,0.44435894,0.46169117,0.48302966,0.4658672,0.44737014,0.45021,0.4760877,0.45961007,0.42301568,0.47321168,0.49028903,0.44093812,0.4774721,0.45676282,0.3735136,0.4191742,0.44772378,0.44584835,0.46698585,0.4426902,0.44414958,0.45340842,0.45004353,0.45569056,0.44754577,0.43264315,0.4365631,0.38620603,0.4378206,0.4002482,0.3336408,0.41492113,0.44628665,0.444389,0.44022772,0.4020417,0.47435024,0.5248777,0.50997645,0.47820517,0.42293927,0.34778413,0.32757145,0.35070926,0.4336358,0.47153652,0.36292374,0.40079558,0.34282205,0.4816679,0.4981949,0.44739786,0.42036515,0.52372766,0.4767557,0.42626888,0.5137221,0.50011426,0.42246863,0.3839619,0.43514135,0.4348508,0.36679375,0.45975786,0.47595888,0.46136314,0.41691962,0.3626229,0.38152853,0.43505913,0.44684488,0.45323604,0.46121824,0.41136622,0.35594776,0.46059892,0.4159162,0.42937484,0.43502915,0.5128849,0.5022136,0.4551653,0.4472127,0.43117478,0.43384868,0.49688882,0.4823289,0.42813364,0.44375464,0.48029217,0.46696544,0.4275234,0.41115218,0.4404809,0.3445693,0.49831152,0.39194158,0.4662906,0.5014278,0.38061908,0.5554439,0.4435062,0.50593334,0.5005972,0.5050404,0.547637,0.41905618,0.45610008,0.4331415,0.41944546,0.39975265,0.36544824,0.41669858,0.49417508,0.47949177,0.4698056,0.4916622,0.5134489,0.49038172,0.4940563,0.44807935,0.48650572,0.49177948,0.41616902,0.49118736,0.3838768,0.41393483,0.3398627,0.48734155,0.48781073,0.4733753,0.51549006,0.5090858,0.4483097,0.45469698,0.4266317,0.46059698,0.4569314,0.44098163,0.4139641,0.40337282,0.43046746,0.39928445,0.39869976,0.44281697,0.38741168,0.4751923,0.43982786,0.44761607,0.44987035,0.40040243,0.5238133,0.491173,0.4616584,0.4299006,0.42221636,0.40490344,0.34278476,0.38694298,0.43980414,0.4045007,0.4521867,0.4085824,0.4315203,0.45317754,0.43389854,0.4439317,0.43456537,0.45484465,0.44355893,0.44723186,0.48335585,0.3220076,0.43855578,0.38325477,0.44394252,0.45005646,0.46990317,0.52308553,0.44886115,0.4551075,0.48673156,0.47409412,0.46858862,0.42969826,0.45703286,0.4635791,0.45224816,0.41743806,0.4603684,0.45558563,0.460213,0.43889514,0.44336653,0.3929538,0.45376188,0.45830932,0.4635181,0.47728705,0.44807178,0.45411104,0.4515236,0.45324424,0.45395407,0.43018022,0.48082513,0.48474297,0.43555093,0.45655072,0.4275977,0.35131004,0.42288435,0.44304413,0.45552433,0.4136619,0.37717733,0.49068898,0.47671083,0.53559816,0.47214374,0.44140777,0.3697919,0.3351732,0.31963232,0.4305672,0.46782425,0.39488468,0.4281668,0.3683892,0.48698065,0.50223416,0.41777134,0.4120271,0.5314511,0.45935455,0.41877326,0.5287313,0.47384036,0.4322971,0.40091997,0.43853313,0.44660574,0.42038396,0.48019847,0.48110884,0.46151233,0.4509736,0.39469922,0.43672505,0.47240368,0.44524354,0.4361327,0.45656976,0.4769743,0.38485664,0.43588188,0.4319007,0.4325417,0.4635016,0.47027355,0.4677619,0.47334036,0.44105795,0.45444703,0.44009742,0.43302023,0.45170596,0.45731905,0.44774008,0.4533488,0.46582192,0.45931616,0.46501303,0.46792758,0.4397577,0.4505729,0.44615337
295,0.42762017,0.49831283,0.5023687,0.44167706,0.4461904,0.4431737,0.42467833,0.48859787,0.48304623,0.44922093,0.41760936,0.43712187,0.4624762,0.4228454,0.3943652,0.40915257,0.40736854,0.48960838,0.4144412,0.4715274,0.4952006,0.42472485,0.524014,0.438243,0.44298854,0.4195987,0.4380638,0.4848431,0.4007705,0.36580697,0.42876124,0.36998305,0.3342339,0.3297195,0.3408572,0.50179774,0.4472061,0.44369352,0.46950835,0.49400088,0.4627741,0.46146965,0.4341133,0.45620766,0.44098797,0.42386654,0.47528926,0.40239292,0.40061885,0.37702477,0.4814407,0.4850899,0.47952878,0.5151909,0.49750766,0.44187286,0.44821993,0.42920467,0.42704988,0.43745795,0.40205887,0.38486257,0.3840576,0.388299,0.3810129,0.429316,0.38910308,0.38960838,0.4156515,0.3856812,0.40462816,0.36957356,0.37499204,0.446548,0.4377699,0.43127477,0.3994454,0.4442745,0.45183745,0.41797101,0.4155392,0.463429,0.42631778,0.4677209,0.38718608,0.42841697,0.40011752,0.4066711,0.40499258,0.42757145,0.46167383,0.44862086,0.44274738,0.4327119,0.39101008,0.44399306,0.37772074,0.38660675,0.4629227,0.47295043,0.52777296,0.4535637,0.4385422,0.46119446,0.4642335,0.45021898,0.46507046,0.436266,0.45276916,0.44911486,0.4256531,0.441577,0.4629024,0.41827154,0.47092745,0.4493063,0.39457235,0.42399788,0.436817,0.45065773,0.4616512,0.44610053,0.46434748,0.45459822,0.4768962,0.45127192,0.45680028,0.4411768,0.46044496,0.39205337,0.43100792,0.37940183,0.36920807,0.42175677,0.45303112,0.45313552,0.4459689,0.43306684,0.4880473,0.5126418,0.4961779,0.48386824,0.43300843,0.38041517,0.35576928,0.3883331,0.41707534,0.45559865,0.35517803,0.38378942,0.33481377,0.4883808,0.49013394,0.4627867,0.42725864,0.5140388,0.46793824,0.43899408,0.5067361,0.49723506,0.3775954,0.37556246,0.44695535,0.42761207,0.37995738,0.466384,0.44939795,0.46118346,0.42750973,0.3779997,0.42348513,0.45641175,0.4595673,0.4523633,0.46975818,0.38870183,0.359435,0.44460052,0.40253627,0.39873123,0.42711315,0.5066778,0.49698558,0.44971028,0.4499937,0.4402997,0.43910614,0.50103164,0.48724937,0.4371175,0.44518742,0.472867,0.46083516,0.4190118,0.42226166,0.44674665,0.3847763,0.49035582,0.40607658,0.47090882,0.4885127,0.41061535,0.53971314,0.44799507,0.48394737,0.47029814,0.4827719,0.5243521,0.42225865,0.41940376,0.438714,0.3864169,0.35670832,0.37090793,0.37165472,0.50746053,0.4593432,0.44444567,0.49356186,0.5063871,0.47736222,0.46942154,0.4365402,0.45776296,0.46011668,0.42783853,0.47540227,0.3965755,0.40414616,0.3750283,0.49564943,0.48533782,0.4823072,0.5162828,0.4944529,0.43536457,0.45040488,0.43887419,0.44226956,0.4353484,0.4104691,0.3947321,0.42139468,0.4111171,0.3936234,0.45217687,0.42032766,0.39987576,0.42789206,0.43001518,0.4193555,0.43394378,0.42525056,0.4990226,0.47610748,0.4462998,0.44307557,0.43585762,0.47302514,0.42674458,0.44106004,0.47524357,0.43253213,0.42640293,0.43713644,0.42098823,0.42458984,0.41615263,0.43111402,0.44802314,0.44589508,0.47591338,0.45028675,0.4603899,0.38573498,0.44535723,0.40865362,0.41801324,0.43639898,0.47353116,0.52849996,0.45508194,0.45091152,0.49135667,0.46319512,0.45673025,0.44751328,0.44170538,0.44362444,0.44625193,0.4354179,0.42706648,0.43422675,0.43740758,0.4481257,0.43548292,0.41040662,0.4574438,0.45070806,0.46862128,0.47778636,0.45880747,0.47015283,0.4575486,0.4700356,0.45049816,0.44774106,0.48511508,0.4811722,0.41673198,0.44259414,0.4192891,0.39878848,0.4219744,0.44475672,0.46991876,0.4267251,0.41172275,0.48638043,0.46458602,0.5116006,0.47902164,0.44810486,0.41127196,0.39321718,0.3680655,0.41843328,0.45175344,0.4019131,0.39939624,0.3722488,0.4861315,0.49898663,0.4345936,0.42154524,0.5092807,0.45578203,0.43433127,0.50657696,0.47656307,0.37954393,0.3995233,0.45002097,0.4405762,0.41317937,0.48611757,0.46458998,0.46204713,0.46887055,0.40338802,0.45866257,0.47378415,0.45876622,0.44743115,0.46843994,0.45783427,0.3917039,0.43784007,0.42226964,0.39431402,0.46782613,0.46469176,0.4744053,0.47806007,0.4281176,0.43928313,0.43085986,0.4222372,0.4439261,0.45291954,0.45219022,0.45685914,0.4615458,0.45099297,0.45404202,0.45514908,0.42494026,0.4338887,0.43832928
296,0.41198283,0.48755375,0.48697177,0.42335114,0.43552938,0.45059955,0.42287344,0.49287337,0.49147278,0.4512489,0.46222678,0.44361094,0.44400454,0.40503076,0.3885657,0.4187886,0.43265608,0.4772474,0.4304529,0.47322714,0.49272272,0.4398132,0.50701845,0.4425035,0.43530867,0.4237576,0.3955486,0.45682162,0.4001505,0.33077767,0.4159555,0.3329381,0.3178919,0.32008436,0.2995524,0.5114015,0.4254154,0.41645268,0.4575709,0.4911639,0.45989394,0.43464163,0.4471548,0.42499313,0.40458605,0.42083955,0.4565784,0.41388664,0.3913527,0.40897146,0.48019642,0.471406,0.48827675,0.5095934,0.4886252,0.4358015,0.4388375,0.4285826,0.40509585,0.41990608,0.369597,0.3593549,0.4133672,0.36133084,0.3853445,0.43940377,0.37728903,0.38941783,0.37641945,0.36626345,0.38170975,0.36586058,0.42028996,0.45498452,0.44082034,0.40909198,0.41853783,0.44928548,0.4926138,0.49308166,0.4597415,0.5076777,0.4727808,0.43349308,0.4113751,0.42730248,0.39001724,0.3890584,0.42249283,0.40837798,0.46072936,0.47083768,0.44829437,0.39415568,0.42168778,0.44247565,0.4120956,0.36314362,0.4654435,0.46967047,0.5224885,0.45797214,0.43527055,0.4599523,0.44847316,0.432276,0.48249057,0.42119876,0.42525193,0.43190578,0.42111498,0.4070721,0.4393144,0.40161076,0.45951676,0.4352921,0.41362795,0.42956385,0.42311865,0.4494836,0.44475436,0.44621047,0.47029075,0.455024,0.4909791,0.43730775,0.45648414,0.43148115,0.46534115,0.3918554,0.41657293,0.35916823,0.41217363,0.42982313,0.45101276,0.4561521,0.44572318,0.45767015,0.48639685,0.4868606,0.46834627,0.47375375,0.43191236,0.41441503,0.39054227,0.4200338,0.40108302,0.4366696,0.3540822,0.36167216,0.33741897,0.48155484,0.46962768,0.47025436,0.42796314,0.49824592,0.45240596,0.44334373,0.48897827,0.4825263,0.32934865,0.36938313,0.45079976,0.4247646,0.39868817,0.47185808,0.42017126,0.458456,0.4321138,0.40132087,0.46879256,0.4665418,0.47469023,0.45220333,0.4746255,0.35809067,0.37142006,0.42869616,0.39188913,0.37028095,0.41214135,0.49441367,0.4773996,0.4351202,0.44474944,0.44224235,0.43592393,0.5010909,0.4892376,0.44195172,0.44499254,0.4572526,0.44618917,0.40369898,0.42283797,0.44534355,0.42366347,0.4737847,0.41477087,0.46892008,0.46743405,0.43766803,0.51592463,0.45395967,0.45655012,0.4294162,0.4464146,0.48283327,0.41569752,0.3759409,0.43403018,0.3501577,0.31787303,0.37819606,0.3253009,0.5130313,0.44014314,0.41462907,0.4913592,0.49503258,0.46230835,0.44360584,0.4267803,0.42687014,0.4198889,0.4314934,0.45020798,0.4085932,0.39205617,0.4088897,0.49649936,0.47166017,0.48756146,0.507253,0.47876817,0.42231184,0.44044352,0.44380882,0.4252036,0.4165238,0.3787848,0.3756684,0.4330594,0.3860911,0.38829935,0.49903995,0.3895944,0.41190287,0.37301442,0.41172674,0.38239366,0.41220888,0.44417688,0.4576898,0.4403139,0.42010412,0.45294577,0.44751295,0.52683955,0.509112,0.48767176,0.4994698,0.45551696,0.3984272,0.46158516,0.40891153,0.38643405,0.39665106,0.4134478,0.45894632,0.4329259,0.49569583,0.4530315,0.4291901,0.44876665,0.44865468,0.4333796,0.3900602,0.4289977,0.4725199,0.52193046,0.46219045,0.45143807,0.49473447,0.4524969,0.44119912,0.46721572,0.42590025,0.41985756,0.43667606,0.44780198,0.39032924,0.41876215,0.42062506,0.45219862,0.42007518,0.42290738,0.45679623,0.43618014,0.46624535,0.46391907,0.4647554,0.47259668,0.4655371,0.47995612,0.43723333,0.45717058,0.4725918,0.45778087,0.38629887,0.42003104,0.40835452,0.44663408,0.4161783,0.44131884,0.4722617,0.433401,0.44361994,0.46721095,0.44062027,0.47179443,0.47078323,0.44260198,0.44704637,0.44877145,0.41462907,0.40487644,0.4302062,0.40352497,0.36446822,0.37370458,0.47417054,0.48229825,0.44454738,0.42471462,0.4797793,0.44521162,0.44508812,0.47508886,0.470864,0.32181954,0.39141977,0.454552,0.43105176,0.40606704,0.48788336,0.445943,0.46141654,0.472486,0.41035402,0.47161052,0.46782976,0.4770228,0.4605903,0.47951722,0.42504042,0.3974682,0.44232383,0.40959665,0.3561317,0.47087935,0.45604047,0.47803256,0.47732842,0.41765574,0.42802,0.42078143,0.4124679,0.4353165,0.44604582,0.45283437,0.45508927,0.4582404,0.44575423,0.4458373,0.44492605,0.41130385,0.41790438,0.43067822
297,0.39230782,0.4714781,0.46348974,0.4004828,0.4190175,0.44743127,0.41221848,0.4932018,0.49449068,0.44350088,0.48819774,0.43840048,0.42253497,0.38401943,0.37562862,0.42249593,0.44698358,0.4557012,0.4356555,0.46577057,0.48066902,0.4435169,0.48654,0.44753373,0.41662142,0.42045194,0.35350782,0.41662103,0.39050442,0.30621386,0.40124586,0.30384743,0.3138205,0.3225565,0.27074093,0.51314545,0.40448633,0.3872709,0.44450694,0.4864559,0.458546,0.4089848,0.45642507,0.39532328,0.36444214,0.4035724,0.4356031,0.41947952,0.37793118,0.42565545,0.47149366,0.45263675,0.49197438,0.4958732,0.48045942,0.4325416,0.42386904,0.419683,0.38401508,0.4022934,0.34584376,0.34092084,0.43832025,0.34142268,0.40038416,0.45094156,0.36876062,0.396575,0.3409322,0.35169542,0.36852548,0.3689173,0.4622461,0.4501628,0.42884097,0.3825893,0.4408576,0.44473445,0.51262724,0.5496452,0.4835974,0.53191006,0.50518876,0.39906377,0.43514785,0.42041147,0.37886372,0.37729228,0.43425393,0.39260003,0.45630702,0.48646814,0.45391536,0.35601136,0.43523744,0.43591568,0.44697088,0.3524445,0.4707921,0.46431503,0.51138115,0.46081322,0.4331007,0.45751417,0.4359921,0.41384736,0.49419475,0.4026587,0.3953849,0.40962473,0.40567926,0.37572584,0.42037958,0.38849992,0.44395915,0.4156736,0.4225788,0.43530655,0.40960273,0.44256085,0.4215271,0.44234237,0.45882583,0.45332664,0.48856914,0.41770387,0.4461643,0.4040966,0.448296,0.38322723,0.39756954,0.34420174,0.44927877,0.43630564,0.43959358,0.44995537,0.43355474,0.4688294,0.46589023,0.4491074,0.43268386,0.45024875,0.41729054,0.43593144,0.41980106,0.43445745,0.38566378,0.41152138,0.35482305,0.33798015,0.3479657,0.4660518,0.4440067,0.46801782,0.42217922,0.48131168,0.43326524,0.43841112,0.46589535,0.46191108,0.28686282,0.36277366,0.44578442,0.42860362,0.42019996,0.47273982,0.39093566,0.454258,0.42364398,0.4239332,0.5019901,0.46208525,0.48955008,0.451612,0.47402382,0.32563525,0.3870262,0.41419154,0.38094077,0.34662116,0.39442942,0.4783747,0.45058343,0.41624886,0.43331882,0.43631855,0.42546314,0.4977529,0.48801178,0.43893078,0.43871614,0.4348006,0.42866594,0.3825093,0.40935358,0.43930325,0.45163468,0.4524633,0.41654208,0.46121207,0.44384658,0.45366603,0.491985,0.4588658,0.4253941,0.38500655,0.40123788,0.43038765,0.39712888,0.33482304,0.41953075,0.31806147,0.29052502,0.38548377,0.28799593,0.5095949,0.42297995,0.3832968,0.48442414,0.48161024,0.44604647,0.41949642,0.41789222,0.3957951,0.3757683,0.42133635,0.42153978,0.41686386,0.37957084,0.42935556,0.49049643,0.4503521,0.48825344,0.49176505,0.46318984,0.41266513,0.42358163,0.4389163,0.40918228,0.40024117,0.35229555,0.35843053,0.43189248,0.35947037,0.38655242,0.52746445,0.35593948,0.41854116,0.32335764,0.38855365,0.344777,0.391789,0.4506144,0.4048494,0.3899654,0.38867757,0.4564898,0.4512044,0.5494183,0.56652415,0.51278,0.50414145,0.46364528,0.36898512,0.47324136,0.39309973,0.346761,0.38103065,0.39118388,0.4655245,0.4164808,0.49777076,0.45492086,0.39706483,0.49152896,0.44509786,0.44804803,0.36329052,0.42692828,0.46770808,0.5063865,0.46793422,0.4549073,0.49655303,0.4422354,0.42425594,0.4835472,0.40861797,0.3941755,0.42352894,0.4475964,0.35791826,0.4086818,0.40906584,0.45003456,0.39973864,0.42613548,0.45203993,0.41837782,0.45781854,0.44040754,0.46518952,0.45838878,0.47344786,0.48047426,0.4178295,0.4569307,0.44497037,0.41769555,0.34894004,0.39344266,0.39802244,0.48056418,0.40589297,0.4336738,0.4614896,0.42703947,0.46374422,0.43414667,0.40691468,0.42435256,0.44987488,0.42511874,0.46431458,0.48432446,0.44435498,0.3907729,0.40236545,0.3950502,0.33007973,0.37031612,0.45631775,0.45946395,0.4456704,0.42169923,0.45140982,0.43134612,0.4491375,0.4434285,0.45973712,0.26991206,0.37447008,0.45108667,0.42153955,0.40147138,0.48467636,0.42628112,0.45945424,0.4576059,0.4107946,0.47111598,0.45454195,0.49552712,0.4720347,0.48717892,0.38599825,0.3995527,0.4471142,0.39322302,0.32402188,0.47168794,0.44562986,0.47794187,0.47142193,0.40967357,0.42117,0.4103985,0.40430498,0.42679232,0.43741736,0.44941676,0.44870803,0.455889,0.44371408,0.44069952,0.4382783,0.39934602,0.4043468,0.42349347
298,0.37521392,0.45228067,0.44097537,0.3806392,0.40212974,0.4340549,0.39339268,0.48815894,0.48944902,0.42346466,0.48407197,0.42042243,0.40626585,0.36444044,0.35703662,0.4227783,0.44728565,0.42825326,0.42958575,0.45021105,0.46147096,0.4319786,0.46574605,0.44841945,0.38728046,0.4075005,0.3181516,0.37018317,0.37113294,0.29584587,0.38888943,0.28629142,0.32260722,0.33695725,0.2592689,0.50609785,0.3845014,0.35845467,0.43080768,0.4786614,0.453443,0.38787907,0.45454612,0.36773914,0.3265697,0.37158293,0.41656476,0.4183454,0.36498588,0.41926757,0.45663422,0.4332043,0.48806366,0.47888803,0.47135326,0.43066737,0.40399256,0.40153754,0.36412492,0.3832088,0.3340215,0.3301397,0.44708493,0.33090732,0.4230276,0.46004733,0.36358163,0.40459058,0.31530792,0.34295174,0.36610752,0.37601665,0.48614872,0.4303584,0.40352792,0.35623,0.4582899,0.4261275,0.5023501,0.5697893,0.4784764,0.52621436,0.5103264,0.36706445,0.44640124,0.40387905,0.3668591,0.37420756,0.43326172,0.3823202,0.44749314,0.49105293,0.4582893,0.3245056,0.4241399,0.42059824,0.46968848,0.35157415,0.47318485,0.45596227,0.4971365,0.45887682,0.42859724,0.4518911,0.4241972,0.39646316,0.4937396,0.37950307,0.36627546,0.38541073,0.3778638,0.35226387,0.40492854,0.37596494,0.42561623,0.3933552,0.41603127,0.44002628,0.39929268,0.43074724,0.39986494,0.43429485,0.43153474,0.44619542,0.46952957,0.39859346,0.42771578,0.36566174,0.41387716,0.36685908,0.37861884,0.33720887,0.46787414,0.43873775,0.42060885,0.432555,0.4067401,0.4628745,0.42836463,0.40413758,0.3972136,0.41997865,0.39141637,0.4342756,0.4331955,0.42525375,0.37092018,0.3789532,0.3522578,0.3165041,0.36190102,0.45004198,0.42171448,0.455926,0.41144747,0.46657604,0.41414246,0.42582557,0.44419047,0.44214264,0.25817057,0.35390782,0.4315397,0.4389118,0.43856326,0.46738878,0.36435696,0.44819865,0.398289,0.437723,0.51065964,0.4448285,0.49877053,0.44730005,0.4651845,0.29882866,0.39877337,0.40226364,0.36689612,0.32928577,0.37993962,0.46034893,0.42590553,0.39938876,0.4191876,0.42339456,0.40924287,0.4913395,0.48225644,0.42637563,0.42144483,0.40862355,0.41509938,0.36109883,0.3845587,0.4335672,0.4615698,0.42952254,0.4114148,0.44893873,0.42225316,0.45212987,0.4729837,0.45794505,0.3929975,0.34482855,0.3565647,0.37766722,0.36864102,0.30480334,0.40016413,0.29694813,0.2803068,0.39183086,0.2677548,0.497739,0.40721825,0.3537916,0.47238323,0.4676347,0.42837435,0.3993869,0.40818802,0.36553955,0.3341883,0.3963699,0.39655498,0.4194724,0.36993477,0.42796692,0.47870892,0.42737573,0.48303866,0.4747372,0.4470852,0.40886387,0.4000444,0.42383704,0.3939055,0.38510975,0.33584645,0.3430675,0.41473544,0.33778873,0.3908728,0.5305116,0.3257544,0.41578546,0.28821224,0.36477372,0.31283584,0.37945318,0.44081393,0.35007834,0.33698314,0.35769743,0.4522372,0.44265532,0.532651,0.5850248,0.50696903,0.48613226,0.45034018,0.34022593,0.46650338,0.37251887,0.31311414,0.37337017,0.36863688,0.46819976,0.3983812,0.48423436,0.45580846,0.37107423,0.5000935,0.4328631,0.44557315,0.33934417,0.4268044,0.45997205,0.4856077,0.4682432,0.45641896,0.49471796,0.43085957,0.40838555,0.48996153,0.38946262,0.36995414,0.40773803,0.4299264,0.3354519,0.40184364,0.4013837,0.4423589,0.3793969,0.41855574,0.44455722,0.40186948,0.4454714,0.41492486,0.46085343,0.4293996,0.47669458,0.47075158,0.39774796,0.44756734,0.409173,0.37005153,0.31218153,0.36870757,0.39141414,0.49004862,0.3933088,0.423517,0.43885133,0.40560338,0.46560967,0.39206585,0.3680226,0.37916103,0.42250326,0.39944744,0.45599836,0.48907125,0.44644383,0.37800607,0.37037635,0.37494284,0.30232945,0.36266926,0.4402348,0.4392658,0.43731064,0.41491768,0.42981195,0.41858745,0.4457985,0.42005974,0.44666073,0.23377259,0.35071284,0.43885592,0.41663104,0.40015945,0.47828847,0.40654385,0.45522052,0.42439485,0.40263784,0.45662805,0.43750495,0.50709194,0.47608727,0.4874375,0.35219717,0.39641374,0.44983077,0.37224257,0.30226865,0.47082594,0.43543088,0.47416207,0.46210793,0.40358564,0.4181262,0.40126863,0.39865094,0.41917053,0.4283159,0.44195205,0.4393639,0.4543516,0.4444661,0.43801722,0.43504018,0.38999674,0.39515665,0.41705245
299,0.36672762,0.43346944,0.42635423,0.37036398,0.39140868,0.41598368,0.37172937,0.4766223,0.47458425,0.39379916,0.44875973,0.3937113,0.40085304,0.35180938,0.33709505,0.42181432,0.43349588,0.40119842,0.41510764,0.431233,0.44121012,0.40864217,0.4480912,0.44039705,0.35246962,0.387299,0.29470214,0.32604632,0.34567645,0.30141202,0.38300914,0.2811124,0.34336346,0.36140507,0.26742098,0.49062017,0.3668668,0.3331312,0.41776448,0.46628442,0.44075593,0.37415734,0.4383421,0.34326848,0.29783005,0.33090356,0.40109223,0.41123214,0.3572791,0.3891439,0.4370499,0.41620737,0.47461805,0.46186614,0.45934737,0.42770773,0.3810054,0.37543443,0.34650013,0.36378273,0.33532244,0.32602787,0.4322211,0.33104798,0.44961783,0.46357688,0.3608108,0.40733832,0.3032042,0.33927098,0.37274563,0.38278812,0.48138085,0.3991854,0.37182504,0.33529022,0.46348318,0.39326453,0.46002883,0.54490554,0.44520614,0.48770773,0.48241943,0.34092987,0.43705153,0.37857348,0.3553001,0.38158467,0.41854483,0.3782759,0.43357626,0.48286188,0.46011013,0.3044293,0.38959748,0.39532945,0.4711222,0.3559255,0.46785685,0.44335064,0.48096198,0.44920546,0.41837892,0.4413155,0.41070512,0.38062096,0.47642314,0.35314146,0.34160155,0.36366978,0.34108862,0.3394599,0.39163598,0.36247888,0.4051943,0.37040952,0.39259174,0.44283858,0.39441076,0.41597128,0.3864074,0.42248732,0.39421502,0.4309477,0.43722937,0.38645583,0.40589112,0.3263149,0.37213528,0.34522253,0.3642645,0.33903795,0.4603878,0.43523252,0.39859626,0.40553185,0.36753157,0.44206473,0.38181138,0.35926023,0.37045747,0.39157167,0.3612054,0.40525764,0.4247416,0.3941052,0.35655022,0.34103712,0.34196985,0.30033115,0.3742839,0.44005784,0.40949482,0.43753663,0.39994073,0.4569529,0.3981825,0.41099593,0.43037704,0.42977244,0.24796675,0.34191582,0.41154373,0.45369196,0.44848764,0.45640594,0.34265783,0.43851593,0.3592687,0.43745914,0.48923334,0.42057705,0.49628606,0.43600047,0.44626868,0.2842073,0.39911717,0.39336473,0.34958306,0.31973073,0.37393153,0.44281787,0.41052556,0.39022416,0.40776062,0.40875685,0.3926093,0.4812698,0.4702085,0.40653282,0.39228672,0.38352537,0.4100241,0.3458103,0.35525945,0.43099347,0.45199034,0.4101236,0.4021103,0.43659014,0.40807715,0.4346896,0.46178097,0.44674787,0.36342365,0.316242,0.3225351,0.33600435,0.3366368,0.29190695,0.38313153,0.29044232,0.290782,0.39696905,0.2684553,0.47944564,0.39271832,0.32946703,0.456139,0.45338827,0.409699,0.38501137,0.39729849,0.33816105,0.3025576,0.36100656,0.37943727,0.4163471,0.36592832,0.40358227,0.46148106,0.40733412,0.47054696,0.45854723,0.42966422,0.41004798,0.37236488,0.4010396,0.38055336,0.37054446,0.33251056,0.32926863,0.38332942,0.32680777,0.40321967,0.507819,0.30469862,0.40198806,0.27186322,0.34457493,0.29032746,0.3794639,0.41411477,0.3045237,0.2949379,0.33310264,0.43983182,0.42088708,0.4800051,0.5622758,0.46933803,0.44837326,0.41462252,0.31513295,0.4390157,0.34861267,0.29038668,0.37611896,0.3522904,0.468756,0.38011703,0.46167058,0.45542085,0.3565116,0.47242734,0.41243103,0.42333025,0.31836486,0.4241601,0.44902578,0.46199664,0.4592874,0.45104426,0.48665994,0.41729507,0.39497736,0.4809268,0.36967307,0.3503717,0.3911281,0.39543,0.3250942,0.39616963,0.39625886,0.42932585,0.36252132,0.40081578,0.43705505,0.38968855,0.43153638,0.3950078,0.45375687,0.39175084,0.47084677,0.45119703,0.38282758,0.4339756,0.37497655,0.32636857,0.2822382,0.35118103,0.39116895,0.47149372,0.381373,0.41385585,0.41051045,0.37170652,0.44966134,0.3491164,0.33010942,0.34584376,0.39666203,0.37329474,0.42167142,0.46148714,0.4206081,0.36717314,0.33838543,0.34430856,0.28511935,0.35331088,0.43116206,0.4283556,0.42286998,0.4095859,0.418537,0.4098444,0.43812704,0.41136792,0.4362062,0.21855451,0.32537216,0.4213702,0.41959777,0.40272567,0.47134796,0.38817883,0.44714123,0.3795135,0.38658702,0.43044063,0.4218839,0.504789,0.46745583,0.4772651,0.33418193,0.38679183,0.4488354,0.348369,0.29349416,0.4701087,0.42756003,0.46733108,0.45188195,0.39926878,0.41805995,0.39513668,0.39623883,0.41321245,0.42034268,0.43145615,0.42933068,0.4533481,0.4473825,0.43709025,0.43459976,0.38453385,0.391817,0.41192192
